Replicon Accession,Start,End,Size,GI Prediction Program
NC_002695.1,1189828,1199649,9821,islandpick
NC_002695.1,1271674,1292469,20795,islandpick
NC_002695.1,1385629,1395427,9798,islandpick
NC_002695.1,1405284,1417793,12509,islandpick
NC_002695.1,1774325,1796844,22519,islandpick
NC_002695.1,1941077,1958065,16988,islandpick
NC_002695.1,2668068,2679987,11919,islandpick
NC_002695.1,2680040,2688783,8743,islandpick
NC_002695.1,2896412,2905696,9284,islandpick
NC_002695.1,3482002,3490215,8213,islandpick
NC_002695.1,5043954,5074559,30605,islandpick
NC_002695.1,5370269,5386178,15909,islandpick
NC_006350.1,1322434,1334495,12061,islandpick
NC_006350.1,3098599,3107131,8532,islandpick
NC_004431.1,264591,282773,18182,islandpick
NC_004431.1,287847,299547,11700,islandpick
NC_004431.1,334365,347829,13464,islandpick
NC_004431.1,1175650,1185349,9699,islandpick
NC_004431.1,3470573,3480208,9635,islandpick
NC_004431.1,5116814,5127865,11051,islandpick
NC_003197.1,2877966,2895806,17840,islandpick
NC_003197.1,2895879,2906253,10374,islandpick
NC_003197.1,4658029,4670979,12950,islandpick
NC_007946.1,4799842,4809478,9636,islandpick
NC_007946.1,4865615,4879285,13670,islandpick
NC_003485.1,311382,323333,11951,islandpick
NC_004578.1,17605,40944,23339,islandpick
NC_004578.1,44066,57265,13199,islandpick
NC_004578.1,61684,70795,9111,islandpick
NC_004578.1,215994,232227,16233,islandpick
NC_004578.1,309011,323982,14971,islandpick
NC_004578.1,1166305,1174869,8564,islandpick
NC_004578.1,1175225,1183588,8363,islandpick
NC_004578.1,1188998,1204049,15051,islandpick
NC_004578.1,1204152,1215623,11471,islandpick
NC_004578.1,1819649,1829941,10292,islandpick
NC_004578.1,2249814,2264664,14850,islandpick
NC_004578.1,2566662,2581182,14520,islandpick
NC_004578.1,2642872,2654384,11512,islandpick
NC_004578.1,2815009,2823712,8703,islandpick
NC_004578.1,3613274,3621716,8442,islandpick
NC_004578.1,4543988,4563563,19575,islandpick
NC_004578.1,4580216,4588422,8206,islandpick
NC_004578.1,4796689,4807220,10531,islandpick
NC_004578.1,4810487,4820574,10087,islandpick
NC_004578.1,5098877,5111030,12153,islandpick
NC_004578.1,5282067,5308054,25987,islandpick
NC_004578.1,5327344,5343194,15850,islandpick
NC_004578.1,5366134,5374477,8343,islandpick
NC_004578.1,5383279,5406598,23319,islandpick
NC_004578.1,6145200,6154048,8848,islandpick
NC_006511.1,2703957,2727924,23967,islandpick
NC_007958.1,7425,46264,38839,islandpick
NC_007958.1,46864,70121,23257,islandpick
NC_007958.1,415625,424369,8744,islandpick
NC_007958.1,835418,851799,16381,islandpick
NC_007958.1,1178957,1191716,12759,islandpick
NC_007958.1,1676746,1690493,13747,islandpick
NC_007958.1,2386063,2400825,14762,islandpick
NC_007958.1,2405978,2427581,21603,islandpick
NC_007958.1,2546772,2565709,18937,islandpick
NC_007958.1,4051507,4063267,11760,islandpick
NC_007958.1,4073927,4091274,17347,islandpick
NC_007958.1,4730752,4739260,8508,islandpick
NC_007778.1,219187,231500,12313,islandpick
NC_007778.1,1059945,1070907,10962,islandpick
NC_007778.1,1674461,1684645,10184,islandpick
NC_007778.1,1689289,1700401,11112,islandpick
NC_007778.1,1717777,1751976,34199,islandpick
NC_007778.1,1836974,1874501,37527,islandpick
NC_007778.1,1888384,1904136,15752,islandpick
NC_007778.1,2324632,2333786,9154,islandpick
NC_007778.1,2496361,2510753,14392,islandpick
NC_007778.1,2568318,2594049,25731,islandpick
NC_007778.1,2890760,2906028,15268,islandpick
NC_007778.1,3470577,3488125,17548,islandpick
NC_007778.1,3488258,3506427,18169,islandpick
NC_007778.1,3521385,3530379,8994,islandpick
NC_007778.1,3533133,3547153,14020,islandpick
NC_007778.1,3547199,3560560,13361,islandpick
NC_007778.1,3780691,3799066,18375,islandpick
NC_007778.1,4673017,4685836,12819,islandpick
NC_007778.1,4965373,4974344,8971,islandpick
NC_007778.1,4991621,5025837,34216,islandpick
NC_004606.1,353171,368968,15797,islandpick
NC_004606.1,585846,598024,12178,islandpick
NC_004606.1,845852,856488,10636,islandpick
NC_004606.1,856889,867505,10616,islandpick
NC_004606.1,1122488,1135939,13451,islandpick
NC_004606.1,1146215,1164716,18501,islandpick
NC_004606.1,1326149,1335306,9157,islandpick
NC_004606.1,1403004,1420261,17257,islandpick
NC_004606.1,1420313,1433990,13677,islandpick
NC_004606.1,1475767,1497964,22197,islandpick
NC_007651.1,1038008,1049263,11255,islandpick
NC_007651.1,1237197,1245785,8588,islandpick
NC_007651.1,1632098,1647630,15532,islandpick
NC_007651.1,3138533,3148758,10225,islandpick
NC_007651.1,3324638,3333869,9231,islandpick
NC_004070.1,1317409,1332003,14594,islandpick
NC_004631.1,1433013,1441929,8916,islandpick
NC_004631.1,4394219,4443107,48888,islandpick
NC_004631.1,4444857,4457470,12613,islandpick
NC_004631.1,4493224,4519408,26184,islandpick
NC_002655.2,1081801,1096853,15052,islandpick
NC_002655.2,1096872,1111966,15094,islandpick
NC_002655.2,1284699,1295528,10829,islandpick
NC_002655.2,1356418,1376480,20062,islandpick
NC_002655.2,1457638,1471193,13555,islandpick
NC_002655.2,1471210,1493451,22241,islandpick
NC_002655.2,1908951,1918862,9911,islandpick
NC_002655.2,2761272,2775799,14527,islandpick
NC_002655.2,3557785,3567445,9660,islandpick
NC_002655.2,5400272,5416181,15909,islandpick
NC_003198.1,1538737,1547653,8916,islandpick
NC_003198.1,2759689,2768828,9139,islandpick
NC_003198.1,4409569,4459514,49945,islandpick
NC_003198.1,4461264,4473872,12608,islandpick
NC_003198.1,4509638,4518267,8629,islandpick
NC_003198.1,4519049,4536599,17550,islandpick
NC_007434.1,1717352,1764564,47212,islandpick
NC_007434.1,1767601,1776607,9006,islandpick
NC_007434.1,1778178,1791894,13716,islandpick
NC_007434.1,1791911,1818305,26394,islandpick
NC_007434.1,1835657,1848039,12382,islandpick
NC_007434.1,2293554,2301718,8164,islandpick
NC_007434.1,4002707,4018248,15541,islandpick
NC_007005.1,115476,123600,8124,islandpick
NC_007005.1,2192687,2205968,13281,islandpick
NC_007005.1,3207334,3224257,16923,islandpick
NC_007005.1,3225701,3242945,17244,islandpick
NC_007005.1,3535302,3545408,10106,islandpick
NC_007005.1,5000247,5010063,9816,islandpick
NC_007005.1,5135290,5151222,15932,islandpick
NC_006086.1,1119538,1130450,10912,islandpick
NC_006086.1,1131678,1163837,32159,islandpick
NC_005773.3,116517,126051,9534,islandpick
NC_005773.3,900060,925154,25094,islandpick
NC_005773.3,1773784,1784985,11201,islandpick
NC_005773.3,2900992,2920080,19088,islandpick
NC_005773.3,3225936,3242361,16425,islandpick
NC_005773.3,4296400,4308962,12562,islandpick
NC_005773.3,4804726,4814224,9498,islandpick
NC_005773.3,4908446,4926799,18353,islandpick
NC_005773.3,5172263,5199193,26930,islandpick
NC_005773.3,5628836,5642436,13600,islandpick
NC_005773.3,5642564,5650801,8237,islandpick
NC_002488.3,1950067,1958721,8654,islandpick
NC_010513.1,973576,986338,12762,islandpick
NC_010465.1,862099,885750,23651,islandpick
NC_010465.1,1357137,1366835,9698,islandpick
NC_010465.1,826660,857724,31064,islandpick
NC_010465.1,803426,825520,22094,islandpick
NC_010465.1,431177,448449,17272,islandpick
NC_010465.1,448572,460062,11490,islandpick
NC_010465.1,238812,249039,10227,islandpick
NC_007705.1,1395006,1408528,13522,islandpick
NC_007705.1,46924,57549,10625,islandpick
NC_006834.1,4148806,4156929,8123,islandpick
NC_006834.1,3708044,3723826,15782,islandpick
NC_006834.1,3724164,3790336,66172,islandpick
NC_006834.1,3001944,3014266,12322,islandpick
NC_006834.1,3286612,3297271,10659,islandpick
NC_006834.1,2784431,2801714,17283,islandpick
NC_006834.1,1742700,1757309,14609,islandpick
NC_006834.1,1682946,1703670,20724,islandpick
NC_003919.1,2443784,2458843,15059,islandpick
NC_003919.1,2476254,2486039,9785,islandpick
NC_003919.1,2547725,2559224,11499,islandpick
NC_003919.1,2571788,2588991,17203,islandpick
NC_003919.1,4632297,4651428,19131,islandpick
NC_006834.1,119412,131393,11981,islandpick
NC_006834.1,140510,153956,13446,islandpick
NC_006834.1,1420620,1434140,13520,islandpick
NC_003919.1,1209349,1219806,10457,islandpick
NC_007508.1,3882499,3891777,9278,islandpick
NC_007508.1,2645376,2685682,40306,islandpick
NC_007508.1,2633639,2645037,11398,islandpick
NC_007508.1,2490742,2501596,10854,islandpick
NC_009708.1,913308,921945,8637,islandpick
NC_009708.1,2509173,2519054,9881,islandpick
NC_009708.1,2519360,2540421,21061,islandpick
NC_004088.1,3390242,3398734,8492,islandpick
NC_010159.1,1295405,1305522,10117,islandpick
NC_010159.1,1420244,1428740,8496,islandpick
NC_007508.1,244268,258410,14142,islandpick
NC_007508.1,2465941,2477628,11687,islandpick
NC_002516.2,2765408,2779414,14006,islandpick
NC_002516.2,1496897,1516701,19804,islandpick
NC_002516.2,1840403,1849943,9540,islandpick
NC_002516.2,1850184,1866278,16094,islandpick
NC_006155.1,4625620,4636664,11044,islandpick
NC_002516.2,1311423,1324804,13381,islandpick
NC_006155.1,3918395,3936988,18593,islandpick
NC_006155.1,4293893,4303278,9385,islandpick
NC_006155.1,2130637,2146272,15635,islandpick
NC_006155.1,2148212,2166586,18374,islandpick
NC_006155.1,2168874,2194607,25733,islandpick
NC_006155.1,2209918,2219722,9804,islandpick
NC_006155.1,2224488,2232679,8191,islandpick
NC_006155.1,3853588,3875780,22192,islandpick
NC_006155.1,3886164,3917255,31091,islandpick
NC_007705.1,1665966,1680054,14088,islandpick
NC_007705.1,1725001,1739610,14609,islandpick
NC_007705.1,2763892,2779357,15465,islandpick
NC_007705.1,2976042,2998803,22761,islandpick
NC_007705.1,2999140,3007525,8385,islandpick
NC_007705.1,3291798,3301117,9319,islandpick
NC_007705.1,3716394,3739402,23008,islandpick
NC_007705.1,3739740,3789730,49990,islandpick
NC_007705.1,4143983,4152725,8742,islandpick
NC_002488.3,506498,519762,13264,islandpick
NC_002488.3,1638648,1705339,66691,islandpick
NC_007086.1,2937271,2949789,12518,islandpick
NC_007086.1,2913231,2933282,20051,islandpick
NC_007086.1,471675,480288,8613,islandpick
NC_007086.1,2500870,2510018,9148,islandpick
NC_007086.1,2543760,2554480,10720,islandpick
NC_009708.1,848464,866567,18103,islandpick
NC_009708.1,784575,801706,17131,islandpick
NC_009708.1,807044,838053,31009,islandpick
NC_009708.1,709128,724475,15347,islandpick
NC_010465.1,3428809,3443828,15019,islandpick
NC_010465.1,3406184,3423871,17687,islandpick
NC_010465.1,2545879,2562027,16148,islandpick
NC_007086.1,3619601,3630706,11105,islandpick
NC_007899.1,476310,484863,8553,islandpick
NC_007899.1,517077,525578,8501,islandpick
NC_007899.1,781796,792268,10472,islandpick
NC_009900.1,716257,731573,15316,islandpick
NC_003902.1,2425070,2435727,10657,islandpick
NC_003902.1,1412639,1424176,11537,islandpick
NC_005945.1,472413,483231,10818,islandpick
NC_005945.1,3762949,3772843,9894,islandpick
NC_005945.1,4843089,4859723,16634,islandpick
NC_009085.1,674211,779645,105434,islandpick
NC_009085.1,783447,797399,13952,islandpick
NC_009085.1,1237265,1259581,22316,islandpick
NC_009085.1,3393606,3404662,11056,islandpick
NC_008253.1,1947503,1963489,15986,islandpick
NC_008253.1,3129482,3140899,11417,islandpick
NC_008253.1,3954645,3973938,19293,islandpick
NC_008253.1,3975680,3990567,14887,islandpick
NC_008253.1,3991068,4001865,10797,islandpick
NC_008253.1,4007740,4015904,8164,islandpick
NC_008253.1,4759317,4770213,10896,islandpick
NC_003902.1,2469228,2478376,9148,islandpick
NC_003902.1,3712907,3728330,15423,islandpick
NC_009783.1,1128886,1139973,11087,islandpick
NC_009783.1,1472577,1481533,8956,islandpick
NC_009783.1,1632747,1642058,9311,islandpick
NC_009783.1,1643578,1653811,10233,islandpick
NC_009783.1,1658594,1686604,28010,islandpick
NC_009783.1,1746582,1758323,11741,islandpick
NC_009783.1,1945714,1963089,17375,islandpick
NC_009783.1,1965518,1996774,31256,islandpick
NC_009783.1,2148370,2172143,23773,islandpick
NC_009783.1,2185399,2193822,8423,islandpick
NC_009783.1,2569947,2591636,21689,islandpick
NC_009783.1,2602765,2612840,10075,islandpick
NC_009783.1,3001487,3009520,8033,islandpick
NC_004603.1,1127423,1144253,16830,islandpick
NC_004603.1,1404418,1424623,20205,islandpick
NC_004603.1,1469310,1491871,22561,islandpick
NC_004603.1,1496017,1507668,11651,islandpick
NC_004603.1,1508133,1522207,14074,islandpick
NC_004603.1,1879116,1888855,9739,islandpick
NC_004603.1,1889186,1901485,12299,islandpick
NC_004603.1,2239932,2254131,14199,islandpick
NC_004459.2,68454,110789,42335,islandpick
NC_004459.2,2030645,2042747,12102,islandpick
NC_010551.1,411634,425271,13637,islandpick
NC_010380.1,32126,58170,26044,islandpick
NC_004368.1,1395289,1419011,23722,islandpick
NC_004368.1,1382305,1395262,12957,islandpick
NC_004368.1,1163554,1197455,33901,islandpick
NC_010582.1,1205381,1213724,8343,islandpick
NC_010582.1,1266101,1277967,11866,islandpick
NC_010582.1,343926,354348,10422,islandpick
NC_008023.1,1063758,1120860,57102,islandpick
NC_007297.1,1410055,1421842,11787,islandpick
NC_008022.1,791058,805632,14574,islandpick
NC_008024.1,1621460,1670326,48866,islandpick
NC_005139.1,143180,155865,12685,islandpick
NC_005139.1,1608282,1631390,23108,islandpick
NC_010380.1,66495,99217,32722,islandpick
NC_010380.1,1906447,1915282,8835,islandpick
NC_010380.1,2044161,2055033,10872,islandpick
NC_007432.1,465200,484005,18805,islandpick
NC_007432.1,653795,673578,19783,islandpick
NC_007432.1,693349,702328,8979,islandpick
NC_004116.1,1843032,1852236,9204,islandpick
NC_003923.1,1536219,1556315,20096,islandpick
NC_002758.2,436003,464311,28308,islandpick
NC_007793.1,1553008,1573103,20095,islandpick
NC_009782.1,436006,464315,28309,islandpick
NC_009632.1,1097279,1113909,16630,islandpick
NC_009487.1,1097405,1114035,16630,islandpick
NC_004741.1,241851,256077,14226,islandpick
NC_004741.1,706669,717741,11072,islandpick
NC_004741.1,725259,741603,16344,islandpick
NC_004741.1,1179331,1189980,10649,islandpick
NC_008258.1,238333,249717,11384,islandpick
NC_008258.1,324413,333839,9426,islandpick
NC_008258.1,1194518,1208294,13776,islandpick
NC_008258.1,3863845,3872029,8184,islandpick
NC_008258.1,3957478,3967089,9611,islandpick
NC_003047.1,493140,503967,10827,islandpick
NC_003047.1,539649,561403,21754,islandpick
NC_003047.1,1836435,1845540,9105,islandpick
NC_003047.1,2483206,2496703,13497,islandpick
NC_003047.1,3356259,3375744,19485,islandpick
NC_003047.1,3375844,3385114,9270,islandpick
NC_003047.1,3399664,3438596,38932,islandpick
NC_007606.1,406150,418491,12341,islandpick
NC_007606.1,952241,961243,9002,islandpick
NC_007606.1,1748015,1757342,9327,islandpick
NC_007384.1,1866301,1875760,9459,islandpick
NC_007384.1,2548468,2561327,12859,islandpick
NC_007384.1,2828296,2838104,9808,islandpick
NC_007384.1,4102876,4113137,10261,islandpick
NC_008322.1,656347,668193,11846,islandpick
NC_008322.1,1174647,1194550,19903,islandpick
NC_008322.1,2084661,2122889,38228,islandpick
NC_008322.1,2240189,2249745,9556,islandpick
NC_008322.1,2327487,2336922,9435,islandpick
NC_008322.1,2338858,2353094,14236,islandpick
NC_008322.1,2494720,2509929,15209,islandpick
NC_008322.1,2733623,2749042,15419,islandpick
NC_008322.1,3388775,3397371,8596,islandpick
NC_007613.1,1188250,1198102,9852,islandpick
NC_007613.1,1360277,1370907,10630,islandpick
NC_007613.1,4201499,4215539,14040,islandpick
NC_009901.1,1537165,1555075,17910,islandpick
NC_009901.1,1833596,1846907,13311,islandpick
NC_009901.1,2797984,2822651,24667,islandpick
NC_009901.1,5106242,5118313,12071,islandpick
NC_009438.1,177938,196352,18414,islandpick
NC_009438.1,215950,243828,27878,islandpick
NC_009438.1,243880,261527,17647,islandpick
NC_009438.1,269982,278967,8985,islandpick
NC_009438.1,279024,287601,8577,islandpick
NC_009438.1,1355766,1364379,8613,islandpick
NC_009438.1,2254131,2273610,19479,islandpick
NC_009438.1,2349264,2357632,8368,islandpick
NC_009438.1,3799163,3811836,12673,islandpick
NC_009438.1,4093403,4103477,10074,islandpick
NC_009438.1,4436885,4451459,14574,islandpick
NC_009438.1,4453721,4462446,8725,islandpick
NC_009438.1,4623976,4640565,16589,islandpick
NC_004347.1,1513563,1536749,23186,islandpick
NC_004347.1,1964627,1973282,8655,islandpick
NC_004347.1,2428053,2437847,9794,islandpick
NC_004347.1,2812095,2822987,10892,islandpick
NC_008750.1,338051,358399,20348,islandpick
NC_008750.1,454304,473320,19016,islandpick
NC_008750.1,736931,749604,12673,islandpick
NC_008750.1,1231170,1260648,29478,islandpick
NC_008750.1,1260665,1285055,24390,islandpick
NC_008750.1,1285769,1314518,28749,islandpick
NC_008750.1,1321439,1334143,12704,islandpick
NC_008750.1,2257042,2272262,15220,islandpick
NC_008750.1,2335776,2348796,13020,islandpick
NC_008750.1,3308132,3342855,34723,islandpick
NC_008750.1,3350484,3366056,15572,islandpick
NC_008750.1,3366901,3377054,10153,islandpick
NC_009665.1,642102,650843,8741,islandpick
NC_009665.1,653689,684682,30993,islandpick
NC_009665.1,691563,721135,29572,islandpick
NC_009665.1,722194,733069,10875,islandpick
NC_009665.1,2237111,2246644,9533,islandpick
NC_009665.1,2332821,2342724,9903,islandpick
NC_009665.1,2354372,2368451,14079,islandpick
NC_009665.1,2492828,2501913,9085,islandpick
NC_009665.1,2501930,2514312,12382,islandpick
NC_009665.1,2607307,2624859,17552,islandpick
NC_009665.1,3031136,3039466,8330,islandpick
NC_009665.1,3042153,3052500,10347,islandpick
NC_009665.1,3860646,3883912,23266,islandpick
NC_009665.1,3888875,3898162,9287,islandpick
NC_009665.1,3973592,3996618,23026,islandpick
NC_009665.1,4002703,4014772,12069,islandpick
NC_009665.1,4735185,4747008,11823,islandpick
NC_009665.1,5040136,5054369,14233,islandpick
NC_007109.1,1023014,1036450,13436,islandpick
NC_010334.1,629042,637906,8864,islandpick
NC_010334.1,768728,784588,15860,islandpick
NC_010334.1,784634,808858,24224,islandpick
NC_009879.1,495692,505731,10039,islandpick
NC_009879.1,700937,713514,12577,islandpick
NC_008321.1,1999635,2045693,46058,islandpick
NC_008321.1,2206971,2222121,15150,islandpick
NC_008321.1,2350996,2373507,22511,islandpick
NC_008321.1,2377916,2387342,9426,islandpick
NC_008321.1,2465209,2474510,9301,islandpick
NC_008321.1,2665661,2678193,12532,islandpick
NC_008321.1,3826008,3838042,12034,islandpick
NC_008321.1,3839313,3850188,10875,islandpick
NC_008321.1,4036256,4048110,11854,islandpick
NC_008577.1,1471752,1483332,11580,islandpick
NC_008577.1,1486874,1503681,16807,islandpick
NC_008577.1,2420770,2435556,14786,islandpick
NC_008577.1,2512418,2527378,14960,islandpick
NC_008577.1,2614867,2634658,19791,islandpick
NC_008577.1,2814443,2837691,23248,islandpick
NC_009052.1,916639,927354,10715,islandpick
NC_009052.1,1311969,1320670,8701,islandpick
NC_009052.1,1446557,1461145,14588,islandpick
NC_009052.1,2113916,2122385,8469,islandpick
NC_009052.1,2525465,2542678,17213,islandpick
NC_009052.1,2689966,2699777,9811,islandpick
NC_009052.1,4164561,4175117,10556,islandpick
NC_009052.1,4177052,4187631,10579,islandpick
NC_009997.1,676390,685131,8741,islandpick
NC_009997.1,685194,716456,31262,islandpick
NC_009997.1,716705,755498,38793,islandpick
NC_009997.1,905287,913298,8011,islandpick
NC_009997.1,1716273,1725250,8977,islandpick
NC_009997.1,2078845,2090633,11788,islandpick
NC_009997.1,2420071,2430010,9939,islandpick
NC_009997.1,2525545,2534713,9168,islandpick
NC_009997.1,2664070,2707192,43122,islandpick
NC_009997.1,2710870,2727256,16386,islandpick
NC_009997.1,3439234,3448526,9292,islandpick
NC_009997.1,3456691,3465750,9059,islandpick
NC_009997.1,4013866,4023227,9361,islandpick
NC_009997.1,5152915,5170165,17250,islandpick
NC_010102.1,1004641,1020617,15976,islandpick
NC_010102.1,4537530,4550447,12917,islandpick
NC_006905.1,1102775,1118336,15561,islandpick
NC_006905.1,1334961,1347690,12729,islandpick
NC_006905.1,4361767,4372459,10692,islandpick
NC_010067.1,916438,925788,9350,islandpick
NC_010067.1,1378423,1389021,10598,islandpick
NC_010067.1,2495104,2504494,9390,islandpick
NC_010067.1,2504662,2513937,9275,islandpick
NC_010067.1,3228443,3236962,8519,islandpick
NC_010067.1,4420633,4433186,12553,islandpick
NC_009840.1,381708,390354,8646,islandpick
NC_009840.1,1223998,1232971,8973,islandpick
NC_007761.1,607946,618541,10595,islandpick
NC_007761.1,622801,632013,9212,islandpick
NC_007761.1,784347,801357,17010,islandpick
NC_007761.1,801650,821709,20059,islandpick
NC_007761.1,1110338,1125822,15484,islandpick
NC_007761.1,1409147,1423195,14048,islandpick
NC_007761.1,2049656,2104831,55175,islandpick
NC_007761.1,3051925,3064514,12589,islandpick
NC_007577.1,1094853,1106091,11238,islandpick
NC_007577.1,1117509,1125653,8144,islandpick
NC_008819.1,784075,793520,9445,islandpick
NC_008819.1,814673,824227,9554,islandpick
NC_003112.2,505697,517958,12261,islandpick
NC_003112.2,1115818,1124798,8980,islandpick
NC_008817.1,687487,722132,34645,islandpick
NC_008817.1,738833,762569,23736,islandpick
NC_008817.1,762631,772410,9779,islandpick
NC_008817.1,777625,787840,10215,islandpick
NC_003116.1,1768444,1794900,26456,islandpick
NC_005071.1,91445,111704,20259,islandpick
NC_005071.1,111721,121912,10191,islandpick
NC_005071.1,1053339,1062215,8876,islandpick
NC_005071.1,1669420,1677644,8224,islandpick
NC_007335.2,1226513,1244694,18181,islandpick
NC_002946.2,477057,490952,13895,islandpick
NC_002946.2,1044450,1058427,13977,islandpick
NC_009135.1,450913,468393,17480,islandpick
NC_009135.1,577353,599729,22376,islandpick
NC_009135.1,1105172,1123963,18791,islandpick
NC_009975.1,17101,26656,9555,islandpick
NC_009975.1,48312,80486,32174,islandpick
NC_009975.1,387618,396047,8429,islandpick
NC_009637.1,1,17820,17819,islandpick
NC_009637.1,22869,31656,8787,islandpick
NC_009637.1,1449442,1458942,9500,islandpick
NC_009494.1,184784,203453,18669,islandpick
NC_009494.1,216196,233564,17368,islandpick
NC_009494.1,1770270,1787439,17169,islandpick
NC_009494.1,2403259,2413360,10101,islandpick
NC_009494.1,3037714,3075131,37417,islandpick
NC_006368.1,225853,234050,8197,islandpick
NC_006368.1,2768448,2777224,8776,islandpick
NC_006369.1,1194108,1203325,9217,islandpick
NC_002942.5,1386533,1395596,9063,islandpick
NC_002942.5,2296879,2314179,17300,islandpick
NC_002942.5,2332697,2346388,13691,islandpick
NC_002942.5,2346861,2361023,14162,islandpick
NC_000907.1,1102431,1111035,8604,islandpick
NC_000921.1,1015947,1032165,16218,islandpick
NC_000921.1,1045930,1055467,9537,islandpick
NC_008229.1,518491,528620,10129,islandpick
NC_008229.1,880191,889642,9451,islandpick
NC_008229.1,956326,964833,8507,islandpick
NC_008229.1,1152153,1164707,12554,islandpick
NC_008229.1,1396610,1406612,10002,islandpick
NC_008229.1,1413629,1428067,14438,islandpick
NC_007146.2,1408265,1456547,48282,islandpick
NC_007146.2,1590347,1598466,8119,islandpick
NC_007146.2,1714650,1728795,14145,islandpick
NC_000915.1,444992,466702,21710,islandpick
NC_000915.1,466741,479593,12852,islandpick
NC_003212.1,1246493,1295141,48648,islandpick
NC_003212.1,1716637,1762030,45393,islandpick
NC_003212.1,2412142,2431293,19151,islandpick
NC_010501.1,748088,760209,12121,islandpick
NC_010501.1,1530247,1539374,9127,islandpick
NC_010501.1,1874769,1892121,17352,islandpick
NC_010501.1,2201429,2213212,11783,islandpick
NC_010501.1,2213551,2224017,10466,islandpick
NC_010501.1,2234563,2243919,9356,islandpick
NC_010501.1,2520164,2534478,14314,islandpick
NC_010501.1,2534524,2552370,17846,islandpick
NC_010501.1,2622904,2633833,10929,islandpick
NC_010501.1,2889111,2897318,8207,islandpick
NC_010501.1,3362364,3371754,9390,islandpick
NC_010501.1,3435127,3446655,11528,islandpick
NC_010501.1,3456983,3465349,8366,islandpick
NC_010501.1,3571802,3606135,34333,islandpick
NC_010501.1,3679924,3697434,17510,islandpick
NC_010501.1,3698357,3710437,12080,islandpick
NC_010501.1,4365618,4393995,28377,islandpick
NC_010501.1,4984951,4993590,8639,islandpick
NC_010501.1,4996727,5007573,10846,islandpick
NC_010501.1,5745686,5753802,8116,islandpick
NC_008309.1,454191,462234,8043,islandpick
NC_008309.1,671412,682322,10910,islandpick
NC_010519.1,243574,253653,10079,islandpick
NC_010519.1,256288,264355,8067,islandpick
NC_010519.1,514869,524945,10076,islandpick
NC_010519.1,692211,701601,9390,islandpick
NC_010519.1,746406,757789,11383,islandpick
NC_010519.1,1008386,1018506,10120,islandpick
NC_010519.1,1302910,1315844,12934,islandpick
NC_010519.1,1316094,1329964,13870,islandpick
NC_010519.1,1875916,1886324,10408,islandpick
NC_010519.1,1891923,1902857,10934,islandpick
NC_008601.1,42291,65824,23533,islandpick
NC_009567.1,739432,750434,11002,islandpick
NC_009567.1,758060,766848,8788,islandpick
NC_009512.1,1032368,1040723,8355,islandpick
NC_009512.1,2113777,2122986,9209,islandpick
NC_009512.1,2416247,2431622,15375,islandpick
NC_009512.1,2794361,2807256,12895,islandpick
NC_009512.1,3049808,3060112,10304,islandpick
NC_009512.1,3064726,3075700,10974,islandpick
NC_009512.1,3109634,3117680,8046,islandpick
NC_009512.1,3266714,3276293,9579,islandpick
NC_009512.1,3279575,3300416,20841,islandpick
NC_009512.1,3352565,3368599,16034,islandpick
NC_009512.1,3555605,3567517,11912,islandpick
NC_009512.1,4379970,4391076,11106,islandpick
NC_009512.1,4393805,4419562,25757,islandpick
NC_009512.1,4419647,4432014,12367,islandpick
NC_009512.1,5658409,5675521,17112,islandpick
NC_010322.1,589293,607080,17787,islandpick
NC_010322.1,774209,784797,10588,islandpick
NC_010322.1,1546621,1563682,17061,islandpick
NC_010322.1,1823418,1833418,10000,islandpick
NC_010322.1,1835095,1859357,24262,islandpick
NC_010322.1,1959529,1981738,22209,islandpick
NC_010322.1,2008675,2018070,9395,islandpick
NC_010322.1,2471008,2482264,11256,islandpick
NC_010322.1,3159686,3169902,10216,islandpick
NC_010322.1,3324198,3333162,8964,islandpick
NC_010322.1,3426231,3442844,16613,islandpick
NC_010322.1,3709626,3717895,8269,islandpick
NC_010322.1,3821573,3838268,16695,islandpick
NC_010322.1,4631435,4660597,29162,islandpick
NC_010322.1,4663989,4675420,11431,islandpick
NC_010322.1,5308854,5323342,14488,islandpick
NC_010322.1,5377891,5389588,11697,islandpick
NC_002947.3,1763627,1772777,9150,islandpick
NC_002947.3,2162619,2173664,11045,islandpick
NC_002947.3,2179371,2193934,14563,islandpick
NC_002947.3,2193987,2227517,33530,islandpick
NC_002947.3,2586093,2622773,36680,islandpick
NC_002947.3,2910053,2921967,11914,islandpick
NC_002947.3,2990014,2999149,9135,islandpick
NC_002947.3,3008955,3029481,20526,islandpick
NC_002947.3,3161334,3178192,16858,islandpick
NC_002947.3,3192695,3200993,8298,islandpick
NC_002947.3,3621850,3631999,10149,islandpick
NC_002947.3,4174319,4192669,18350,islandpick
NC_002947.3,4192863,4201783,8920,islandpick
NC_002947.3,4207859,4233555,25696,islandpick
NC_002947.3,4301440,4310594,9154,islandpick
NC_002947.3,4394934,4417945,23011,islandpick
NC_002947.3,4484323,4493066,8743,islandpick
NC_002947.3,4493111,4501310,8199,islandpick
NC_002947.3,4605993,4632481,26488,islandpick
NC_002947.3,5001721,5014127,12406,islandpick
NC_008463.1,288290,297901,9611,islandpick
NC_008611.1,3588934,3597094,8160,islandpick
NC_008463.1,1801156,1811032,9876,islandpick
NC_008463.1,1924272,1941371,17099,islandpick
NC_008463.1,2474709,2486276,11567,islandpick
NC_008463.1,2847774,2861015,13241,islandpick
NC_008463.1,2926971,2936879,9908,islandpick
NC_008463.1,3778540,3794412,15872,islandpick
NC_008463.1,4313536,4326917,13381,islandpick
NC_008463.1,4860218,4872744,12526,islandpick
NC_008463.1,4873469,4891796,18327,islandpick
NC_008463.1,5347270,5355678,8408,islandpick
NC_009656.1,123618,135794,12176,islandpick
NC_009656.1,139982,150812,10830,islandpick
NC_009656.1,1431161,1439950,8789,islandpick
NC_009656.1,2418361,2441774,23413,islandpick
NC_009656.1,2521477,2539656,18179,islandpick
NC_009656.1,3138606,3154616,16010,islandpick
NC_009656.1,3155201,3163751,8550,islandpick
NC_009656.1,3165393,3180080,14687,islandpick
NC_009656.1,3829542,3849900,20358,islandpick
NC_009656.1,3852604,3866229,13625,islandpick
NC_009656.1,5486011,5498442,12431,islandpick
NC_009656.1,5503315,5512543,9228,islandpick
NC_009656.1,6250213,6267459,17246,islandpick
NC_009698.1,868052,878151,10099,islandpick
NC_010516.1,1490987,1501512,10525,islandpick
NC_010516.1,2333970,2344977,11007,islandpick
NC_009801.1,239229,250122,10893,islandpick
NC_009801.1,1399961,1414288,14327,islandpick
NC_009801.1,1437189,1448314,11125,islandpick
NC_009801.1,1701183,1709444,8261,islandpick
NC_009801.1,2172995,2221099,48104,islandpick
NC_009801.1,3328173,3341172,12999,islandpick
NC_009801.1,3372993,3397394,24401,islandpick
NC_009697.1,867885,877984,10099,islandpick
NC_009697.1,3119798,3128306,8508,islandpick
NC_009495.1,1822688,1831189,8501,islandpick
NC_009495.1,1833499,1842097,8598,islandpick
NC_009495.1,2481033,2499876,18843,islandpick
NC_010520.1,2126630,2134862,8232,islandpick
NC_009699.1,2264746,2273561,8815,islandpick
NC_009699.1,2533723,2546013,12290,islandpick
NC_009699.1,2548606,2559915,11309,islandpick
NC_009699.1,2560132,2568434,8302,islandpick
NC_009800.1,345430,355371,9941,islandpick
NC_009800.1,2064786,2081821,17035,islandpick
NC_009800.1,2143074,2152284,9210,islandpick
NC_008595.1,1422167,1441405,19238,islandpick
NC_008595.1,1977459,1990545,13086,islandpick
NC_008595.1,5173495,5183749,10254,islandpick
NC_008595.1,5184253,5195298,11045,islandpick
NC_008595.1,5200966,5216954,15988,islandpick
NC_008595.1,5229454,5245185,15731,islandpick
AC_000091.1,2754785,2768394,13609,islandpick
AC_000091.1,4514467,4523153,8686,islandpick
NC_010473.1,513115,525666,12551,islandpick
NC_010473.1,627606,638926,11320,islandpick
NC_010473.1,2845916,2855144,9228,islandpick
NC_009342.1,178263,188128,9865,islandpick
NC_009342.1,471691,490825,19134,islandpick
NC_009342.1,599593,611763,12170,islandpick
NC_009342.1,2071925,2109577,37652,islandpick
NC_009342.1,2413611,2421710,8099,islandpick
NC_009342.1,2525520,2541790,16270,islandpick
NC_009342.1,3167618,3177659,10041,islandpick
NC_003912.7,207010,237147,30137,islandpick
NC_003912.7,1028497,1052331,23834,islandpick
NC_003912.7,1061177,1071498,10321,islandpick
NC_003912.7,1335720,1346702,10982,islandpick
NC_003912.7,1346923,1370263,23340,islandpick
NC_008563.1,241955,250332,8377,islandpick
NC_008563.1,295124,313742,18618,islandpick
NC_008563.1,1195789,1215854,20065,islandpick
NC_008563.1,1346401,1362181,15780,islandpick
NC_008563.1,2740481,2750883,10402,islandpick
NC_008563.1,3315878,3325238,9360,islandpick
NC_008563.1,4743684,4754679,10995,islandpick
NC_008563.1,5022455,5038543,16088,islandpick
NC_010612.1,1703711,1714688,10977,islandpick
NC_010612.1,1722677,1733060,10383,islandpick
NC_010612.1,1736043,1757046,21003,islandpick
NC_010612.1,1760788,1770102,9314,islandpick
NC_010612.1,2795090,2809572,14482,islandpick
NC_010612.1,3815686,3827611,11925,islandpick
NC_010612.1,3827667,3843032,15365,islandpick
NC_010612.1,3861716,3880469,18753,islandpick
NC_010612.1,3986249,4005570,19321,islandpick
NC_010612.1,4026137,4035269,9132,islandpick
NC_010612.1,4187670,4211784,24114,islandpick
NC_010612.1,4390209,4400274,10065,islandpick
NC_010612.1,4412195,4426463,14268,islandpick
NC_010612.1,4692955,4703710,10755,islandpick
NC_010612.1,4708110,4720844,12734,islandpick
NC_010612.1,4817155,4845662,28507,islandpick
NC_010612.1,4848095,4869672,21577,islandpick
NC_010612.1,5433333,5447894,14561,islandpick
NC_010612.1,5460061,5470767,10706,islandpick
NC_002944.2,1877242,1886352,9110,islandpick
NC_002944.2,4146327,4159661,13334,islandpick
NC_002944.2,4159963,4183561,23598,islandpick
NC_010498.1,955639,970305,14666,islandpick
NC_010498.1,1123777,1135740,11963,islandpick
NC_010498.1,2283082,2291894,8812,islandpick
NC_010498.1,4896420,4906791,10371,islandpick
NC_010498.1,4910929,4941189,30260,islandpick
NC_009707.1,232860,247293,14433,islandpick
NC_009707.1,297612,317168,19556,islandpick
NC_009707.1,321855,348764,26909,islandpick
NC_009707.1,353516,369888,16372,islandpick
NC_009707.1,501192,517087,15895,islandpick
NC_009707.1,611424,622560,11136,islandpick
NC_009707.1,622669,647204,24535,islandpick
NC_009707.1,649691,666012,16321,islandpick
NC_009707.1,750896,778684,27788,islandpick
NC_009707.1,816446,852798,36352,islandpick
NC_009707.1,853069,864541,11472,islandpick
NC_009707.1,925017,933993,8976,islandpick
NC_009707.1,1101359,1127123,25764,islandpick
NC_009707.1,1128650,1147199,18549,islandpick
NC_009707.1,1180854,1191093,10239,islandpick
NC_009707.1,1333344,1360476,27132,islandpick
NC_009707.1,1439192,1450669,11477,islandpick
NC_009707.1,1458996,1467473,8477,islandpick
NC_009707.1,1467749,1482172,14423,islandpick
NC_009707.1,1498886,1514423,15537,islandpick
NC_009707.1,1582494,1591029,8535,islandpick
NC_000913.2,289660,297702,8042,islandpick
NC_000913.2,2754151,2766805,12654,islandpick
NC_000913.2,4507810,4516496,8686,islandpick
NC_000913.2,4517263,4530588,13325,islandpick
NC_006351.1,2219010,2242587,23577,islandpick
NC_006351.1,2792233,2810342,18109,islandpick
NC_006351.1,2811532,2823368,11836,islandpick
NC_007650.1,385245,411560,26315,islandpick
NC_007650.1,428324,438451,10127,islandpick
NC_007650.1,1072469,1081125,8656,islandpick
NC_007650.1,1087398,1117686,30288,islandpick
NC_007650.1,1216836,1242328,25492,islandpick
NC_007650.1,1905247,1914301,9054,islandpick
NC_007650.1,1985733,1994334,8601,islandpick
NC_007650.1,2029915,2039160,9245,islandpick
NC_007435.1,202059,233755,31696,islandpick
NC_007435.1,248791,266000,17209,islandpick
NC_007435.1,900353,923864,23511,islandpick
NC_007435.1,1455152,1465275,10123,islandpick
NC_007435.1,1478990,1488597,9607,islandpick
NC_010557.1,764400,775700,11300,islandpick
NC_010557.1,775744,790287,14543,islandpick
NC_010557.1,803113,816024,12911,islandpick
NC_010557.1,964881,975365,10484,islandpick
NC_010557.1,1044814,1055914,11100,islandpick
NC_009075.1,2278864,2295230,16366,islandpick
NC_009078.1,576123,589282,13159,islandpick
NC_009078.1,1843849,1867929,24080,islandpick
NC_009078.1,2169916,2196766,26850,islandpick
NC_009078.1,2744983,2760722,15739,islandpick
NC_010552.1,590473,598611,8138,islandpick
NC_010552.1,1717248,1726971,9723,islandpick
NC_010552.1,1963425,1974520,11095,islandpick
NC_010552.1,2465970,2475701,9731,islandpick
NC_010552.1,2490036,2499844,9808,islandpick
NC_008061.1,2144915,2158788,13873,islandpick
NC_008544.1,825415,833857,8442,islandpick
NC_010512.1,870621,882077,11456,islandpick
NC_010512.1,888238,900294,12056,islandpick
NC_010512.1,912345,921448,9103,islandpick
NC_010512.1,927489,940679,13190,islandpick
NC_010512.1,952628,971510,18882,islandpick
NC_010512.1,1007028,1023616,16588,islandpick
NC_010512.1,1031930,1049674,17744,islandpick
NC_008543.1,110986,122080,11094,islandpick
NC_008392.1,392353,430379,38026,islandpick
NC_008392.1,447216,479734,32518,islandpick
NC_008392.1,689719,710604,20885,islandpick
NC_008392.1,1098147,1140045,41898,islandpick
NC_008392.1,1140104,1153173,13069,islandpick
NC_008392.1,1159102,1170928,11826,islandpick
NC_008392.1,1183244,1203310,20066,islandpick
NC_009256.1,1266334,1275177,8843,islandpick
NC_009256.1,1282077,1290217,8140,islandpick
NC_009256.1,1384767,1394420,9653,islandpick
NC_009256.1,2183688,2194663,10975,islandpick
NC_009256.1,2195121,2298627,103506,islandpick
NC_009256.1,2299353,2317678,18325,islandpick
NC_009256.1,2317920,2337067,19147,islandpick
NC_009256.1,2337093,2352602,15509,islandpick
NC_009256.1,2352623,2372056,19433,islandpick
NC_009256.1,2373274,2403836,30562,islandpick
NC_009256.1,2952629,2973596,20967,islandpick
NC_009256.1,2974468,2982731,8263,islandpick
NC_009256.1,3553658,3578111,24453,islandpick
NC_009256.1,3578395,3592660,14265,islandpick
NC_009256.1,3599765,3616383,16618,islandpick
NC_010084.1,547958,558752,10794,islandpick
NC_010084.1,2490210,2500595,10385,islandpick
NC_010084.1,2532556,2543040,10484,islandpick
NC_010084.1,2831186,2843435,12249,islandpick
NC_010515.1,1227519,1238429,10910,islandpick
NC_010515.1,1426416,1443876,17460,islandpick
NC_010515.1,1629920,1643859,13939,islandpick
NC_010515.1,1644979,1671729,26750,islandpick
NC_010515.1,1677815,1698147,20332,islandpick
NC_010515.1,1703026,1720810,17784,islandpick
NC_010515.1,3080959,3113325,32366,islandpick
NC_008391.1,1233836,1244746,10910,islandpick
NC_009076.1,1396003,1404392,8389,islandpick
NC_009076.1,3573318,3585665,12347,islandpick
NC_008060.1,316791,325161,8370,islandpick
NC_008060.1,1429645,1461777,32132,islandpick
NC_008060.1,1491646,1509548,17902,islandpick
NC_008060.1,1521249,1529419,8170,islandpick
NC_008060.1,1550123,1571961,21838,islandpick
NC_008060.1,1586748,1606893,20145,islandpick
NC_008060.1,1612410,1648736,36326,islandpick
NC_008060.1,1672260,1684139,11879,islandpick
NC_008060.1,1684758,1724821,40063,islandpick
NC_008060.1,1729554,1739259,9705,islandpick
NC_009074.1,1965988,1989921,23933,islandpick
NC_009074.1,2920487,2930509,10022,islandpick
NC_009074.1,3174516,3186911,12395,islandpick
NC_010167.1,1098471,1123199,24728,islandpick
NC_010167.1,1124719,1161178,36459,islandpick
NC_010167.1,1186315,1210728,24413,islandpick
NC_010167.1,1225317,1297580,72263,islandpick
NC_009504.1,507058,519790,12732,islandpick
NC_010508.1,203086,215347,12261,islandpick
NC_010508.1,1881466,1891752,10286,islandpick
NC_010508.1,1892169,1912344,20175,islandpick
NC_008542.1,172014,180636,8622,islandpick
NC_008542.1,190392,210597,20205,islandpick
NC_008390.1,2160521,2170435,9914,islandpick
NC_009080.1,2268022,2300118,32096,islandpick
NC_007510.1,1901832,1910083,8251,islandpick
NC_007510.1,1911559,1924529,12970,islandpick
NC_007510.1,1935771,1961533,25762,islandpick
NC_007510.1,1961586,1996631,35045,islandpick
NC_007510.1,3345457,3364671,19214,islandpick
NC_010400.1,1294019,1305346,11327,islandpick
NC_010400.1,2272056,2296734,24678,islandpick
NC_010400.1,2380107,2389075,8968,islandpick
NC_010410.1,1318305,1340789,22484,islandpick
NC_010410.1,1898726,1907642,8916,islandpick
NC_010410.1,1913381,1923227,9846,islandpick
NC_010410.1,3613993,3652989,38996,islandpick
NC_010410.1,3653762,3684134,30372,islandpick
NC_008600.1,2363552,2374699,11147,islandpick
NC_008600.1,4248144,4259160,11016,islandpick
NC_004722.1,2392474,2422929,30455,islandpick
NC_004722.1,2588439,2598087,9648,islandpick
NC_004722.1,4386695,4405413,18718,islandpick
NC_004722.1,5010147,5018295,8148,islandpick
NC_004722.1,5018340,5029259,10919,islandpick
NC_010184.1,3663451,3673935,10484,islandpick
NC_003997.3,472370,483188,10818,islandpick
NC_003997.3,3762449,3772343,9894,islandpick
NC_003997.3,4841752,4858386,16634,islandpick
NC_003909.8,384107,434164,50057,islandpick
NC_003909.8,859295,884111,24816,islandpick
NC_003909.8,4256758,4285392,28634,islandpick
NC_007530.2,472370,483188,10818,islandpick
NC_007530.2,3762576,3772470,9894,islandpick
NC_007530.2,4841878,4858512,16634,islandpick
NC_009445.1,449143,458925,9782,islandpick
NC_009445.1,471502,488656,17154,islandpick
NC_009445.1,848939,862182,13243,islandpick
NC_009445.1,1319917,1345962,26045,islandpick
NC_009445.1,1361247,1372212,10965,islandpick
NC_009445.1,2318804,2372543,53739,islandpick
NC_009445.1,2393568,2406317,12749,islandpick
NC_009445.1,2434858,2444520,9662,islandpick
NC_009445.1,3407598,3417795,10197,islandpick
NC_009445.1,3789921,3834510,44589,islandpick
NC_009445.1,4555015,4596581,41566,islandpick
NC_009445.1,4610018,4618538,8520,islandpick
NC_009445.1,4938625,4953164,14539,islandpick
NC_009445.1,5014526,5034239,19713,islandpick
NC_009445.1,5393474,5403648,10174,islandpick
NC_009445.1,6423673,6437722,14049,islandpick
NC_009445.1,6575207,6584433,9226,islandpick
NC_009445.1,6625900,6645961,20061,islandpick
NC_009445.1,6661424,6670865,9441,islandpick
NC_009445.1,7321328,7331644,10316,islandpick
NC_009445.1,7333118,7357384,24266,islandpick
NC_009445.1,7358038,7394513,36475,islandpick
NC_009485.1,454481,475594,21113,islandpick
NC_009485.1,612115,633823,21708,islandpick
NC_009485.1,1022961,1048746,25785,islandpick
NC_009485.1,1048866,1067910,19044,islandpick
NC_009485.1,1079147,1090733,11586,islandpick
NC_009485.1,1094798,1114297,19499,islandpick
NC_009485.1,1115672,1124611,8939,islandpick
NC_009485.1,1131739,1143474,11735,islandpick
NC_009485.1,1143610,1168514,24904,islandpick
NC_009485.1,1294965,1337899,42934,islandpick
NC_009485.1,1341485,1353164,11679,islandpick
NC_009485.1,1514404,1531852,17448,islandpick
NC_009485.1,1532435,1542123,9688,islandpick
NC_009485.1,1542179,1551571,9392,islandpick
NC_009485.1,1595711,1616099,20388,islandpick
NC_009485.1,1627742,1638041,10299,islandpick
NC_009485.1,1638331,1664543,26212,islandpick
NC_009485.1,1665537,1683866,18329,islandpick
NC_009485.1,1983217,1994754,11537,islandpick
NC_009485.1,2583276,2593056,9780,islandpick
NC_009485.1,2595062,2604638,9576,islandpick
NC_009485.1,2605028,2618679,13651,islandpick
NC_009485.1,2618845,2628160,9315,islandpick
NC_009485.1,2649653,2665312,15659,islandpick
NC_009485.1,2665366,2681992,16626,islandpick
NC_009485.1,2682055,2694923,12868,islandpick
NC_009485.1,2721470,2733466,11996,islandpick
NC_009485.1,3530060,3542936,12876,islandpick
NC_009485.1,3583405,3592165,8760,islandpick
NC_009485.1,3861734,3887991,26257,islandpick
NC_009485.1,5069874,5088006,18132,islandpick
NC_009485.1,5090210,5107072,16862,islandpick
NC_009485.1,5195544,5208061,12517,islandpick
NC_009485.1,5362816,5377923,15107,islandpick
NC_009485.1,6020041,6048889,28848,islandpick
NC_009485.1,6234445,6244860,10415,islandpick
NC_009485.1,6250899,6260704,9805,islandpick
NC_009485.1,6619223,6633311,14088,islandpick
NC_009485.1,6640317,6651899,11582,islandpick
NC_009485.1,6851102,6898434,47332,islandpick
NC_009485.1,6909739,6917896,8157,islandpick
NC_009485.1,7025807,7038649,12842,islandpick
NC_009485.1,7089198,7099739,10541,islandpick
NC_009485.1,7118792,7130991,12199,islandpick
NC_009485.1,7602278,7629774,27496,islandpick
NC_009485.1,7634689,7643163,8474,islandpick
NC_009485.1,7643440,7653994,10554,islandpick
NC_009485.1,7656775,7675479,18704,islandpick
NC_009485.1,7798078,7808720,10642,islandpick
NC_009485.1,8089028,8100938,11910,islandpick
NC_009485.1,8144354,8174568,30214,islandpick
NC_009485.1,8182399,8203265,20866,islandpick
NC_005362.1,938816,946946,8130,islandpick
NC_005362.1,951776,960921,9145,islandpick
NC_014206.1,365185,374922,9737,islandpick
NC_008530.1,600688,680862,80174,islandpick
NC_008530.1,967893,978558,10665,islandpick
NC_008530.1,1451761,1464739,12978,islandpick
NC_005362.1,1434299,1444297,9998,islandpick
NC_005362.1,1291120,1331556,40436,islandpick
NC_005362.1,1057150,1065930,8780,islandpick
NC_013941.1,3182591,3201282,18691,islandpick
NC_013941.1,5207557,5228963,21406,islandpick
NC_013941.1,3733291,3742482,9191,islandpick
NC_013941.1,3259283,3292083,32800,islandpick
NC_014256.1,1179210,1187805,8595,islandpick
NC_014256.1,1591812,1600071,8259,islandpick
NC_013941.1,2448301,2459229,10928,islandpick
NC_006510.1,619610,628236,8626,islandpick
NC_006510.1,2913947,2922863,8916,islandpick
NC_006510.1,569165,580302,11137,islandpick
NC_006510.1,535573,546465,10892,islandpick
NC_013421.1,1899439,1908767,9328,islandpick
NC_013421.1,2630479,2640030,9551,islandpick
NC_013421.1,3288879,3296964,8085,islandpick
NC_013421.1,4501825,4512551,10726,islandpick
NC_013421.1,1507957,1519207,11250,islandpick
NC_013421.1,1706099,1714733,8634,islandpick
NC_013421.1,1816234,1829151,12917,islandpick
NC_013421.1,1875015,1899302,24287,islandpick
NC_013421.1,494703,512305,17602,islandpick
NC_013421.1,561382,570425,9043,islandpick
NC_013421.1,727921,744012,16091,islandpick
NC_013421.1,929046,938142,9096,islandpick
NC_013421.1,1180143,1189237,9094,islandpick
NC_013421.1,392117,400866,8749,islandpick
NC_012695.1,2125012,2139124,14112,islandpick
NC_012695.1,1982938,1992264,9326,islandpick
NC_012695.1,2081288,2093287,11999,islandpick
NC_012695.1,1505201,1529797,24596,islandpick
NC_012695.1,1483652,1502423,18771,islandpick
NC_012695.1,897087,932995,35908,islandpick
NC_012658.1,1419344,1428889,9545,islandpick
NC_002754.1,1551023,1560559,9536,islandpick
NC_002754.1,1560641,1573772,13131,islandpick
NC_002754.1,1620950,1630290,9340,islandpick
NC_002754.1,1712238,1723043,10805,islandpick
NC_012726.1,847252,861162,13910,islandpick
NC_012632.1,347389,360716,13327,islandpick
NC_012632.1,503298,511833,8535,islandpick
NC_012632.1,796661,805982,9321,islandpick
NC_002754.1,1317786,1329491,11705,islandpick
NC_002754.1,1395680,1406389,10709,islandpick
NC_002754.1,1206765,1223501,16736,islandpick
NC_002754.1,1140806,1156459,15653,islandpick
NC_012588.1,441861,453942,12081,islandpick
NC_012588.1,778649,787965,9316,islandpick
NC_002754.1,1106448,1114464,8016,islandpick
NC_012589.1,668664,678162,9498,islandpick
NC_002754.1,1460455,1474703,14248,islandpick
NC_012589.1,970089,982686,12597,islandpick
NC_012589.1,871653,881473,9820,islandpick
NC_012726.1,499615,507752,8137,islandpick
NC_009494.2,184784,203453,18669,islandpick
NC_012623.1,1770111,1780706,10595,islandpick
NC_002754.1,666861,676065,9204,islandpick
NC_012581.1,466348,476242,9894,islandpick
NC_012581.1,3756032,3767208,11176,islandpick
NC_012581.1,4844201,4860835,16634,islandpick
NC_012623.1,1851531,1860864,9333,islandpick
NC_002754.1,1183896,1204052,20156,islandpick
NC_013456.1,2273729,2286686,12957,islandpick
NC_005362.1,1958849,1970521,11672,islandpick
NC_013456.1,1857722,1873579,15857,islandpick
NC_013456.1,2188274,2196673,8399,islandpick
NC_013456.1,152168,161565,9397,islandpick
NC_013456.1,164835,179105,14270,islandpick
NC_013456.1,1811083,1823263,12180,islandpick
NC_012416.1,722860,734528,11668,islandpick
NC_012471.1,1255695,1267730,12035,islandpick
NC_012471.1,1211033,1230573,19540,islandpick
NC_012471.1,788812,798022,9210,islandpick
NC_011134.1,316406,326990,10584,islandpick
NC_011969.1,571042,581212,10170,islandpick
NC_011969.1,1963440,1971483,8043,islandpick
NC_011969.1,4789793,4797958,8165,islandpick
NC_013450.1,52725,68168,15443,islandpick
NC_013941.1,385818,397935,12117,islandpick
NC_013941.1,1591280,1616077,24797,islandpick
NC_013941.1,1759859,1772837,12978,islandpick
NC_009428.1,163849,172418,8569,islandpick
NC_009428.1,422283,447823,25540,islandpick
NC_009428.1,751913,799426,47513,islandpick
NC_009428.1,801155,813492,12337,islandpick
NC_009428.1,813904,823907,10003,islandpick
NC_009428.1,1306152,1355917,49765,islandpick
NC_009428.1,1441900,1454392,12492,islandpick
NC_009428.1,1454537,1473571,19034,islandpick
NC_009428.1,1575936,1597158,21222,islandpick
NC_009428.1,1850843,1876960,26117,islandpick
NC_009428.1,2085503,2112635,27132,islandpick
NC_009428.1,2120558,2160617,40059,islandpick
NC_009428.1,2883355,2905794,22439,islandpick
NC_011750.1,2002011,2025384,23373,islandpick
NC_011750.1,2589878,2599132,9254,islandpick
NC_011750.1,2758271,2777960,19689,islandpick
NC_011750.1,3545590,3563179,17589,islandpick
NC_011750.1,3589120,3604831,15711,islandpick
NC_011750.1,3608267,3617368,9101,islandpick
NC_011750.1,3617539,3639937,22398,islandpick
NC_011750.1,4393849,4412999,19150,islandpick
NC_011750.1,4419298,4432389,13091,islandpick
NC_011750.1,4777489,4800776,23287,islandpick
NC_011748.1,297585,312444,14859,islandpick
NC_011748.1,840396,858502,18106,islandpick
NC_011748.1,1104666,1115685,11019,islandpick
NC_011748.1,1124757,1136866,12109,islandpick
NC_011748.1,1408233,1426326,18093,islandpick
NC_011748.1,1430009,1450913,20904,islandpick
NC_011748.1,1784016,1800326,16310,islandpick
NC_011748.1,2712934,2727898,14964,islandpick
NC_011748.1,3224078,3239016,14938,islandpick
NC_011748.1,3342445,3354741,12296,islandpick
NC_011748.1,3356407,3365542,9135,islandpick
NC_011748.1,3428734,3450504,21770,islandpick
NC_011748.1,3467786,3486482,18696,islandpick
NC_011748.1,4746227,4755129,8902,islandpick
NC_011748.1,4764318,4785329,21011,islandpick
NC_011748.1,4786520,4802692,16172,islandpick
NC_011748.1,4981846,5000333,18487,islandpick
NC_011748.1,5029634,5039620,9986,islandpick
NC_011748.1,5058503,5070320,11817,islandpick
NC_011992.1,1648584,1660952,12368,islandpick
NC_011992.1,1977553,1988076,10523,islandpick
NC_011992.1,2264804,2273903,9099,islandpick
NC_011992.1,2856845,2868061,11216,islandpick
NC_011992.1,3384600,3394304,9704,islandpick
NC_011992.1,3402079,3434135,32056,islandpick
NC_011992.1,3434156,3453530,19374,islandpick
NC_010483.1,1144158,1153292,9134,islandpick
NC_011978.1,229318,240708,11390,islandpick
NC_011978.1,342567,364447,21880,islandpick
NC_011978.1,705121,716534,11413,islandpick
NC_011978.1,774320,784991,10671,islandpick
NC_009486.1,1107417,1118618,11201,islandpick
NC_011772.1,893021,908819,15798,islandpick
NC_011772.1,1875296,1885291,9995,islandpick
NC_011772.1,2346357,2362195,15838,islandpick
NC_008782.1,850979,868645,17666,islandpick
NC_008782.1,974802,989024,14222,islandpick
NC_008782.1,1420268,1429913,9645,islandpick
NC_008782.1,1441809,1454577,12768,islandpick
NC_008782.1,1545528,1553734,8206,islandpick
NC_008782.1,1553868,1565911,12043,islandpick
NC_008782.1,1574030,1594870,20840,islandpick
NC_008782.1,1607922,1616652,8730,islandpick
NC_008782.1,1616669,1632137,15468,islandpick
NC_008782.1,1646602,1659916,13314,islandpick
NC_008782.1,1934116,1957824,23708,islandpick
NC_008782.1,1963879,1973865,9986,islandpick
NC_008782.1,2218537,2227431,8894,islandpick
NC_008782.1,2231606,2242573,10967,islandpick
NC_008782.1,2278811,2297528,18717,islandpick
NC_008782.1,2320994,2334601,13607,islandpick
NC_008782.1,2346068,2356102,10034,islandpick
NC_008782.1,2689186,2709695,20509,islandpick
NC_008782.1,2841792,2851279,9487,islandpick
NC_008782.1,2851404,2867092,15688,islandpick
NC_008782.1,3116090,3128027,11937,islandpick
NC_008782.1,3190613,3209159,18546,islandpick
NC_008782.1,3210047,3219172,9125,islandpick
NC_008782.1,3222391,3237431,15040,islandpick
NC_008782.1,3793216,3804901,11685,islandpick
NC_007760.1,2130950,2143815,12865,islandpick
NC_007760.1,2623886,2638334,14448,islandpick
NC_007760.1,3128587,3139617,11030,islandpick
NC_007760.1,3139663,3149352,9689,islandpick
NC_007760.1,3673834,3709652,35818,islandpick
NC_007760.1,3719126,3728409,9283,islandpick
NC_007760.1,3742658,3754391,11733,islandpick
NC_011145.1,1738062,1748341,10279,islandpick
NC_011145.1,2262651,2272098,9447,islandpick
NC_011145.1,3743691,3752871,9180,islandpick
NC_011145.1,3759554,3777360,17806,islandpick
NC_011145.1,3780205,3788675,8470,islandpick
NC_011145.1,4374402,4389357,14955,islandpick
NC_011145.1,4428811,4437899,9088,islandpick
NC_011145.1,4447805,4464893,17088,islandpick
NC_011145.1,4637952,4647321,9369,islandpick
NC_014256.1,627834,636086,8252,islandpick
NC_005362.1,924648,938118,13470,islandpick
NC_005362.1,411527,441541,30014,islandpick
NC_013504.1,1083406,1095286,11880,islandpick
NC_013504.1,1040884,1051533,10649,islandpick
NC_013504.1,988624,1000932,12308,islandpick
NC_013504.1,1000994,1009464,8470,islandpick
NC_013504.1,953895,966576,12681,islandpick
NC_013504.1,943367,953745,10378,islandpick
NC_013941.1,266794,277405,10611,islandpick
NC_013016.1,1445351,1456370,11019,islandpick
NC_013016.1,1484481,1493600,9119,islandpick
NC_012917.1,663341,676768,13427,islandpick
NC_012917.1,1000107,1010097,9990,islandpick
NC_012917.1,2374560,2383873,9313,islandpick
NC_012917.1,3249538,3258881,9343,islandpick
NC_012917.1,3270905,3280530,9625,islandpick
NC_012917.1,3673015,3682381,9366,islandpick
NC_012988.1,350322,371718,21396,islandpick
NC_012988.1,787665,796161,8496,islandpick
NC_012988.1,1462065,1471601,9536,islandpick
NC_012988.1,1511402,1519741,8339,islandpick
NC_012988.1,2467743,2480833,13090,islandpick
NC_012988.1,2481597,2554164,72567,islandpick
NC_012988.1,2554807,2582997,28190,islandpick
NC_012988.1,3294789,3308277,13488,islandpick
NC_012988.1,4321319,4339894,18575,islandpick
NC_012988.1,5315409,5327320,11911,islandpick
NC_012808.1,61859,80757,18898,islandpick
NC_012808.1,1298551,1308031,9480,islandpick
NC_012808.1,1644844,1655300,10456,islandpick
NC_012808.1,1916948,1930887,13939,islandpick
NC_012808.1,1951426,1960376,8950,islandpick
NC_012808.1,2721233,2730924,9691,islandpick
NC_012808.1,2756659,2767641,10982,islandpick
NC_012808.1,2767866,2778714,10848,islandpick
NC_012808.1,2802429,2824914,22485,islandpick
NC_012808.1,2907188,2916483,9295,islandpick
NC_012808.1,2920954,2935677,14723,islandpick
NC_012808.1,4060204,4081100,20896,islandpick
NC_012808.1,4084951,4094122,9171,islandpick
NC_012808.1,4107674,4117514,9840,islandpick
NC_012731.1,604377,616213,11836,islandpick
NC_012731.1,616378,645170,28792,islandpick
NC_012731.1,2511449,2520589,9140,islandpick
NC_012731.1,2634044,2642978,8934,islandpick
NC_012731.1,3198584,3209155,10571,islandpick
NC_012731.1,4041475,4063879,22404,islandpick
NC_006570.2,1074262,1082897,8635,islandpick
NC_012967.1,3020086,3029525,9439,islandpick
NC_012759.1,2642799,2652672,9873,islandpick
NC_012759.1,4459535,4468680,9145,islandpick
NC_012846.1,1746280,1754893,8613,islandpick
NC_012846.1,1776231,1785409,9178,islandpick
NC_012846.1,1891255,1899872,8617,islandpick
NC_013118.1,1038883,1050627,11744,islandpick
NC_012856.1,647479,659105,11626,islandpick
NC_012856.1,659159,670150,10991,islandpick
NC_012856.1,1086656,1095654,8998,islandpick
NC_012856.1,2804514,2819030,14516,islandpick
NC_012856.1,2948799,2960846,12047,islandpick
NC_012856.1,3276120,3284125,8005,islandpick
NC_012850.1,191753,215568,23815,islandpick
NC_012850.1,455095,476471,21376,islandpick
NC_012850.1,1511662,1522610,10948,islandpick
NC_013199.1,692410,701117,8707,islandpick
NC_010999.1,382549,390797,8248,islandpick
NC_010999.1,928685,960702,32017,islandpick
NC_008526.1,347615,361200,13585,islandpick
NC_008526.1,570409,579046,8637,islandpick
NC_010999.1,1043419,1076660,33241,islandpick
NC_013198.1,1538390,1562019,23629,islandpick
NC_012214.1,3300273,3317881,17608,islandpick
NC_012214.1,3195587,3214487,18900,islandpick
NC_012214.1,1658221,1670318,12097,islandpick
NC_012214.1,2286169,2307513,21344,islandpick
NC_012214.1,673778,684229,10451,islandpick
NC_012214.1,466169,486316,20147,islandpick
NC_012214.1,541034,556358,15324,islandpick
NC_014209.1,21945,34445,12500,islandpick
NC_014209.1,1675599,1685506,9907,islandpick
NC_013411.1,297698,308344,10646,islandpick
NC_013411.1,600097,609927,9830,islandpick
NC_013411.1,2317768,2359661,41893,islandpick
NC_013364.1,1209394,1222424,13030,islandpick
NC_013364.1,1222488,1242797,20309,islandpick
NC_013364.1,1297414,1306983,9569,islandpick
NC_013364.1,1320471,1332140,11669,islandpick
NC_013364.1,1480344,1491085,10741,islandpick
NC_013364.1,2004595,2013346,8751,islandpick
NC_013364.1,2415168,2423458,8290,islandpick
NC_013364.1,2431766,2440498,8732,islandpick
NC_013364.1,2856254,2864626,8372,islandpick
NC_013364.1,3720250,3739969,19719,islandpick
NC_013364.1,3740014,3751995,11981,islandpick
NC_013364.1,5086026,5098488,12462,islandpick
NC_013353.1,590785,602914,12129,islandpick
NC_013353.1,608836,617371,8535,islandpick
NC_013361.1,321454,335393,13939,islandpick
NC_013353.1,1288988,1306633,17645,islandpick
NC_013361.1,924608,942546,17938,islandpick
NC_013353.1,1312489,1321100,8611,islandpick
NC_013361.1,1170970,1186226,15256,islandpick
NC_013353.1,1467505,1481361,13856,islandpick
NC_013361.1,1212054,1225900,13846,islandpick
NC_013353.1,1732313,1745621,13308,islandpick
NC_013361.1,1242777,1262097,19320,islandpick
NC_013353.1,2282760,2295975,13215,islandpick
NC_013361.1,1262446,1270929,8483,islandpick
NC_013353.1,2322410,2336865,14455,islandpick
NC_013361.1,1290988,1311054,20066,islandpick
NC_013353.1,2344985,2362616,17631,islandpick
NC_013361.1,1316634,1335393,18759,islandpick
NC_013353.1,2379763,2388875,9112,islandpick
NC_013361.1,1348893,1358921,10028,islandpick
NC_013353.1,2388926,2398196,9270,islandpick
NC_013361.1,1474452,1487347,12895,islandpick
NC_013353.1,2422528,2431298,8770,islandpick
NC_013361.1,1500569,1516341,15772,islandpick
NC_013353.1,2439931,2448739,8808,islandpick
NC_013361.1,1584804,1614670,29866,islandpick
NC_013353.1,2861707,2891325,29618,islandpick
NC_013361.1,1905133,1917349,12216,islandpick
NC_013353.1,3167641,3185100,17459,islandpick
NC_013361.1,2169947,2179076,9129,islandpick
NC_013353.1,3627965,3669549,41584,islandpick
NC_013361.1,2198001,2206368,8367,islandpick
NC_013361.1,2692906,2702885,9979,islandpick
NC_013353.1,3683567,3714721,31154,islandpick
NC_013361.1,2804315,2821733,17418,islandpick
NC_013353.1,3845424,3857529,12105,islandpick
NC_013361.1,3089532,3099708,10176,islandpick
NC_013353.1,3877932,3891291,13359,islandpick
NC_013361.1,3265514,3283256,17742,islandpick
NC_013353.1,4713495,4722132,8637,islandpick
NC_013361.1,3294156,3307651,13495,islandpick
NC_013353.1,5078068,5119773,41705,islandpick
NC_013361.1,3311987,3326956,14969,islandpick
NC_013353.1,5273729,5282364,8635,islandpick
NC_013361.1,3605087,3643405,38318,islandpick
NC_013353.1,5384200,5397849,13649,islandpick
NC_013361.1,3906352,3914831,8479,islandpick
NC_013353.1,5401151,5414141,12990,islandpick
NC_013361.1,5329719,5345375,15656,islandpick
NC_013361.1,5345533,5353857,8324,islandpick
NC_013361.1,5354088,5365335,11247,islandpick
NC_013361.1,5365488,5376488,11000,islandpick
NC_013361.1,5524379,5534299,9920,islandpick
NC_013361.1,5558498,5574783,16285,islandpick
NC_010694.1,446510,456694,10184,islandpick
NC_010694.1,457294,468849,11555,islandpick
NC_010694.1,717123,727546,10423,islandpick
NC_010694.1,1074229,1084821,10592,islandpick
NC_010694.1,2141195,2152850,11655,islandpick
NC_010694.1,2714406,2724796,10390,islandpick
NC_010694.1,3357806,3367417,9611,islandpick
NC_013282.1,1252654,1260794,8140,islandpick
NC_009778.1,1562407,1573685,11278,islandpick
NC_009778.1,1574089,1587820,13731,islandpick
NC_009778.1,2237197,2262011,24814,islandpick
NC_009778.1,2262487,2272716,10229,islandpick
NC_009778.1,2961518,2971479,9961,islandpick
NC_009778.1,2977162,2985209,8047,islandpick
NC_013642.1,423323,435609,12286,islandpick
NC_009004.1,1208916,1223350,14434,islandpick
NC_009004.1,1323737,1333425,9688,islandpick
NC_009004.1,1347893,1380497,32604,islandpick
NC_002662.1,464400,475402,11002,islandpick
NC_008527.1,1050947,1065315,14368,islandpick
NC_008527.1,1330612,1340411,9799,islandpick
NC_008527.1,2402381,2414850,12469,islandpick
NC_013656.1,96321,108942,12621,islandpick
NC_013656.1,280220,294979,14759,islandpick
NC_013656.1,300081,312797,12716,islandpick
NC_013656.1,601600,610281,8681,islandpick
NC_013656.1,666849,680630,13781,islandpick
NC_013656.1,680647,693490,12843,islandpick
NC_013656.1,695542,704948,9406,islandpick
NC_013656.1,1081352,1094458,13106,islandpick
NC_013656.1,1236434,1247796,11362,islandpick
NC_013656.1,1249873,1260302,10429,islandpick
NC_013656.1,1345849,1355870,10021,islandpick
NC_013656.1,1757078,1776901,19823,islandpick
NC_013656.1,2298913,2315911,16998,islandpick
NC_013656.1,2315980,2335248,19268,islandpick
NC_007356.1,85001,107663,22662,islandpick
NC_007356.1,1178482,1187277,8795,islandpick
NC_007356.1,1242202,1253472,11270,islandpick
NC_013552.1,72639,80702,8063,islandpick
NC_013552.1,207279,227826,20547,islandpick
NC_013552.1,235322,259059,23737,islandpick
NC_013552.1,1177851,1188754,10903,islandpick
NC_013552.1,1196874,1211000,14126,islandpick
NC_013552.1,1224235,1245014,20779,islandpick
NC_002936.3,160537,170131,9594,islandpick
NC_002936.3,246003,263118,17115,islandpick
NC_002936.3,268361,285586,17225,islandpick
NC_002936.3,291787,300659,8872,islandpick
NC_002936.3,815222,832882,17660,islandpick
NC_002936.3,994960,1014996,20036,islandpick
NC_002936.3,1050930,1065185,14255,islandpick
NC_009455.1,61281,82025,20744,islandpick
NC_009455.1,184824,195196,10372,islandpick
NC_009455.1,206618,223767,17149,islandpick
NC_009455.1,830207,838975,8768,islandpick
NC_012912.1,1045831,1079384,33553,islandpick
NC_012912.1,1679253,1693064,13811,islandpick
NC_012912.1,3868856,3886855,17999,islandpick
NC_013592.1,1520185,1547392,27207,islandpick
NC_013592.1,1552226,1565919,13693,islandpick
NC_013592.1,1566124,1583837,17713,islandpick
NC_013592.1,1618191,1629834,11643,islandpick
NC_013592.1,2071367,2086198,14831,islandpick
NC_013592.1,2818430,2826653,8223,islandpick
NC_013592.1,2994702,3010049,15347,islandpick
NC_013592.1,3218031,3227053,9022,islandpick
NC_013592.1,3265447,3278962,13515,islandpick
NC_013592.1,3434111,3449829,15718,islandpick
NC_013592.1,3449878,3462662,12784,islandpick
NC_013592.1,3675730,3684211,8481,islandpick
NC_009494.2,2504486,2521655,17169,islandpick
NC_009494.2,1281083,1291182,10099,islandpick
NC_009494.2,618327,656727,38400,islandpick
NC_009494.2,216196,233564,17368,islandpick
NC_009436.1,2021648,2031729,10081,islandpick
NC_014121.1,4551014,4560518,9504,islandpick
NC_014121.1,4061884,4073229,11345,islandpick
NC_014121.1,1594954,1603109,8155,islandpick
NC_014121.1,1030748,1052296,21548,islandpick
NC_009436.1,524961,534599,9638,islandpick
NC_014121.1,463256,472188,8932,islandpick
NC_014121.1,428055,444207,16152,islandpick
NC_013769.1,846579,857777,11198,islandpick
NC_013769.1,937565,964140,26575,islandpick
NC_013769.1,1346539,1360609,14070,islandpick
NC_013769.1,1378691,1388557,9866,islandpick
NC_013766.1,691734,714184,22450,islandpick
NC_013766.1,2479598,2487689,8091,islandpick
NC_012214.1,3503667,3519129,15462,islandpick
NC_012214.1,3483303,3501246,17943,islandpick
NC_012214.1,3467387,3478058,10671,islandpick
NC_003272.1,1758572,1775504,16932,islandpick
NC_003272.1,2353981,2364200,10219,islandpick
NC_003272.1,2564530,2574532,10002,islandpick
NC_003272.1,2579749,2593463,13714,islandpick
NC_003272.1,2623180,2637126,13946,islandpick
NC_003272.1,2646351,2655398,9047,islandpick
NC_003272.1,2658126,2668927,10801,islandpick
NC_003272.1,2741047,2767665,26618,islandpick
NC_003272.1,3092139,3112192,20053,islandpick
NC_003272.1,3112253,3133901,21648,islandpick
NC_003272.1,3148751,3160897,12146,islandpick
NC_003272.1,3173023,3184933,11910,islandpick
NC_003272.1,3208153,3232859,24706,islandpick
NC_003272.1,3233837,3244777,10940,islandpick
NC_003272.1,3391559,3403968,12409,islandpick
NC_003272.1,3994194,4022223,28029,islandpick
NC_003272.1,6196738,6206384,9646,islandpick
NC_003272.1,6246203,6261522,15319,islandpick
NC_014125.1,632164,647796,15632,islandpick
NC_014125.1,184552,203221,18669,islandpick
NC_014125.1,213373,228152,14779,islandpick
NC_014125.1,613508,631958,18450,islandpick
NC_014169.1,1122582,1131119,8537,islandpick
NC_014169.1,243280,256252,12972,islandpick
NC_014169.1,230010,238661,8651,islandpick
NC_014117.1,2699610,2716121,16511,islandpick
NC_014117.1,1764822,1779249,14427,islandpick
NC_014117.1,1409313,1419812,10499,islandpick
NC_014117.1,1423676,1434450,10774,islandpick
NC_014117.1,1381647,1390307,8660,islandpick
NC_014117.1,860200,871017,10817,islandpick
NC_014117.1,1372359,1381012,8653,islandpick
NC_014117.1,466197,501671,35474,islandpick
NC_014117.1,164889,175787,10898,islandpick
NC_014117.1,446291,463313,17022,islandpick
NC_014117.1,134423,158284,23861,islandpick
NC_013921.1,201598,217453,15855,islandpick
NC_013921.1,1402271,1436300,34029,islandpick
NC_013921.1,1753006,1766833,13827,islandpick
NC_013921.1,1879497,1892640,13143,islandpick
NC_013921.1,1915052,1928716,13664,islandpick
NC_013921.1,2144966,2156978,12012,islandpick
NC_013853.1,1300573,1309141,8568,islandpick
NC_013853.1,1565409,1575112,9703,islandpick
NC_013853.1,1650464,1660734,10270,islandpick
NC_010320.1,1015355,1024075,8720,islandpick
NC_010320.1,1257788,1317580,59792,islandpick
NC_010320.1,1950969,1965854,14885,islandpick
NC_010320.1,1981437,1989537,8100,islandpick
NC_010321.1,80346,88405,8059,islandpick
NC_013156.1,529262,538350,9088,islandpick
NC_013156.1,608695,617557,8862,islandpick
NC_013156.1,1089646,1099515,9869,islandpick
NC_013887.1,114353,124666,10313,islandpick
NC_013887.1,570642,579955,9313,islandpick
NC_013887.1,891379,901437,10058,islandpick
NC_013887.1,1098436,1110974,12538,islandpick
NC_013887.1,1111042,1122954,11912,islandpick
NC_013887.1,1256290,1275183,18893,islandpick
NC_000909.1,993637,1008397,14760,islandpick
NC_000909.1,1021987,1030871,8884,islandpick
NC_000909.1,1179960,1194992,15032,islandpick
NC_000909.1,1341663,1363310,21647,islandpick
NC_013891.1,1154486,1179013,24527,islandpick
NC_013891.1,1636197,1663068,26871,islandpick
NC_013850.1,1689990,1699178,9188,islandpick
NC_013850.1,2226100,2245726,19626,islandpick
NC_013850.1,2372719,2382128,9409,islandpick
NC_013850.1,2855472,2871342,15870,islandpick
NC_013850.1,3279602,3299847,20245,islandpick
NC_013850.1,4326833,4336032,9199,islandpick
NC_013890.1,68356,77320,8964,islandpick
NC_013890.1,202152,216349,14197,islandpick
NC_013890.1,1171608,1189746,18138,islandpick
NC_014206.1,2984697,2993259,8562,islandpick
NC_014206.1,1396065,1408902,12837,islandpick
NC_012214.1,3323545,3344703,21158,islandpick
NC_014259.1,1872112,1887709,15597,islandpick
NC_014259.1,1632524,1651407,18883,islandpick
NC_014259.1,1282806,1299115,16309,islandpick
NC_013971.1,479207,496230,17023,islandpick
NC_013971.1,3122807,3132876,10069,islandpick
NC_013961.1,506249,516124,9875,islandpick
NC_013961.1,638495,648495,10000,islandpick
NC_013961.1,3275153,3292518,17365,islandpick
NC_014538.1,964808,972908,8100,islandpick
NC_014538.1,988491,1003376,14885,islandpick
NC_014538.1,1596805,1656594,59789,islandpick
NC_014538.1,1890307,1899027,8720,islandpick
NC_014335.1,2075902,2089971,14069,islandpick
NC_014335.1,2280352,2291823,11471,islandpick
NC_014335.1,4060531,4082742,22211,islandpick
NC_014335.1,4789092,4801798,12706,islandpick
NC_014335.1,5153748,5167079,13331,islandpick
NC_014551.1,596145,616377,20232,islandpick
NC_014551.1,882816,902198,19382,islandpick
NC_014551.1,924947,950696,25749,islandpick
NC_014551.1,961597,991733,30136,islandpick
NC_014551.1,1903431,1916094,12663,islandpick
NC_014551.1,2063867,2076535,12668,islandpick
NC_014551.1,2516336,2538970,22634,islandpick
NC_014551.1,2937328,2975047,37719,islandpick
NC_014551.1,3145967,3166640,20673,islandpick
NC_014551.1,3871323,3883980,12657,islandpick
NC_009725.1,2287389,2296754,9365,islandpick
NC_009725.1,2296766,2304924,8158,islandpick
NC_009725.1,2305223,2319261,14038,islandpick
NC_009725.1,2335214,2344821,9607,islandpick
NC_009725.1,2872512,2883126,10614,islandpick
NC_014500.1,851249,859654,8405,islandpick
NC_014500.1,867507,886851,19344,islandpick
NC_014500.1,1047718,1066366,18648,islandpick
NC_014500.1,1509469,1518305,8836,islandpick
NC_014500.1,3166704,3188490,21786,islandpick
NC_014500.1,4294480,4308567,14087,islandpick
NC_012522.1,39868,62155,22287,islandpick
NC_012522.1,65023,73050,8027,islandpick
NC_012522.1,83820,104626,20806,islandpick
NC_012522.1,108187,116391,8204,islandpick
NC_012522.1,121866,132493,10627,islandpick
NC_012522.1,433453,450486,17033,islandpick
NC_012522.1,519066,527877,8811,islandpick
NC_012522.1,1444105,1452670,8565,islandpick
NC_012522.1,1916661,1925550,8889,islandpick
NC_012522.1,2272971,2291238,18267,islandpick
NC_012522.1,2485068,2498998,13930,islandpick
NC_012522.1,2499060,2508296,9236,islandpick
NC_012522.1,2606903,2636825,29922,islandpick
NC_012522.1,2641346,2653036,11690,islandpick
NC_012522.1,2653409,2686220,32811,islandpick
NC_012522.1,2700212,2720173,19961,islandpick
NC_012522.1,2802349,2814823,12474,islandpick
NC_012522.1,2871349,2879792,8443,islandpick
NC_012522.1,2903080,2913139,10059,islandpick
NC_012522.1,2936869,2969615,32746,islandpick
NC_012522.1,3015397,3038048,22651,islandpick
NC_012522.1,3073704,3090981,17277,islandpick
NC_012522.1,3106003,3118183,12180,islandpick
NC_012522.1,3182763,3209166,26403,islandpick
NC_012522.1,3227876,3237839,9963,islandpick
NC_012522.1,3243020,3255693,12673,islandpick
NC_012522.1,3319956,3339944,19988,islandpick
NC_012522.1,3355940,3364646,8706,islandpick
NC_012522.1,3365063,3379272,14209,islandpick
NC_012522.1,3538145,3551161,13016,islandpick
NC_012522.1,3640405,3656108,15703,islandpick
NC_012522.1,3705806,3715986,10180,islandpick
NC_012522.1,3894583,3905656,11073,islandpick
NC_012522.1,4018535,4032565,14030,islandpick
NC_012522.1,4159204,4170265,11061,islandpick
NC_012522.1,4320901,4365585,44684,islandpick
NC_012522.1,4874376,4886133,11757,islandpick
NC_012522.1,4922791,4940580,17789,islandpick
NC_012522.1,4940633,4972573,31940,islandpick
NC_012522.1,4983197,5001317,18120,islandpick
NC_012522.1,5001367,5036735,35368,islandpick
NC_012522.1,5819600,5829669,10069,islandpick
NC_012522.1,5876738,5891903,15165,islandpick
NC_012522.1,5891950,5913862,21912,islandpick
NC_012522.1,6280147,6289251,9104,islandpick
NC_012522.1,7722200,7738609,16409,islandpick
NC_012522.1,7742070,7755029,12959,islandpick
NC_012522.1,7762761,7844629,81868,islandpick
NC_012522.1,7844736,7887012,42276,islandpick
NC_009380.1,542063,562482,20419,islandpick
NC_009380.1,642173,651663,9490,islandpick
NC_009380.1,753628,763326,9698,islandpick
NC_009380.1,770495,781534,11039,islandpick
NC_009380.1,1116364,1140676,24312,islandpick
NC_009380.1,1142140,1159760,17620,islandpick
NC_009380.1,1160605,1175602,14997,islandpick
NC_009380.1,2248886,2267265,18379,islandpick
NC_009380.1,2471637,2483466,11829,islandpick
NC_009380.1,3056926,3068768,11842,islandpick
NC_009380.1,3108482,3118323,9841,islandpick
NC_009380.1,3184899,3203697,18798,islandpick
NC_009380.1,3208298,3249741,41443,islandpick
NC_009380.1,3250453,3261217,10764,islandpick
NC_009380.1,4555326,4565059,9733,islandpick
NC_014721.1,763626,779371,15745,islandpick
NC_014721.1,2334989,2348824,13835,islandpick
NC_014721.1,2531750,2541567,9817,islandpick
NC_014721.1,2744289,2753756,9467,islandpick
NC_014539.1,5899,38000,32101,islandpick
NC_014539.1,39785,47838,8053,islandpick
NC_014539.1,647847,663033,15186,islandpick
NC_014539.1,693578,702206,8628,islandpick
NC_014539.1,704081,745249,41168,islandpick
NC_014539.1,761076,779317,18241,islandpick
NC_014539.1,792080,812183,20103,islandpick
NC_014539.1,812492,820836,8344,islandpick
NC_014539.1,1532983,1547940,14957,islandpick
NC_014539.1,1592523,1604720,12197,islandpick
NC_014539.1,1975387,1991739,16352,islandpick
NC_014539.1,1991784,2002319,10535,islandpick
NC_014539.1,2043295,2059488,16193,islandpick
NC_014539.1,2066494,2086058,19564,islandpick
NC_014539.1,2370402,2378586,8184,islandpick
NC_014539.1,2378810,2395413,16603,islandpick
NC_014539.1,2402432,2411809,9377,islandpick
NC_014539.1,2441444,2449704,8260,islandpick
NC_014539.1,2450670,2469927,19257,islandpick
NC_014539.1,2577143,2588944,11801,islandpick
NC_014539.1,2624034,2653702,29668,islandpick
NC_014656.1,1760658,1769763,9105,islandpick
NC_014834.1,622856,634448,11592,islandpick
NC_014834.1,635728,662954,27226,islandpick
NC_014834.1,766691,775469,8778,islandpick
NC_014834.1,924552,943805,19253,islandpick
NC_014834.1,949748,969103,19355,islandpick
NC_014834.1,983054,992774,9720,islandpick
NC_014834.1,2217096,2232745,15649,islandpick
NC_014834.1,2235304,2247146,11842,islandpick
NC_014834.1,2247257,2257496,10239,islandpick
NC_014834.1,2257599,2292556,34957,islandpick
NC_014834.1,3135406,3181101,45695,islandpick
NC_014834.1,3310958,3323386,12428,islandpick
NC_014834.1,3476272,3484346,8074,islandpick
NC_014834.1,3511134,3524034,12900,islandpick
NC_014834.1,4649718,4658644,8926,islandpick
NC_015183.1,1437055,1465529,28474,islandpick
NC_015183.1,1754267,1772167,17900,islandpick
NC_015183.1,2459115,2469910,10795,islandpick
NC_015183.1,2478314,2492391,14077,islandpick
NC_000964.3,2251656,2264676,13020,islandpick
NC_014479.1,201166,209580,8414,islandpick
NC_014479.1,2526125,2534894,8769,islandpick
NC_015052.1,360695,371088,10393,islandpick
NC_015052.1,1341763,1351687,9924,islandpick
NC_015052.1,1360837,1373221,12384,islandpick
NC_008752.1,1763342,1792253,28911,islandpick
NC_008752.1,1838197,1853735,15538,islandpick
NC_008752.1,1902553,1931637,29084,islandpick
NC_008752.1,2341654,2354103,12449,islandpick
NC_008752.1,2554745,2571476,16731,islandpick
NC_008752.1,2573174,2612660,39486,islandpick
NC_008752.1,2612844,2620899,8055,islandpick
NC_008752.1,2620951,2630663,9712,islandpick
NC_008752.1,2943068,2967308,24240,islandpick
NC_008752.1,2968247,3004841,36594,islandpick
NC_008752.1,3014937,3031745,16808,islandpick
NC_008752.1,3031793,3051352,19559,islandpick
NC_008752.1,3224592,3235470,10878,islandpick
NC_014910.1,1716483,1732330,15847,islandpick
NC_014910.1,2112597,2149538,36941,islandpick
NC_014910.1,2473533,2490784,17251,islandpick
NC_014910.1,2789018,2805708,16690,islandpick
NC_014910.1,3707580,3716675,9095,islandpick
NC_014910.1,3716929,3730967,14038,islandpick
NC_014910.1,3735941,3747677,11736,islandpick
NC_015422.1,1670818,1679910,9092,islandpick
NC_015422.1,1926777,1935494,8717,islandpick
NC_015422.1,1936326,1950204,13878,islandpick
NC_015422.1,1950275,1960747,10472,islandpick
NC_015422.1,1963567,1971584,8017,islandpick
NC_015422.1,1971899,1981195,9296,islandpick
NC_015422.1,2031639,2045029,13390,islandpick
NC_015422.1,2813298,2829968,16670,islandpick
NC_015422.1,2885730,2913113,27383,islandpick
NC_015422.1,2925709,2934275,8566,islandpick
NC_015422.1,2939134,2947789,8655,islandpick
NC_015422.1,3201556,3213731,12175,islandpick
NC_015422.1,4517992,4541456,23464,islandpick
NC_015422.1,4541922,4554836,12914,islandpick
NC_015137.1,212264,223207,10943,islandpick
NC_015137.1,483848,495280,11432,islandpick
NC_015137.1,842172,856479,14307,islandpick
NC_015137.1,859683,898289,38606,islandpick
NC_015137.1,1031531,1041247,9716,islandpick
NC_015137.1,2350240,2360691,10451,islandpick
NC_015137.1,2403378,2423046,19668,islandpick
NC_015137.1,2465650,2477168,11518,islandpick
NC_015137.1,2561675,2607583,45908,islandpick
NC_015137.1,2615829,2644336,28507,islandpick
NC_014540.1,29065,57003,27938,islandpick
NC_014540.1,361346,371151,9805,islandpick
NC_014540.1,387827,399552,11725,islandpick
NC_014540.1,740033,764463,24430,islandpick
NC_014540.1,766066,779363,13297,islandpick
NC_014540.1,782081,811098,29017,islandpick
NC_014540.1,1423244,1438546,15302,islandpick
NC_014540.1,1524803,1535707,10904,islandpick
NC_014540.1,1697245,1715528,18283,islandpick
NC_014540.1,1751436,1761447,10011,islandpick
NC_014540.1,2342559,2362113,19554,islandpick
NC_014540.1,2601992,2610725,8733,islandpick
NC_014540.1,2764247,2773395,9148,islandpick
NC_014540.1,2781877,2815029,33152,islandpick
NC_014540.1,2830810,2846991,16181,islandpick
NC_015136.1,5680,16264,10584,islandpick
NC_015136.1,605087,616973,11886,islandpick
NC_015136.1,633246,656599,23353,islandpick
NC_015136.1,657451,680451,23000,islandpick
NC_015136.1,684405,694937,10532,islandpick
NC_015136.1,697807,708341,10534,islandpick
NC_015136.1,1098455,1107918,9463,islandpick
NC_015136.1,1299741,1310113,10372,islandpick
NC_015136.1,1335832,1344642,8810,islandpick
NC_015136.1,1496418,1511193,14775,islandpick
NC_015136.1,1806125,1816555,10430,islandpick
NC_015136.1,1831323,1843211,11888,islandpick
NC_015136.1,2028307,2048193,19886,islandpick
NC_015136.1,2218040,2232021,13981,islandpick
NC_015136.1,2239231,2297753,58522,islandpick
NC_015136.1,2304741,2313804,9063,islandpick
NC_015136.1,2314046,2329834,15788,islandpick
NC_015136.1,2331640,2347214,15574,islandpick
NC_015136.1,2347284,2356858,9574,islandpick
NC_015136.1,2358671,2366713,8042,islandpick
NC_015136.1,2374957,2385648,10691,islandpick
NC_015136.1,3118931,3144869,25938,islandpick
NC_015138.1,765229,784753,19524,islandpick
NC_015138.1,1524479,1534867,10388,islandpick
NC_015138.1,1909400,1919278,9878,islandpick
NC_015138.1,2091273,2101755,10482,islandpick
NC_015138.1,2539394,2549078,9684,islandpick
NC_015138.1,2799362,2812200,12838,islandpick
NC_015138.1,3409068,3419711,10643,islandpick
NC_015138.1,4212777,4221916,9139,islandpick
NC_015138.1,5320454,5337629,17175,islandpick
NC_014657.1,925102,933744,8642,islandpick
NC_014652.1,543992,554856,10864,islandpick
NC_014652.1,709903,727020,17117,islandpick
NC_014652.1,2435486,2444812,9326,islandpick
NC_015563.1,1833687,1860580,26893,islandpick
NC_015563.1,1860636,1873728,13092,islandpick
NC_015563.1,1891223,1916608,25385,islandpick
NC_015563.1,1918692,1963301,44609,islandpick
NC_015563.1,1963540,1986714,23174,islandpick
NC_015563.1,1989063,2022068,33005,islandpick
NC_015563.1,2026689,2035396,8707,islandpick
NC_015563.1,2036025,2053137,17112,islandpick
NC_015563.1,2055384,2071932,16548,islandpick
NC_015563.1,2881014,2890676,9662,islandpick
NC_015563.1,2998543,3007165,8622,islandpick
NC_015563.1,3037439,3051044,13605,islandpick
NC_015563.1,3058223,3080221,21998,islandpick
NC_015563.1,3520032,3529100,9068,islandpick
NC_015563.1,3581659,3592075,10416,islandpick
NC_015563.1,3676253,3688480,12227,islandpick
NC_015563.1,4172060,4180425,8365,islandpick
NC_015563.1,4562879,4587253,24374,islandpick
NC_015563.1,4967823,4979177,11354,islandpick
NC_015663.1,709969,721158,11189,islandpick
NC_015663.1,1870383,1885322,14939,islandpick
NC_015663.1,2095494,2109013,13519,islandpick
NC_015663.1,2572890,2585302,12412,islandpick
NC_015663.1,2826180,2835027,8847,islandpick
NC_014915.1,2431564,2441791,10227,islandpick
NC_014915.1,2994009,3003839,9830,islandpick
NC_014922.1,463640,476519,12879,islandpick
NC_014922.1,477423,490399,12976,islandpick
NC_014922.1,1213977,1223814,9837,islandpick
NC_014922.1,1395538,1408779,13241,islandpick
NC_014922.1,1408796,1424836,16040,islandpick
NC_014922.1,1652861,1664303,11442,islandpick
NC_014920.1,90700,114528,23828,islandpick
NC_014920.1,473143,482782,9639,islandpick
NC_014920.1,853984,864047,10063,islandpick
NC_014920.1,865717,878788,13071,islandpick
NC_014920.1,1246409,1257063,10654,islandpick
NC_015214.1,395784,405273,9489,islandpick
NC_015214.1,1281914,1300149,18235,islandpick
NC_015214.1,1782210,1793119,10909,islandpick
NC_015214.1,1794436,1803881,9445,islandpick
NC_014724.1,1104265,1147875,43610,islandpick
NC_014724.1,1445239,1468906,23667,islandpick
NC_014334.1,384751,394026,9275,islandpick
NC_014752.1,566907,576118,9211,islandpick
NC_014752.1,842303,850417,8114,islandpick
NC_014752.1,851022,875305,24283,islandpick
NC_014752.1,880248,897714,17466,islandpick
NC_014752.1,898311,911128,12817,islandpick
NC_014752.1,1287343,1299981,12638,islandpick
NC_014752.1,1334730,1345178,10448,islandpick
NC_015431.1,326515,341326,14811,islandpick
NC_015431.1,375009,384997,9988,islandpick
NC_015431.1,391156,405192,14036,islandpick
NC_015431.1,1013982,1040649,26667,islandpick
NC_015410.1,3086998,3097700,10702,islandpick
NC_015410.1,3097999,3111780,13781,islandpick
NC_015410.1,3143092,3160457,17365,islandpick
NC_015410.1,3494318,3502510,8192,islandpick
NC_015410.1,4609056,4618803,9747,islandpick
NC_009439.1,459964,472335,12371,islandpick
NC_008268.1,1,16482,16481,islandpick
NC_008268.1,16610,25169,8559,islandpick
NC_008268.1,26233,37823,11590,islandpick
NC_008268.1,277280,291871,14591,islandpick
NC_008268.1,369164,392414,23250,islandpick
NC_008268.1,519647,533478,13831,islandpick
NC_008268.1,543284,553739,10455,islandpick
NC_008268.1,572565,592955,20390,islandpick
NC_008268.1,720702,729949,9247,islandpick
NC_008268.1,730052,741718,11666,islandpick
NC_008268.1,811707,821676,9969,islandpick
NC_008268.1,1753812,1769712,15900,islandpick
NC_008268.1,1827493,1842566,15073,islandpick
NC_008268.1,2813178,2831834,18656,islandpick
NC_008268.1,2852074,2863022,10948,islandpick
NC_008268.1,2880053,2890628,10575,islandpick
NC_008268.1,2909913,2920594,10681,islandpick
NC_008268.1,3133864,3147476,13612,islandpick
NC_008268.1,3237712,3253431,15719,islandpick
NC_008268.1,3263400,3273153,9753,islandpick
NC_008268.1,3300021,3308858,8837,islandpick
NC_008268.1,3314967,3332771,17804,islandpick
NC_008268.1,3333015,3342228,9213,islandpick
NC_008268.1,3358014,3381571,23557,islandpick
NC_008268.1,3386483,3404642,18159,islandpick
NC_008268.1,3429359,3440335,10976,islandpick
NC_008268.1,3598520,3607569,9049,islandpick
NC_008268.1,3975523,3984417,8894,islandpick
NC_008268.1,4057408,4068816,11408,islandpick
NC_008268.1,5658399,5667206,8807,islandpick
NC_008268.1,5747003,5767225,20222,islandpick
NC_008268.1,7162721,7183170,20449,islandpick
NC_008268.1,7183227,7194777,11550,islandpick
NC_008268.1,7201774,7215917,14143,islandpick
NC_008268.1,7455722,7464245,8523,islandpick
NC_008268.1,7464292,7476391,12099,islandpick
NC_008268.1,7484161,7493622,9461,islandpick
NC_008268.1,7517613,7535222,17609,islandpick
NC_008268.1,7560226,7571697,11471,islandpick
NC_015567.1,351898,360445,8547,islandpick
NC_015567.1,583247,591865,8618,islandpick
NC_015567.1,1230830,1257231,26401,islandpick
NC_015567.1,2576821,2587392,10571,islandpick
NC_015567.1,3431416,3440995,9579,islandpick
NC_015567.1,3512402,3523943,11541,islandpick
NC_015567.1,4559656,4597831,38175,islandpick
NC_015567.1,4597878,4634382,36504,islandpick
NC_015566.1,583061,591679,8618,islandpick
NC_015566.1,1230645,1257046,26401,islandpick
NC_015566.1,2576939,2587510,10571,islandpick
NC_015566.1,3431542,3441121,9579,islandpick
NC_015566.1,4559784,4597959,38175,islandpick
NC_015566.1,4598006,4633768,35762,islandpick
NC_015590.1,94548,107237,12689,islandpick
NC_015590.1,268419,278502,10083,islandpick
NC_015590.1,1377308,1393977,16669,islandpick
NC_015590.1,1603578,1612682,9104,islandpick
NC_015590.1,2326635,2336409,9774,islandpick
NC_009832.1,389669,400761,11092,islandpick
NC_009832.1,2589403,2604543,15140,islandpick
NC_009832.1,3327004,3335201,8197,islandpick
NC_009832.1,4495988,4504746,8758,islandpick
NC_009832.1,4505152,4513990,8838,islandpick
NC_009832.1,4559677,4571850,12173,islandpick
NC_009832.1,4577211,4593826,16615,islandpick
NC_009832.1,4602277,4615967,13690,islandpick
NC_013798.1,282340,302605,20265,islandpick
NC_013798.1,449626,485172,35546,islandpick
NC_013798.1,1679857,1695040,15183,islandpick
NC_013798.1,1738139,1768104,29965,islandpick
NC_015600.1,1140254,1149872,9618,islandpick
NC_015600.1,1580591,1589083,8492,islandpick
NC_015600.1,1731419,1741835,10416,islandpick
NC_015215.1,96199,106236,10037,islandpick
NC_015215.1,527328,546791,19463,islandpick
NC_015215.1,1686524,1697559,11035,islandpick
NC_015215.1,2269107,2293225,24118,islandpick
NC_015433.1,426687,445243,18556,islandpick
NC_015433.1,520977,530865,9888,islandpick
NC_015433.1,746141,755084,8943,islandpick
NC_015433.1,1317947,1327712,9765,islandpick
NC_015433.1,1659312,1671761,12449,islandpick
NC_015433.1,1825895,1844376,18481,islandpick
NC_014964.1,80351,88410,8059,islandpick
NC_004459.3,1,15208,15207,islandpick
NC_004459.3,68455,110790,42335,islandpick
NC_004459.3,2030602,2042704,12102,islandpick
NC_014965.1,1014928,1026126,11198,islandpick
NC_014965.1,1651174,1699817,48643,islandpick
NC_015224.1,2477787,2494357,16570,islandpick
NC_010002.1,1578191,1601700,23509,islandpick
NC_010002.1,1804437,1821690,17253,islandpick
NC_010002.1,1822095,1845503,23408,islandpick
NC_010002.1,1885111,1907680,22569,islandpick
NC_010002.1,1911715,1926634,14919,islandpick
NC_010002.1,2851989,2906163,54174,islandpick
NC_010002.1,3515725,3563724,47999,islandpick
NC_010002.1,3735244,3745838,10594,islandpick
NC_010002.1,3746384,3766477,20093,islandpick
NC_010002.1,3767767,3778521,10754,islandpick
NC_010002.1,3782150,3791785,9635,islandpick
NC_010002.1,4482689,4529543,46854,islandpick
NC_010002.1,4581148,4595486,14338,islandpick
NC_010002.1,4935537,4949813,14276,islandpick
NC_010002.1,5125472,5141708,16236,islandpick
NC_014540.1,29065,57003,27938,islandpick
NC_014540.1,361346,371151,9805,islandpick
NC_014540.1,387827,399552,11725,islandpick
NC_014540.1,740033,764463,24430,islandpick
NC_014540.1,766066,779363,13297,islandpick
NC_014540.1,782081,811098,29017,islandpick
NC_014540.1,1423244,1438546,15302,islandpick
NC_014540.1,1524803,1535707,10904,islandpick
NC_014540.1,1697245,1715528,18283,islandpick
NC_014540.1,1751436,1761447,10011,islandpick
NC_014540.1,2342559,2362113,19554,islandpick
NC_014540.1,2601992,2610725,8733,islandpick
NC_014540.1,2764247,2773395,9148,islandpick
NC_014540.1,2781877,2815029,33152,islandpick
NC_014540.1,2830810,2846991,16181,islandpick
NC_008268.1,1,16482,16481,islandpick
NC_008268.1,16610,25169,8559,islandpick
NC_008268.1,26233,37823,11590,islandpick
NC_008268.1,277280,291871,14591,islandpick
NC_008268.1,369164,392414,23250,islandpick
NC_008268.1,519647,533478,13831,islandpick
NC_008268.1,543284,553739,10455,islandpick
NC_008268.1,572565,592955,20390,islandpick
NC_008268.1,720702,729949,9247,islandpick
NC_008268.1,730052,741718,11666,islandpick
NC_008268.1,811707,821676,9969,islandpick
NC_008268.1,1753812,1769712,15900,islandpick
NC_008268.1,1827493,1842566,15073,islandpick
NC_008268.1,2813178,2831834,18656,islandpick
NC_008268.1,2852074,2863022,10948,islandpick
NC_008268.1,2880053,2890628,10575,islandpick
NC_008268.1,2909913,2920594,10681,islandpick
NC_008268.1,3133864,3147476,13612,islandpick
NC_008268.1,3237712,3253431,15719,islandpick
NC_008268.1,3263400,3273153,9753,islandpick
NC_008268.1,3300021,3308858,8837,islandpick
NC_008268.1,3314967,3332771,17804,islandpick
NC_008268.1,3333015,3342228,9213,islandpick
NC_008268.1,3358014,3381571,23557,islandpick
NC_008268.1,3386483,3404642,18159,islandpick
NC_008268.1,3429359,3440335,10976,islandpick
NC_008268.1,3598520,3607569,9049,islandpick
NC_008268.1,3975523,3984417,8894,islandpick
NC_008268.1,4057408,4068816,11408,islandpick
NC_008268.1,5658399,5667206,8807,islandpick
NC_008268.1,5747003,5767225,20222,islandpick
NC_008268.1,7162721,7183170,20449,islandpick
NC_008268.1,7183227,7194777,11550,islandpick
NC_008268.1,7201774,7215917,14143,islandpick
NC_008268.1,7455722,7464245,8523,islandpick
NC_008268.1,7464292,7476391,12099,islandpick
NC_008268.1,7484161,7493622,9461,islandpick
NC_008268.1,7517613,7535222,17609,islandpick
NC_008268.1,7560226,7571697,11471,islandpick
NC_014540.1,29065,57003,27938,islandpick
NC_014540.1,361346,371151,9805,islandpick
NC_014540.1,387827,399552,11725,islandpick
NC_014540.1,740033,764463,24430,islandpick
NC_014540.1,766066,779363,13297,islandpick
NC_014540.1,782081,811098,29017,islandpick
NC_014540.1,1423244,1438546,15302,islandpick
NC_014540.1,1524803,1535707,10904,islandpick
NC_014540.1,1697245,1715528,18283,islandpick
NC_014540.1,1751436,1761447,10011,islandpick
NC_014540.1,2342559,2362113,19554,islandpick
NC_014540.1,2601992,2610725,8733,islandpick
NC_014540.1,2764247,2773395,9148,islandpick
NC_014540.1,2781877,2815029,33152,islandpick
NC_014540.1,2830810,2846991,16181,islandpick
NC_008268.1,1,16482,16481,islandpick
NC_008268.1,16610,25169,8559,islandpick
NC_008268.1,26233,37823,11590,islandpick
NC_008268.1,277280,291871,14591,islandpick
NC_008268.1,369164,392414,23250,islandpick
NC_008268.1,519647,533478,13831,islandpick
NC_008268.1,543284,553739,10455,islandpick
NC_008268.1,572565,592955,20390,islandpick
NC_008268.1,720702,729949,9247,islandpick
NC_008268.1,730052,741718,11666,islandpick
NC_008268.1,811707,821676,9969,islandpick
NC_008268.1,1753812,1769712,15900,islandpick
NC_008268.1,1827493,1842566,15073,islandpick
NC_008268.1,2813178,2831834,18656,islandpick
NC_008268.1,2852074,2863022,10948,islandpick
NC_008268.1,2880053,2890628,10575,islandpick
NC_008268.1,2909913,2920594,10681,islandpick
NC_008268.1,3133864,3147476,13612,islandpick
NC_008268.1,3237712,3253431,15719,islandpick
NC_008268.1,3263400,3273153,9753,islandpick
NC_008268.1,3300021,3308858,8837,islandpick
NC_008268.1,3314967,3332771,17804,islandpick
NC_008268.1,3333015,3342228,9213,islandpick
NC_008268.1,3358014,3381571,23557,islandpick
NC_008268.1,3386483,3404642,18159,islandpick
NC_008268.1,3429359,3440335,10976,islandpick
NC_008268.1,3598520,3607569,9049,islandpick
NC_008268.1,3975523,3984417,8894,islandpick
NC_008268.1,4057408,4068816,11408,islandpick
NC_008268.1,5658399,5667206,8807,islandpick
NC_008268.1,5747003,5767225,20222,islandpick
NC_008268.1,7162721,7183170,20449,islandpick
NC_008268.1,7183227,7194777,11550,islandpick
NC_008268.1,7201774,7215917,14143,islandpick
NC_008268.1,7455722,7464245,8523,islandpick
NC_008268.1,7464292,7476391,12099,islandpick
NC_008268.1,7484161,7493622,9461,islandpick
NC_008268.1,7517613,7535222,17609,islandpick
NC_008268.1,7560226,7571697,11471,islandpick
NC_014540.1,29065,57003,27938,islandpick
NC_014540.1,361346,371151,9805,islandpick
NC_014540.1,387827,399552,11725,islandpick
NC_014540.1,740033,764463,24430,islandpick
NC_014540.1,766066,779363,13297,islandpick
NC_014540.1,782081,811098,29017,islandpick
NC_014540.1,1423244,1438546,15302,islandpick
NC_014540.1,1524803,1535707,10904,islandpick
NC_014540.1,1697245,1715528,18283,islandpick
NC_014540.1,1751436,1761447,10011,islandpick
NC_014540.1,2342559,2362113,19554,islandpick
NC_014540.1,2601992,2610725,8733,islandpick
NC_014540.1,2764247,2773395,9148,islandpick
NC_014540.1,2781877,2815029,33152,islandpick
NC_014540.1,2830810,2846991,16181,islandpick
NC_008268.1,1,16482,16481,islandpick
NC_008268.1,16610,25169,8559,islandpick
NC_008268.1,26233,37823,11590,islandpick
NC_008268.1,277280,291871,14591,islandpick
NC_008268.1,369164,392414,23250,islandpick
NC_008268.1,519647,533478,13831,islandpick
NC_008268.1,543284,553739,10455,islandpick
NC_008268.1,572565,592955,20390,islandpick
NC_008268.1,720702,729949,9247,islandpick
NC_008268.1,730052,741718,11666,islandpick
NC_008268.1,811707,821676,9969,islandpick
NC_008268.1,1753812,1769712,15900,islandpick
NC_008268.1,1827493,1842566,15073,islandpick
NC_008268.1,2813178,2831834,18656,islandpick
NC_008268.1,2852074,2863022,10948,islandpick
NC_008268.1,2880053,2890628,10575,islandpick
NC_008268.1,2909913,2920594,10681,islandpick
NC_008268.1,3133864,3147476,13612,islandpick
NC_008268.1,3237712,3253431,15719,islandpick
NC_008268.1,3263400,3273153,9753,islandpick
NC_008268.1,3300021,3308858,8837,islandpick
NC_008268.1,3314967,3332771,17804,islandpick
NC_008268.1,3333015,3342228,9213,islandpick
NC_008268.1,3358014,3381571,23557,islandpick
NC_008268.1,3386483,3404642,18159,islandpick
NC_008268.1,3429359,3440335,10976,islandpick
NC_008268.1,3598520,3607569,9049,islandpick
NC_008268.1,3975523,3984417,8894,islandpick
NC_008268.1,4057408,4068816,11408,islandpick
NC_008268.1,5658399,5667206,8807,islandpick
NC_008268.1,5747003,5767225,20222,islandpick
NC_008268.1,7162721,7183170,20449,islandpick
NC_008268.1,7183227,7194777,11550,islandpick
NC_008268.1,7201774,7215917,14143,islandpick
NC_008268.1,7455722,7464245,8523,islandpick
NC_008268.1,7464292,7476391,12099,islandpick
NC_008268.1,7484161,7493622,9461,islandpick
NC_008268.1,7517613,7535222,17609,islandpick
NC_008268.1,7560226,7571697,11471,islandpick
NC_014540.1,29065,57003,27938,islandpick
NC_014540.1,361346,371151,9805,islandpick
NC_014540.1,387827,399552,11725,islandpick
NC_014540.1,740033,764463,24430,islandpick
NC_014540.1,766066,779363,13297,islandpick
NC_014540.1,782081,811098,29017,islandpick
NC_014540.1,1423244,1438546,15302,islandpick
NC_014540.1,1524803,1535707,10904,islandpick
NC_014540.1,1697245,1715528,18283,islandpick
NC_014540.1,1751436,1761447,10011,islandpick
NC_014540.1,2342559,2362113,19554,islandpick
NC_014540.1,2601992,2610725,8733,islandpick
NC_014540.1,2764247,2773395,9148,islandpick
NC_014540.1,2781877,2815029,33152,islandpick
NC_014540.1,2830810,2846991,16181,islandpick
NC_008268.1,1,16482,16481,islandpick
NC_008268.1,16610,25169,8559,islandpick
NC_008268.1,26233,37823,11590,islandpick
NC_008268.1,277280,291871,14591,islandpick
NC_008268.1,369164,392414,23250,islandpick
NC_008268.1,519647,533478,13831,islandpick
NC_008268.1,543284,553739,10455,islandpick
NC_008268.1,572565,592955,20390,islandpick
NC_008268.1,720702,729949,9247,islandpick
NC_008268.1,730052,741718,11666,islandpick
NC_008268.1,811707,821676,9969,islandpick
NC_008268.1,1753812,1769712,15900,islandpick
NC_008268.1,1827493,1842566,15073,islandpick
NC_008268.1,2813178,2831834,18656,islandpick
NC_008268.1,2852074,2863022,10948,islandpick
NC_008268.1,2880053,2890628,10575,islandpick
NC_008268.1,2909913,2920594,10681,islandpick
NC_008268.1,3133864,3147476,13612,islandpick
NC_008268.1,3237712,3253431,15719,islandpick
NC_008268.1,3263400,3273153,9753,islandpick
NC_008268.1,3300021,3308858,8837,islandpick
NC_008268.1,3314967,3332771,17804,islandpick
NC_008268.1,3333015,3342228,9213,islandpick
NC_008268.1,3358014,3381571,23557,islandpick
NC_008268.1,3386483,3404642,18159,islandpick
NC_008268.1,3429359,3440335,10976,islandpick
NC_008268.1,3598520,3607569,9049,islandpick
NC_008268.1,3975523,3984417,8894,islandpick
NC_008268.1,4057408,4068816,11408,islandpick
NC_008268.1,5658399,5667206,8807,islandpick
NC_008268.1,5747003,5767225,20222,islandpick
NC_008268.1,7162721,7183170,20449,islandpick
NC_008268.1,7183227,7194777,11550,islandpick
NC_008268.1,7201774,7215917,14143,islandpick
NC_008268.1,7455722,7464245,8523,islandpick
NC_008268.1,7464292,7476391,12099,islandpick
NC_008268.1,7484161,7493622,9461,islandpick
NC_008268.1,7517613,7535222,17609,islandpick
NC_008268.1,7560226,7571697,11471,islandpick
NC_014540.1,29065,57003,27938,islandpick
NC_014540.1,361346,371151,9805,islandpick
NC_014540.1,387827,399552,11725,islandpick
NC_014540.1,740033,764463,24430,islandpick
NC_014540.1,766066,779363,13297,islandpick
NC_014540.1,782081,811098,29017,islandpick
NC_014540.1,1423244,1438546,15302,islandpick
NC_014540.1,1524803,1535707,10904,islandpick
NC_014540.1,1697245,1715528,18283,islandpick
NC_014540.1,1751436,1761447,10011,islandpick
NC_014540.1,2342559,2362113,19554,islandpick
NC_014540.1,2601992,2610725,8733,islandpick
NC_014540.1,2764247,2773395,9148,islandpick
NC_014540.1,2781877,2815029,33152,islandpick
NC_014540.1,2830810,2846991,16181,islandpick
NC_008268.1,1,16482,16481,islandpick
NC_008268.1,16610,25169,8559,islandpick
NC_008268.1,26233,37823,11590,islandpick
NC_008268.1,277280,291871,14591,islandpick
NC_008268.1,369164,392414,23250,islandpick
NC_008268.1,519647,533478,13831,islandpick
NC_008268.1,543284,553739,10455,islandpick
NC_008268.1,572565,592955,20390,islandpick
NC_008268.1,720702,729949,9247,islandpick
NC_008268.1,730052,741718,11666,islandpick
NC_008268.1,811707,821676,9969,islandpick
NC_008268.1,1753812,1769712,15900,islandpick
NC_008268.1,1827493,1842566,15073,islandpick
NC_008268.1,2813178,2831834,18656,islandpick
NC_008268.1,2852074,2863022,10948,islandpick
NC_008268.1,2880053,2890628,10575,islandpick
NC_008268.1,2909913,2920594,10681,islandpick
NC_008268.1,3133864,3147476,13612,islandpick
NC_008268.1,3237712,3253431,15719,islandpick
NC_008268.1,3263400,3273153,9753,islandpick
NC_008268.1,3300021,3308858,8837,islandpick
NC_008268.1,3314967,3332771,17804,islandpick
NC_008268.1,3333015,3342228,9213,islandpick
NC_008268.1,3358014,3381571,23557,islandpick
NC_008268.1,3386483,3404642,18159,islandpick
NC_008268.1,3429359,3440335,10976,islandpick
NC_008268.1,3598520,3607569,9049,islandpick
NC_008268.1,3975523,3984417,8894,islandpick
NC_008268.1,4057408,4068816,11408,islandpick
NC_008268.1,5658399,5667206,8807,islandpick
NC_008268.1,5747003,5767225,20222,islandpick
NC_008268.1,7162721,7183170,20449,islandpick
NC_008268.1,7183227,7194777,11550,islandpick
NC_008268.1,7201774,7215917,14143,islandpick
NC_008268.1,7455722,7464245,8523,islandpick
NC_008268.1,7464292,7476391,12099,islandpick
NC_008268.1,7484161,7493622,9461,islandpick
NC_008268.1,7517613,7535222,17609,islandpick
NC_008268.1,7560226,7571697,11471,islandpick
NC_017267.1,76238,87735,11497,islandpick
NC_017265.1,2591406,2600165,8759,islandpick
NC_016010.1,1869368,1888573,19205,islandpick
NC_016010.1,1837172,1861878,24706,islandpick
NC_017271.1,3062340,3077927,15587,islandpick
NC_012668.1,2990719,3006412,15693,islandpick
NC_012668.1,2976537,2990702,14165,islandpick
NC_012668.1,2756062,2776818,20756,islandpick
NC_012668.1,3040581,3063454,22873,islandpick
NC_012668.1,3019321,3029226,9905,islandpick
NC_012668.1,3008026,3019300,11274,islandpick
NC_004605.1,1810639,1829363,18724,islandpick
NC_004605.1,1525153,1533366,8213,islandpick
NC_004605.1,1449810,1463091,13281,islandpick
NC_004605.1,1393891,1449727,55836,islandpick
NC_004605.1,1336406,1352873,16467,islandpick
NC_016613.1,1526728,1540210,13482,islandpick
NC_016613.1,1869219,1898879,29660,islandpick
NC_016613.1,1926031,1938282,12251,islandpick
NC_016613.1,1978968,2003075,24107,islandpick
NC_016613.1,2013841,2062024,48183,islandpick
NC_016613.1,2062077,2071720,9643,islandpick
NC_016613.1,2072652,2085322,12670,islandpick
NC_016613.1,2086038,2097422,11384,islandpick
NC_016613.1,2154044,2193286,39242,islandpick
NC_016613.1,2312650,2322514,9864,islandpick
NC_016613.1,2599705,2607852,8147,islandpick
NC_016613.1,2615992,2630221,14229,islandpick
NC_016613.1,2631317,2640617,9300,islandpick
NC_012582.1,332373,349316,16943,islandpick
NC_012582.1,909147,925080,15933,islandpick
NC_012582.1,925376,934117,8741,islandpick
NC_012582.1,1220296,1233116,12820,islandpick
NC_012582.1,1239327,1254160,14833,islandpick
NC_012582.1,1297410,1312241,14831,islandpick
NC_012582.1,1318453,1331271,12818,islandpick
NC_012582.1,1655830,1670375,14545,islandpick
NC_016445.1,89497,106009,16512,islandpick
NC_016445.1,106421,117503,11082,islandpick
NC_016445.1,124687,135876,11189,islandpick
NC_016445.1,136834,145762,8928,islandpick
NC_016445.1,145779,169423,23644,islandpick
NC_016445.1,364488,380422,15934,islandpick
NC_016445.1,380468,389456,8988,islandpick
NC_004605.1,668497,687245,18748,islandpick
NC_004605.1,839476,880719,41243,islandpick
NC_004605.1,880961,949371,68410,islandpick
NC_004605.1,957529,970564,13035,islandpick
NC_004605.1,1013549,1032895,19346,islandpick
NC_004605.1,1033172,1061351,28179,islandpick
NC_004605.1,1066127,1110479,44352,islandpick
NC_017278.1,1720293,1732618,12325,islandpick
NC_016613.1,991657,1007752,16095,islandpick
NC_016613.1,1460911,1475749,14838,islandpick
NC_016613.1,1480569,1518461,37892,islandpick
NC_017278.1,1322978,1334721,11743,islandpick
NC_017278.1,1003739,1013211,9472,islandpick
NC_017278.1,208187,221357,13170,islandpick
NC_017278.1,245986,276477,30491,islandpick
NC_017278.1,167420,180716,13296,islandpick
NC_017278.1,181505,206171,24666,islandpick
NC_017278.1,131261,141824,10563,islandpick
NC_017278.1,88003,107327,19324,islandpick
NC_017278.1,115434,130776,15342,islandpick
NC_017278.1,62534,87958,25424,islandpick
NC_013457.1,838513,849576,11063,islandpick
NC_013457.1,1469114,1477357,8243,islandpick
NC_013457.1,1730672,1738710,8038,islandpick
NC_013457.1,526683,537430,10747,islandpick
NC_013457.1,537447,566943,29496,islandpick
NC_013457.1,443598,451950,8352,islandpick
NC_013457.1,4541,18312,13771,islandpick
NC_014974.1,1668161,1680575,12414,islandpick
NC_017272.1,924986,935608,10622,islandpick
NC_014974.1,1579473,1590901,11428,islandpick
NC_014974.1,1649055,1668000,18945,islandpick
NC_014974.1,1060758,1072458,11700,islandpick
NC_014974.1,1131227,1141073,9846,islandpick
NC_014974.1,1165610,1176184,10574,islandpick
NC_014974.1,1184074,1194443,10369,islandpick
NC_014974.1,1527262,1579298,52036,islandpick
NC_014974.1,253651,264900,11249,islandpick
NC_014974.1,764736,774263,9527,islandpick
NC_014974.1,1044062,1060194,16132,islandpick
NC_017587.1,1316077,1324480,8403,islandpick
NC_015958.1,342368,352594,10226,islandpick
NC_015958.1,393022,402930,9908,islandpick
NC_015958.1,831102,840259,9157,islandpick
NC_015958.1,2138399,2156496,18097,islandpick
NC_015958.1,37597,48672,11075,islandpick
NC_012804.1,1670524,1686712,16188,islandpick
NC_012804.1,630612,642414,11802,islandpick
NC_012804.1,362460,385062,22602,islandpick
NC_016051.1,1009844,1018700,8856,islandpick
NC_016051.1,1813382,1826677,13295,islandpick
NC_016051.1,518957,531117,12160,islandpick
NC_017581.1,559312,571947,12635,islandpick
NC_017581.1,1058693,1072384,13691,islandpick
NC_017276.1,555284,575345,20061,islandpick
NC_017617.1,513791,550320,36529,islandpick
NC_017617.1,503253,511856,8603,islandpick
NC_015760.1,1436135,1444851,8716,islandpick
NC_015760.1,1914238,1923295,9057,islandpick
NC_017331.1,2212694,2237107,24413,islandpick
NC_017567.1,1955008,1966728,11720,islandpick
NC_016749.1,304969,317184,12215,islandpick
NC_016749.1,1321870,1333135,11265,islandpick
NC_016749.1,1914667,1933518,18851,islandpick
NC_017331.1,512463,520719,8256,islandpick
NC_017331.1,2196973,2208120,11147,islandpick
NC_017337.1,356995,366230,9235,islandpick
NC_004337.2,711770,720270,8500,islandpick
NC_004337.2,2051848,2060397,8549,islandpick
NC_004337.2,3108069,3130455,22386,islandpick
NC_012926.1,532081,554530,22449,islandpick
NC_009443.1,894129,910358,16229,islandpick
NC_009443.1,555892,573828,17936,islandpick
NC_017671.1,164104,176796,12692,islandpick
NC_017671.1,1762503,1774086,11583,islandpick
NC_017671.1,1955157,1966250,11093,islandpick
NC_017671.1,4213845,4230236,16391,islandpick
NC_017576.1,147754,160908,13154,islandpick
NC_017576.1,546214,562750,16536,islandpick
NC_017576.1,1664824,1682419,17595,islandpick
NC_017576.1,1682436,1695482,13046,islandpick
NC_017576.1,1744967,1758584,13617,islandpick
NC_017576.1,2209229,2227659,18430,islandpick
NC_016826.1,238960,251514,12554,islandpick
NC_016826.1,816757,827708,10951,islandpick
NC_015875.1,687615,696722,9107,islandpick
NC_017347.1,445618,453724,8106,islandpick
NC_017328.1,3145667,3168123,22456,islandpick
NC_017328.1,1471424,1479960,8536,islandpick
NC_016812.1,3693510,3707236,13726,islandpick
NC_016812.1,3891400,3905285,13885,islandpick
NC_016812.1,3910597,3919960,9363,islandpick
NC_016812.1,4074920,4084573,9653,islandpick
NC_016812.1,4084625,4103671,19046,islandpick
NC_016812.1,4250066,4270940,20874,islandpick
NC_017341.1,449281,457537,8256,islandpick
NC_017322.1,93911,104738,10827,islandpick
NC_017322.1,1501710,1512525,10815,islandpick
NC_017328.1,230953,251877,20924,islandpick
NC_017328.1,326850,346191,19341,islandpick
NC_017328.1,710606,720471,9865,islandpick
NC_017328.1,1082757,1094529,11772,islandpick
NC_017328.1,1109104,1117871,8767,islandpick
NC_016812.1,3621231,3660444,39213,islandpick
NC_016812.1,3584290,3620076,35786,islandpick
NC_016812.1,3314380,3326018,11638,islandpick
NC_016812.1,2975110,2996245,21135,islandpick
NC_016822.1,313789,322489,8700,islandpick
NC_016822.1,1439161,1472182,33021,islandpick
NC_017325.1,1717783,1726888,9105,islandpick
NC_017325.1,1112234,1130007,17773,islandpick
NC_017325.1,969434,986881,17447,islandpick
NC_017325.1,947279,969131,21852,islandpick
NC_004337.2,231825,246620,14795,islandpick
NC_017566.1,4422839,4450775,27936,islandpick
NC_017566.1,4397204,4409864,12660,islandpick
NC_017566.1,4374991,4395141,20150,islandpick
NC_017566.1,4362468,4374972,12504,islandpick
NC_017566.1,2963067,2974111,11044,islandpick
NC_017566.1,2975563,2984103,8540,islandpick
NC_017566.1,3006287,3018054,11767,islandpick
NC_017566.1,3025657,3034725,9068,islandpick
NC_017566.1,4206862,4240587,33725,islandpick
NC_017566.1,4240958,4256132,15174,islandpick
NC_017566.1,4261494,4274552,13058,islandpick
NC_017566.1,4274571,4297706,23135,islandpick
NC_017566.1,826346,835784,9438,islandpick
NC_017579.1,2217143,2225341,8198,islandpick
NC_017579.1,2623711,2640537,16826,islandpick
NC_017579.1,1547148,1587078,39930,islandpick
NC_016857.1,2039803,2054029,14226,islandpick
NC_017571.1,4919153,4931479,12326,islandpick
NC_016857.1,331487,349309,17822,islandpick
NC_016857.1,1079375,1094750,15375,islandpick
NC_017571.1,802863,832055,29192,islandpick
NC_017566.1,4332516,4352767,20251,islandpick
NC_017566.1,2466760,2483938,17178,islandpick
NC_016812.1,3674548,3689611,15063,islandpick
NC_017325.1,912889,940527,27638,islandpick
NC_017325.1,92677,103501,10824,islandpick
NC_016812.1,1779375,1794836,15461,islandpick
NC_016812.1,1414178,1426049,11871,islandpick
NC_016812.1,472881,486029,13148,islandpick
NC_017351.1,1592307,1600764,8457,islandpick
NC_016812.1,271914,286935,15021,islandpick
NC_016822.1,1472563,1480643,8080,islandpick
NC_016812.1,2661174,2691856,30682,islandpick
NC_016812.1,2693525,2703888,10363,islandpick
NC_016812.1,2704784,2720950,16166,islandpick
NC_016812.1,2728563,2742502,13939,islandpick
NC_016812.1,2954263,2975010,20747,islandpick
NC_015760.1,1053836,1063572,9736,islandpick
NC_015760.1,833037,841943,8906,islandpick
NC_015760.1,719025,746174,27149,islandpick
NC_015760.1,776872,785954,9082,islandpick
NC_015760.1,707058,718366,11308,islandpick
NC_015760.1,630655,641114,10459,islandpick
NC_012925.1,835111,846392,11281,islandpick
NC_012924.1,894166,910396,16230,islandpick
NC_012925.1,558163,574292,16129,islandpick
NC_012924.1,555925,573859,17934,islandpick
NC_012926.1,569858,580447,10589,islandpick
NC_012926.1,1045630,1066394,20764,islandpick
NC_012926.1,1076125,1084374,8249,islandpick
NC_012926.1,1365278,1382406,17128,islandpick
NC_015760.1,1167108,1181088,13980,islandpick
NC_017622.1,902897,915965,13068,islandpick
NC_017622.1,562040,575710,13670,islandpick
NC_017622.1,884514,895966,11452,islandpick
NC_017618.1,1338722,1350075,11353,islandpick
NC_017620.1,1895223,1904378,9155,islandpick
NC_017618.1,557619,573836,16217,islandpick
NC_017620.1,1450057,1459951,9894,islandpick
NC_017620.1,1199549,1208095,8546,islandpick
NC_017620.1,1124942,1149839,24897,islandpick
NC_017620.1,1100623,1122290,21667,islandpick
NC_017620.1,741079,750924,9845,islandpick
NC_017619.1,557022,574955,17933,islandpick
NC_017619.1,1444421,1475047,30626,islandpick
NC_017621.1,1363054,1371788,8734,islandpick
NC_017621.1,1411462,1420063,8601,islandpick
NC_017621.1,2170296,2179103,8807,islandpick
NC_017621.1,1280257,1290721,10464,islandpick
NC_017621.1,145053,156546,11493,islandpick
NC_017621.1,500705,510528,9823,islandpick
NC_017621.1,1025090,1058648,33558,islandpick
NC_017275.1,926301,935015,8714,islandpick
NC_017275.1,895527,926232,30705,islandpick
NC_017617.1,608931,624169,15238,islandpick
NC_017275.1,529592,539349,9757,islandpick
NC_017275.1,739396,754224,14828,islandpick
NC_015947.1,1596614,1627831,31217,islandpick
NC_017331.1,2237124,2308892,71768,islandpick
NC_016860.1,4838611,4849883,11272,islandpick
NC_016860.1,4522821,4531349,8528,islandpick
NC_016860.1,4061510,4081919,20409,islandpick
NC_016832.1,4656235,4664926,8691,islandpick
NC_016832.1,4665867,4676215,10348,islandpick
NC_016832.1,4482022,4501229,19207,islandpick
NC_016832.1,4432801,4446998,14197,islandpick
NC_016832.1,4387367,4395803,8436,islandpick
NC_016832.1,3515355,3523360,8005,islandpick
NC_016832.1,2732785,2741855,9070,islandpick
NC_016832.1,2618771,2637046,18275,islandpick
NC_017337.1,1987249,2003173,15924,islandpick
NC_016832.1,963561,975363,11802,islandpick
NC_017571.1,762071,793241,31170,islandpick
NC_017571.1,753165,762024,8859,islandpick
NC_017571.1,145651,158182,12531,islandpick
NC_016856.1,1301940,1315644,13704,islandpick
NC_016856.1,2799593,2812811,13218,islandpick
NC_017046.1,1432913,1441386,8473,islandpick
NC_017046.1,2042386,2060314,17928,islandpick
NC_017046.1,2917769,2926621,8852,islandpick
NC_017573.1,351703,360250,8547,islandpick
NC_017573.1,583058,591676,8618,islandpick
NC_017573.1,1230643,1257044,26401,islandpick
NC_017573.1,2576509,2587080,10571,islandpick
NC_017573.1,3431112,3440691,9579,islandpick
NC_017573.1,4559335,4578403,19068,islandpick
NC_017573.1,4597557,4633318,35761,islandpick
NC_017046.1,331485,340601,9116,islandpick
NC_016810.1,331487,340413,8926,islandpick
NC_016901.1,5097539,5112091,14552,islandpick
NC_016854.1,331482,340882,9400,islandpick
NC_016854.1,389592,409308,19716,islandpick
NC_016854.1,2068965,2079969,11004,islandpick
NC_016854.1,4440481,4448974,8493,islandpick
NC_016901.1,679318,693947,14629,islandpick
NC_016901.1,694020,712837,18817,islandpick
NC_016901.1,713086,746398,33312,islandpick
NC_016901.1,746885,759655,12770,islandpick
NC_016901.1,2380828,2389568,8740,islandpick
NC_016863.1,4701667,4712939,11272,islandpick
NC_016863.1,4378880,4387408,8528,islandpick
NC_016863.1,2041832,2051932,10100,islandpick
NC_016863.1,2054219,2064486,10267,islandpick
NC_016831.1,4526922,4535744,8822,islandpick
NC_008268.1,3237712,3253431,15719,islandpick
NC_008268.1,3133864,3147476,13612,islandpick
NC_008268.1,2880053,2890628,10575,islandpick
NC_008268.1,2909913,2920594,10681,islandpick
NC_008268.1,2852074,2863022,10948,islandpick
NC_008268.1,2813178,2831834,18656,islandpick
NC_017623.1,1083128,1092204,9076,islandpick
NC_008268.1,7560226,7571697,11471,islandpick
NC_008268.1,7517613,7535222,17609,islandpick
NC_008268.1,7484161,7493622,9461,islandpick
NC_008268.1,7464292,7476391,12099,islandpick
NC_008268.1,7455722,7464245,8523,islandpick
NC_008268.1,7201774,7215917,14143,islandpick
NC_008268.1,7183227,7194777,11550,islandpick
NC_008268.1,3386483,3404642,18159,islandpick
NC_008268.1,3358014,3381571,23557,islandpick
NC_008268.1,3333015,3342228,9213,islandpick
NC_008268.1,3314967,3332771,17804,islandpick
NC_008268.1,3300021,3308858,8837,islandpick
NC_008268.1,3263400,3273153,9753,islandpick
NC_008268.1,3429359,3440335,10976,islandpick
NC_008268.1,3598520,3607569,9049,islandpick
NC_008268.1,3975523,3984417,8894,islandpick
NC_008268.1,4057408,4068816,11408,islandpick
NC_008268.1,5658399,5667206,8807,islandpick
NC_008268.1,5747003,5767225,20222,islandpick
NC_008268.1,7162721,7183170,20449,islandpick
NC_008268.1,1827493,1842566,15073,islandpick
NC_008268.1,1753812,1769712,15900,islandpick
NC_008268.1,811707,821676,9969,islandpick
NC_008268.1,730052,741718,11666,islandpick
NC_008268.1,720702,729949,9247,islandpick
NC_008268.1,572565,592955,20390,islandpick
NC_008268.1,543284,553739,10455,islandpick
NC_008268.1,519647,533478,13831,islandpick
NC_015761.1,4188949,4204574,15625,islandpick
NC_015761.1,1193610,1204411,10801,islandpick
NC_015761.1,2984825,2996240,11415,islandpick
NC_015761.1,324447,343420,18973,islandpick
NC_016929.1,690237,702799,12562,islandpick
NC_016929.1,494928,505121,10193,islandpick
NC_008268.1,277280,291871,14591,islandpick
NC_008268.1,369164,392414,23250,islandpick
NC_008268.1,26233,37823,11590,islandpick
NC_008268.1,1,16482,16481,islandpick
NC_008268.1,16610,25169,8559,islandpick
NC_017062.1,60834,73615,12781,islandpick
NC_016913.1,11930,22052,10122,islandpick
NC_012587.1,2297625,2308390,10765,islandpick
NC_012587.1,2087612,2095754,8142,islandpick
NC_012587.1,719021,729890,10869,islandpick
NC_012587.1,729958,752928,22970,islandpick
NC_012587.1,684986,700572,15586,islandpick
NC_012587.1,701905,712570,10665,islandpick
NC_012587.1,657163,684856,27693,islandpick
NC_012587.1,644612,657052,12440,islandpick
NC_012587.1,630017,643645,13628,islandpick
NC_012587.1,135117,158329,23212,islandpick
NC_017530.1,5063141,5079977,16836,islandpick
NC_017530.1,5053278,5063065,9787,islandpick
NC_017530.1,4248450,4267886,19436,islandpick
NC_017530.1,4987155,5004163,17008,islandpick
NC_017530.1,3111384,3133970,22586,islandpick
NC_017530.1,2780944,2792075,11131,islandpick
NC_017530.1,2411484,2421098,9614,islandpick
NC_017530.1,2156414,2165503,9089,islandpick
NC_017530.1,2166594,2196151,29557,islandpick
NC_017530.1,2196209,2208010,11801,islandpick
NC_017530.1,2337916,2370453,32537,islandpick
NC_017530.1,2371063,2384945,13882,islandpick
NC_017530.1,2385386,2410940,25554,islandpick
NC_016818.1,2953688,2968005,14317,islandpick
NC_016818.1,2889623,2899161,9538,islandpick
NC_016818.1,2931979,2953333,21354,islandpick
NC_016818.1,2848596,2857783,9187,islandpick
NC_016818.1,2869549,2882750,13201,islandpick
NC_016818.1,2064309,2086780,22471,islandpick
NC_016818.1,867894,876481,8587,islandpick
NC_017574.1,2923370,2940228,16858,islandpick
NC_017574.1,1592819,1609903,17084,islandpick
NC_017532.1,4178044,4186344,8300,islandpick
NC_017532.1,3796728,3806086,9358,islandpick
NC_017532.1,1592263,1600560,8297,islandpick
NC_017532.1,690760,726826,36066,islandpick
NC_017532.1,1315389,1327274,11885,islandpick
NC_017532.1,324282,342520,18238,islandpick
NC_017047.1,2085003,2095356,10353,islandpick
NC_017047.1,2096876,2110141,13265,islandpick
NC_015740.1,3009204,3018072,8868,islandpick
NC_015740.1,2969498,2993986,24488,islandpick
NC_015740.1,140519,164714,24195,islandpick
NC_015740.1,1242698,1251419,8721,islandpick
NC_015740.1,2426243,2441216,14973,islandpick
NC_015740.1,2622407,2637805,15398,islandpick
NC_015740.1,2664464,2678672,14208,islandpick
NC_015733.1,4600430,4617611,17181,islandpick
NC_015733.1,4580210,4593528,13318,islandpick
NC_015733.1,3808487,3823761,15274,islandpick
NC_015733.1,2898124,2906470,8346,islandpick
NC_015733.1,3603169,3612813,9644,islandpick
NC_015733.1,3763386,3779099,15713,islandpick
NC_015733.1,2664049,2676484,12435,islandpick
NC_015733.1,2694613,2708156,13543,islandpick
NC_015733.1,2613620,2624930,11310,islandpick
NC_015733.1,2513572,2526017,12445,islandpick
NC_015733.1,2580365,2588381,8016,islandpick
NC_015733.1,2599705,2611995,12290,islandpick
NC_015733.1,2437165,2446264,9099,islandpick
NC_015733.1,2349995,2361919,11924,islandpick
NC_015740.1,4511124,4521301,10177,islandpick
NC_015740.1,4498786,4509235,10449,islandpick
NC_015740.1,3635857,3651992,16135,islandpick
NC_017548.1,3713630,3730020,16390,islandpick
NC_017548.1,4234444,4247825,13381,islandpick
NC_017548.1,3048199,3058935,10736,islandpick
NC_017548.1,2878620,2888224,9604,islandpick
NC_017548.1,746314,760727,14413,islandpick
NC_009376.1,482595,492556,9961,islandpick
NC_009376.1,1308948,1317526,8578,islandpick
NC_016830.1,3972981,4022377,49396,islandpick
NC_016830.1,3955533,3969065,13532,islandpick
NC_016830.1,3375097,3385496,10399,islandpick
NC_016830.1,2648409,2658442,10033,islandpick
NC_016830.1,2079670,2096778,17108,islandpick
NC_016830.1,907976,919954,11978,islandpick
NC_017549.1,5798225,5831995,33770,islandpick
NC_017549.1,3770332,3785955,15623,islandpick
NC_017549.1,4023768,4032890,9122,islandpick
NC_017549.1,4108266,4129211,20945,islandpick
NC_017549.1,5268554,5306844,38290,islandpick
NC_016885.1,1832953,1842039,9086,islandpick
NC_009376.1,303343,312419,9076,islandpick
NC_016885.1,516323,529010,12687,islandpick
NC_016885.1,890559,900660,10101,islandpick
NC_009434.1,3723486,3737476,13990,islandpick
NC_009434.1,3712505,3723056,10551,islandpick
NC_009434.1,790657,804911,14254,islandpick
NC_009434.1,3443006,3457417,14411,islandpick
NC_009434.1,3674279,3689510,15231,islandpick
NC_009434.1,765753,775094,9341,islandpick
NC_009434.1,713771,728988,15217,islandpick
NC_009434.1,657155,693829,36674,islandpick
NC_009434.1,639664,649490,9826,islandpick
NC_009434.1,261757,297603,35846,islandpick
NC_016830.1,4049464,4079053,29589,islandpick
NC_016830.1,4083248,4094360,11112,islandpick
NC_016816.1,1552813,1561563,8750,islandpick
NC_016816.1,1995688,2006541,10853,islandpick
NC_017554.1,4171230,4181618,10388,islandpick
NC_013956.2,4442292,4453433,11141,islandpick
NC_013956.2,4456880,4464894,8014,islandpick
NC_013956.2,4543185,4551218,8033,islandpick
NC_013956.2,4645559,4659047,13488,islandpick
NC_016816.1,1151487,1171465,19978,islandpick
NC_017554.1,4117246,4133346,16100,islandpick
NC_017554.1,4148064,4165557,17493,islandpick
NC_016816.1,2693519,2710579,17060,islandpick
NC_016816.1,2742718,2751581,8863,islandpick
NC_016816.1,4170388,4183116,12728,islandpick
NC_016816.1,4185575,4233969,48394,islandpick
NC_017549.1,3424119,3432420,8301,islandpick
NC_017549.1,3277133,3285416,8283,islandpick
NC_017549.1,3105398,3127832,22434,islandpick
NC_017549.1,2778275,2798279,20004,islandpick
NC_017549.1,1700480,1718428,17948,islandpick
NC_017549.1,323665,332086,8421,islandpick
NC_017549.1,929590,938995,9405,islandpick
NC_017549.1,1516328,1548760,32432,islandpick
NC_017549.1,303983,322893,18910,islandpick
NC_017554.1,3349555,3376469,26914,islandpick
NC_017531.1,3040588,3055426,14838,islandpick
NC_017554.1,2688556,2706741,18185,islandpick
NC_017531.1,3009581,3018284,8703,islandpick
NC_017531.1,2673464,2684043,10579,islandpick
NC_017531.1,1507946,1522719,14773,islandpick
NC_017531.1,1135603,1144028,8425,islandpick
NC_017531.1,1106203,1119394,13191,islandpick
NC_017531.1,1124970,1135403,10433,islandpick
NC_017545.1,358953,369494,10541,islandpick
NC_017537.1,71611,106611,35000,islandpick
NC_016811.1,2263253,2277415,14162,islandpick
NC_016811.1,2213271,2260590,47319,islandpick
NC_016612.1,4512502,4520715,8213,islandpick
NC_016612.1,5274233,5285121,10888,islandpick
NC_016612.1,3546013,3555673,9660,islandpick
NC_016612.1,422468,443276,20808,islandpick
NC_016641.1,4875755,4888214,12459,islandpick
NC_016641.1,5701535,5716315,14780,islandpick
NC_016808.1,276765,291407,14642,islandpick
NC_017542.1,3111695,3119853,8158,islandpick
NC_017542.1,3215531,3236006,20475,islandpick
NC_016641.1,4735793,4744364,8571,islandpick
NC_016641.1,4754831,4773619,18788,islandpick
NC_015379.1,2926184,2936055,9871,islandpick
NC_015379.1,3013567,3031335,17768,islandpick
NC_015379.1,2529407,2537627,8220,islandpick
NC_015379.1,2643871,2655471,11600,islandpick
NC_015379.1,2520540,2529201,8661,islandpick
NC_015379.1,2503351,2518987,15636,islandpick
NC_015379.1,2458464,2470210,11746,islandpick
NC_015379.1,933547,956885,23338,islandpick
NC_016641.1,680246,704602,24356,islandpick
NC_017505.1,995133,1003463,8330,islandpick
NC_017512.1,1535873,1563316,27443,islandpick
NC_016641.1,4663428,4727483,64055,islandpick
NC_016641.1,4627380,4642335,14955,islandpick
NC_016641.1,4647748,4663363,15615,islandpick
NC_016641.1,4001762,4012166,10404,islandpick
NC_016641.1,4363745,4376560,12815,islandpick
NC_016641.1,4525795,4541081,15286,islandpick
NC_016641.1,4566464,4602677,36213,islandpick
NC_016641.1,3498790,3512926,14136,islandpick
NC_016641.1,3984324,3996339,12015,islandpick
NC_016641.1,714507,724883,10376,islandpick
NC_017529.1,82980,106611,23631,islandpick
NC_017529.1,71611,82827,11216,islandpick
NC_016641.1,446622,483438,36816,islandpick
NC_016641.1,434118,446559,12441,islandpick
NC_016641.1,398646,414505,15859,islandpick
NC_016641.1,373420,392113,18693,islandpick
NC_016641.1,103480,116882,13402,islandpick
NC_017027.1,2182677,2221483,38806,islandpick
NC_017027.1,1516773,1525948,9175,islandpick
NC_017027.1,1495336,1504556,9220,islandpick
NC_014483.1,5313840,5322986,9146,islandpick
NC_014483.1,4581068,4595487,14419,islandpick
NC_014483.1,2646037,2656214,10177,islandpick
NC_016845.1,1322512,1338640,16128,islandpick
NC_016845.1,3479832,3495607,15775,islandpick
NC_017486.1,628639,636892,8253,islandpick
NC_017486.1,637012,647113,10101,islandpick
NC_017492.1,76148,85233,9085,islandpick
NC_017492.1,94329,107197,12868,islandpick
NC_017482.1,1538602,1558730,20128,islandpick
NC_017491.1,429297,440383,11086,islandpick
NC_017491.1,2510269,2535539,25270,islandpick
NC_016947.1,2661300,2671425,10125,islandpick
NC_016947.1,2027900,2036407,8507,islandpick
NC_017473.1,1045515,1070870,25355,islandpick
NC_017474.1,1035405,1060760,25355,islandpick
NC_017473.1,380746,388994,8248,islandpick
NC_017473.1,930777,955802,25025,islandpick
NC_017474.1,377804,386052,8248,islandpick
NC_017474.1,920667,945692,25025,islandpick
NC_014483.1,1632626,1641153,8527,islandpick
NC_014483.1,883813,894970,11157,islandpick
NC_014483.1,930871,940328,9457,islandpick
NC_014483.1,577678,585706,8028,islandpick
NC_016948.1,3491168,3500497,9329,islandpick
NC_016948.1,3501544,3516298,14754,islandpick
NC_016948.1,2938801,2950515,11714,islandpick
NC_016948.1,1800352,1809324,8972,islandpick
NC_016948.1,2535184,2544611,9427,islandpick
NC_016948.1,1748769,1758225,9456,islandpick
NC_017511.1,1845385,1855851,10466,islandpick
NC_017511.1,1096543,1110435,13892,islandpick
NC_017511.1,514507,529790,15283,islandpick
NC_017511.1,37093,47015,9922,islandpick
NC_016641.1,3208713,3231671,22958,islandpick
NC_016641.1,3196923,3208640,11717,islandpick
NC_016641.1,2771841,2789357,17516,islandpick
NC_016641.1,2749009,2766207,17198,islandpick
NC_016641.1,2591913,2602590,10677,islandpick
NC_016641.1,2302984,2311375,8391,islandpick
NC_016641.1,2288983,2301117,12134,islandpick
NC_016641.1,2254648,2263590,8942,islandpick
NC_016641.1,1812594,1825654,13060,islandpick
NC_016641.1,1362604,1377116,14512,islandpick
NC_016641.1,1267067,1290823,23756,islandpick
NC_016947.1,1917972,1926368,8396,islandpick
NC_017451.1,537467,554727,17260,islandpick
NC_017452.1,946411,956163,9752,islandpick
NC_017368.1,474322,482714,8392,islandpick
NC_017358.1,205446,215515,10069,islandpick
NC_017378.1,989117,1004976,15859,islandpick
NC_017378.1,1011401,1019506,8105,islandpick
NC_017741.1,190447,202922,12475,islandpick
NC_017354.1,654123,662394,8271,islandpick
NC_017470.1,1001672,1012117,10445,islandpick
NC_014727.1,164631,176571,11940,islandpick
NC_014727.1,1010353,1022636,12283,islandpick
NC_014727.1,1156810,1167223,10413,islandpick
NC_014727.1,1215966,1273955,57989,islandpick
NC_014727.1,1681090,1692428,11338,islandpick
NC_014727.1,2050222,2066314,16092,islandpick
NC_014727.1,2097058,2107464,10406,islandpick
NC_006814.3,1072362,1081157,8795,islandpick
NC_017027.1,60901,89170,28269,islandpick
NC_014760.1,705531,713687,8156,islandpick
NC_014760.1,663657,672200,8543,islandpick
NC_015725.1,568126,591914,23788,islandpick
NC_015725.1,494446,503709,9263,islandpick
NC_015725.1,385169,396108,10939,islandpick
NC_015725.1,400458,408647,8189,islandpick
NC_013948.1,768840,778461,9621,islandpick
NC_015847.1,766516,776307,9791,islandpick
NC_017546.1,2767112,2777864,10752,islandpick
NC_016011.1,85882,97784,11902,islandpick
NC_016011.1,2764467,2786134,21667,islandpick
NC_016809.1,1206489,1224214,17725,islandpick
NC_016809.1,1187838,1206058,18220,islandpick
NC_016593.1,1827582,1837653,10071,islandpick
NC_010336.1,843469,851523,8054,islandpick
NC_010336.1,1946420,1963823,17403,islandpick
NC_010336.1,474819,498265,23446,islandpick
NC_015696.1,1962897,1972952,10055,islandpick
NC_015696.1,1954725,1962856,8131,islandpick
NC_017664.1,1763394,1774601,11207,islandpick
NC_017664.1,2619072,2635105,16033,islandpick
NC_016937.1,1074261,1082896,8635,islandpick
NC_015696.1,279657,290091,10434,islandpick
NC_017450.1,820323,834014,13691,islandpick
NC_017453.1,1074326,1082961,8635,islandpick
NC_017631.1,5021755,5034412,12657,islandpick
NC_017631.1,2320967,2330070,9103,islandpick
NC_017631.1,1215570,1225502,9932,islandpick
NC_017631.1,320724,338968,18244,islandpick
NC_017631.1,282998,293630,10632,islandpick
NC_017631.1,265131,279641,14510,islandpick
NC_017664.1,649932,663038,13106,islandpick
NC_017651.1,3396161,3405053,8892,islandpick
NC_017651.1,4924465,4938855,14390,islandpick
NC_017651.1,3334905,3344432,9527,islandpick
NC_017651.1,337265,350495,13230,islandpick
NC_017651.1,1142277,1152653,10376,islandpick
NC_017651.1,1177877,1186259,8382,islandpick
NC_017651.1,1320766,1329554,8788,islandpick
NC_017651.1,2286817,2297110,10293,islandpick
NC_017651.1,291579,304446,12867,islandpick
NC_017652.1,3333925,3344432,10507,islandpick
NC_017652.1,4924477,4937708,13231,islandpick
NC_017651.1,265758,275494,9736,islandpick
NC_017652.1,1142277,1151909,9632,islandpick
NC_017652.1,1177856,1186259,8403,islandpick
NC_017652.1,1320766,1329360,8594,islandpick
NC_017652.1,248890,260061,11171,islandpick
NC_017635.1,3329990,3351203,21213,islandpick
NC_017635.1,3178055,3190766,12711,islandpick
NC_017635.1,1767424,1776665,9241,islandpick
NC_017635.1,649489,663032,13543,islandpick
NC_017635.1,446588,455392,8804,islandpick
NC_008245.1,1073265,1082850,9585,islandpick
NC_016933.1,1150168,1158803,8635,islandpick
NC_017651.1,275869,286961,11092,islandpick
NC_017641.1,1220354,1231717,11363,islandpick
NC_017641.1,1191408,1201422,10014,islandpick
NC_016902.1,3863309,3874203,10894,islandpick
NC_017625.1,1118412,1126432,8020,islandpick
NC_016902.1,3448867,3461975,13108,islandpick
NC_017628.1,578985,588075,9090,islandpick
NC_017644.1,4924568,4941930,17362,islandpick
NC_017644.1,4813133,4826580,13447,islandpick
NC_017644.1,4472361,4485748,13387,islandpick
NC_017646.1,1088599,1099345,10746,islandpick
NC_017646.1,1488218,1496956,8738,islandpick
NC_017646.1,1820753,1843042,22289,islandpick
NC_017646.1,2364770,2374056,9286,islandpick
NC_017646.1,3340247,3351363,11116,islandpick
NC_017646.1,3559064,3567975,8911,islandpick
NC_017646.1,4342852,4351542,8690,islandpick
NC_017646.1,5265067,5274629,9562,islandpick
NC_017644.1,1970901,1996401,25500,islandpick
NC_017644.1,3121233,3130145,8912,islandpick
NC_017644.1,3130337,3151002,20665,islandpick
NC_017660.1,4420637,4432266,11629,islandpick
NC_017660.1,3831138,4026649,195511,islandpick
NC_017660.1,3186147,3195029,8882,islandpick
NC_017663.1,1701147,1717183,16036,islandpick
NC_017663.1,1735303,1747597,12294,islandpick
NC_017660.1,237839,248595,10756,islandpick
NC_017660.1,1640809,1662899,22090,islandpick
NC_017646.1,577835,599506,21671,islandpick
NC_017632.1,4558390,4570515,12125,islandpick
NC_017632.1,4536761,4546691,9930,islandpick
NC_017641.1,4923884,4951417,27533,islandpick
NC_017632.1,3309368,3317455,8087,islandpick
NC_017641.1,3552894,3565141,12247,islandpick
NC_017641.1,3590977,3599949,8972,islandpick
NC_017641.1,3181442,3190844,9402,islandpick
NC_017641.1,3193930,3203843,9913,islandpick
NC_017641.1,3414529,3424991,10462,islandpick
NC_017641.1,1834031,1850982,16951,islandpick
NC_017641.1,1384840,1401022,16182,islandpick
NC_017641.1,1631380,1643066,11686,islandpick
NC_017641.1,1643975,1670379,26404,islandpick
NC_010528.1,1734587,1743600,9013,islandpick
NC_010528.1,1714336,1725755,11419,islandpick
NC_010528.1,1659038,1671897,12859,islandpick
NC_010528.1,1579132,1597576,18444,islandpick
NC_015726.1,2938468,2955396,16928,islandpick
NC_015726.1,3458465,3481948,23483,islandpick
NC_010528.1,590087,600816,10729,islandpick
NC_010528.1,601028,612523,11495,islandpick
NC_010528.1,698518,707236,8718,islandpick
NC_010528.1,1266319,1275861,9542,islandpick
NC_010528.1,1452215,1466414,14199,islandpick
NC_016514.1,2083634,2094163,10529,islandpick
NC_016514.1,2603030,2611341,8311,islandpick
NC_016514.1,901073,912860,11787,islandpick
NC_015968.1,1622045,1633511,11466,islandpick
NC_015968.1,519145,532757,13612,islandpick
NC_017445.1,2000109,2014269,14160,islandpick
NC_017445.1,1898764,1912691,13927,islandpick
NC_017445.1,753081,771235,18154,islandpick
NC_017445.1,739402,750811,11409,islandpick
NC_017445.1,565080,576990,11910,islandpick
NC_017445.1,692305,739303,46998,islandpick
NC_015726.1,1822653,1843183,20530,islandpick
NC_015726.1,1800084,1818417,18333,islandpick
NC_015726.1,1767331,1794190,26859,islandpick
NC_015726.1,1200603,1219902,19299,islandpick
NC_016786.1,62434,71097,8663,islandpick
NC_016786.1,2241302,2251043,9741,islandpick
NC_016786.1,52504,62300,9796,islandpick
NC_017317.1,1291491,1319513,28022,islandpick
NC_017317.1,111503,121699,10196,islandpick
NC_015723.1,2289668,2298126,8458,islandpick
NC_015723.1,1899441,1908004,8563,islandpick
NC_015723.1,1492846,1503183,10337,islandpick
NC_015723.1,1476627,1492789,16162,islandpick
NC_015723.1,1451136,1459282,8146,islandpick
NC_015723.1,1378537,1391981,13444,islandpick
NC_015723.1,1353317,1376064,22747,islandpick
NC_015723.1,438919,452244,13325,islandpick
NC_015723.1,303728,312212,8484,islandpick
NC_016801.1,1097536,1108207,10671,islandpick
NC_016801.1,1112828,1122090,9262,islandpick
NC_016801.1,2133680,2141993,8313,islandpick
NC_016782.1,62435,71097,8662,islandpick
NC_016782.1,2240703,2250207,9504,islandpick
NC_016783.1,1137673,1147541,9868,islandpick
NC_016783.1,1154079,1167469,13390,islandpick
NC_015683.1,108054,118163,10109,islandpick
NC_015683.1,1302547,1319078,16531,islandpick
NC_015683.1,1853410,1876927,23517,islandpick
NC_015683.1,1879966,1890795,10829,islandpick
NC_016789.1,1715995,1728197,12202,islandpick
NC_016787.1,2039004,2050131,11127,islandpick
NC_016788.1,2080318,2090862,10544,islandpick
NC_016802.1,1750659,1777409,26750,islandpick
NC_016802.1,1786276,1797576,11300,islandpick
NC_016802.1,2062570,2072086,9516,islandpick
NC_016802.1,2075357,2084474,9117,islandpick
NC_015949.1,344075,353969,9894,islandpick
NC_017249.1,8494365,8539489,45124,islandpick
NC_017249.1,8169048,8205014,35966,islandpick
NC_017249.1,6421422,6459388,37966,islandpick
NC_017028.1,974223,992106,17883,islandpick
NC_017028.1,1031385,1040837,9452,islandpick
NC_017831.1,3289607,3298364,8757,islandpick
NC_017831.1,2352670,2363300,10630,islandpick
NC_017831.1,3100875,3109252,8377,islandpick
NC_017831.1,2247208,2255833,8625,islandpick
NC_017831.1,2340592,2348847,8255,islandpick
NC_017831.1,1779223,1787369,8146,islandpick
NC_017831.1,1763711,1772656,8945,islandpick
NC_017831.1,63511,72871,9360,islandpick
NC_017831.1,573313,581853,8540,islandpick
NC_017831.1,1704616,1713128,8512,islandpick
NC_017831.1,1725728,1741259,15531,islandpick
NC_017249.1,8850046,8880325,30279,islandpick
NC_017249.1,8837522,8846943,9421,islandpick
NC_014540.1,29065,57003,27938,islandpick
NC_014540.1,361346,371151,9805,islandpick
NC_014540.1,387827,399552,11725,islandpick
NC_014540.1,740033,764463,24430,islandpick
NC_014540.1,766066,779363,13297,islandpick
NC_014540.1,782081,811098,29017,islandpick
NC_014540.1,1423244,1438546,15302,islandpick
NC_014540.1,1524803,1535707,10904,islandpick
NC_014540.1,1697245,1715528,18283,islandpick
NC_014540.1,1751436,1761447,10011,islandpick
NC_014540.1,2342559,2362113,19554,islandpick
NC_014540.1,2601992,2610725,8733,islandpick
NC_014540.1,2764247,2773395,9148,islandpick
NC_014540.1,2781877,2815029,33152,islandpick
NC_014540.1,2830810,2846991,16181,islandpick
NC_017249.1,5368858,5377359,8501,islandpick
NC_017249.1,6153992,6162847,8855,islandpick
NC_017249.1,6233137,6250801,17664,islandpick
NC_017249.1,6293999,6311314,17315,islandpick
NC_017249.1,5249536,5269566,20030,islandpick
NC_017249.1,3410370,3418936,8566,islandpick
NC_017249.1,3479337,3487472,8135,islandpick
NC_017249.1,4371641,4385296,13655,islandpick
NC_017249.1,4390217,4399185,8968,islandpick
NC_017249.1,3391623,3409097,17474,islandpick
NC_017249.1,3341163,3354124,12961,islandpick
NC_017249.1,3356775,3365437,8662,islandpick
NC_017249.1,3366959,3388873,21914,islandpick
NC_017249.1,3146102,3155282,9180,islandpick
NC_017249.1,3277496,3294127,16631,islandpick
NC_017249.1,2524418,2537855,13437,islandpick
NC_017249.1,2573247,2583967,10720,islandpick
NC_017249.1,2457923,2466715,8792,islandpick
NC_017249.1,2494543,2507746,13203,islandpick
NC_017832.1,518743,537043,18300,islandpick
NC_017832.1,2189051,2199054,10003,islandpick
NC_017832.1,2199121,2212472,13351,islandpick
NC_017832.1,2736275,2744894,8619,islandpick
NC_017832.1,2764774,2775743,10969,islandpick
NC_017249.1,265989,278312,12323,islandpick
NC_017249.1,913407,937879,24472,islandpick
NC_017249.1,1488648,1503288,14640,islandpick
NC_017249.1,1640262,1657668,17406,islandpick
NC_017249.1,2046610,2060919,14309,islandpick
NC_017249.1,2079113,2087684,8571,islandpick
NC_017249.1,2118138,2139117,20979,islandpick
NC_017249.1,2140446,2148709,8263,islandpick
NC_017082.1,6503098,6534291,31193,islandpick
NC_017082.1,6467698,6480802,13104,islandpick
NC_017082.1,6450142,6467524,17382,islandpick
NC_017082.1,5807033,5827400,20367,islandpick
NC_017082.1,3987484,3997136,9652,islandpick
NC_017082.1,5464546,5472815,8269,islandpick
NC_017082.1,5683849,5696988,13139,islandpick
NC_017082.1,3912948,3927469,14521,islandpick
NC_017082.1,2879666,2921816,42150,islandpick
NC_017082.1,3728189,3744498,16309,islandpick
NC_017082.1,2093489,2103934,10445,islandpick
NC_017082.1,2367413,2396885,29472,islandpick
NC_017082.1,2081445,2092294,10849,islandpick
NC_017082.1,1901067,1909633,8566,islandpick
NC_017082.1,533439,546099,12660,islandpick
NC_017082.1,572880,582076,9196,islandpick
NC_004463.1,9093501,9101574,8073,islandpick
NC_004463.1,8850496,8887536,37040,islandpick
NC_004463.1,8783659,8794334,10675,islandpick
NC_004463.1,8768339,8777189,8850,islandpick
NC_004463.1,7047062,7070322,23260,islandpick
NC_004463.1,8441075,8453538,12463,islandpick
NC_004463.1,7035103,7047010,11907,islandpick
NC_004463.1,7006447,7034213,27766,islandpick
NC_004463.1,6971875,6994581,22706,islandpick
NC_004463.1,6579073,6587682,8609,islandpick
NC_004463.1,6932532,6969118,36586,islandpick
NC_004463.1,5975316,5983871,8555,islandpick
NC_017219.1,2619552,2632930,13378,islandpick
NC_015858.1,538406,563660,25254,islandpick
NC_017219.1,1956100,1972323,16223,islandpick
NC_017219.1,1691873,1713785,21912,islandpick
NC_017219.1,1674399,1690225,15826,islandpick
NC_017219.1,1660584,1672598,12014,islandpick
NC_017219.1,1513323,1526067,12744,islandpick
NC_017223.1,2687734,2697344,9610,islandpick
NC_017061.1,4085792,4096225,10433,islandpick
NC_017061.1,2568671,2582717,14046,islandpick
NC_017061.1,2526912,2536277,9365,islandpick
NC_017061.1,1525310,1535361,10051,islandpick
NC_017061.1,1513286,1521590,8304,islandpick
NC_017061.1,1170293,1179149,8856,islandpick
NC_016047.1,226543,264881,38338,islandpick
NC_016047.1,271003,281308,10305,islandpick
NC_017729.1,465055,473841,8786,islandpick
NC_017729.1,4833160,4849829,16669,islandpick
NC_016047.1,210526,220831,10305,islandpick
NC_016047.1,166066,204404,38338,islandpick
NC_016779.1,2020384,2029236,8852,islandpick
NC_017188.1,3073857,3086003,12146,islandpick
NC_017188.1,2924195,2934041,9846,islandpick
NC_016771.1,3690102,3701744,11642,islandpick
NC_016771.1,375649,384917,9268,islandpick
NC_017190.1,871004,880567,9563,islandpick
NC_017387.1,2540386,2549243,8857,islandpick
NC_017387.1,2959874,2968440,8566,islandpick
NC_016603.1,1267229,1284770,17541,islandpick
NC_017171.1,791814,815213,23399,islandpick
NC_017171.1,2896823,2910306,13483,islandpick
NC_017171.1,2910323,2929352,19029,islandpick
NC_017846.1,1209615,1219649,10034,islandpick
NC_017387.1,2288182,2301299,13117,islandpick
NC_017387.1,1843367,1854702,11335,islandpick
NC_017387.1,1298386,1308366,9980,islandpick
NC_017387.1,797111,820511,23400,islandpick
NC_017387.1,257926,266812,8886,islandpick
NC_017847.1,2746688,2756473,9785,islandpick
NC_017162.1,792839,815400,22561,islandpick
NC_017162.1,1472194,1494533,22339,islandpick
NC_017847.1,982467,993355,10888,islandpick
NC_004463.1,5547248,5565091,17843,islandpick
NC_004463.1,5752232,5762660,10428,islandpick
NC_004463.1,5787567,5797028,9461,islandpick
NC_004463.1,5133766,5152987,19221,islandpick
NC_004463.1,4695980,4708941,12961,islandpick
NC_004463.1,5113786,5131640,17854,islandpick
NC_004463.1,4105429,4122436,17007,islandpick
NC_004463.1,4041163,4049366,8203,islandpick
NC_004463.1,4049418,4062788,13370,islandpick
NC_004463.1,4028827,4041104,12277,islandpick
NC_004463.1,4014105,4027979,13874,islandpick
NC_004463.1,3860746,3875934,15188,islandpick
NC_004463.1,3907588,3923153,15565,islandpick
NC_004463.1,3924903,3942917,18014,islandpick
NC_004463.1,3807777,3824826,17049,islandpick
NC_004463.1,3706178,3719206,13028,islandpick
NC_004463.1,3653031,3667838,14807,islandpick
NC_004463.1,2069067,2090764,21697,islandpick
NC_004463.1,2473140,2497092,23952,islandpick
NC_004463.1,936464,954585,18121,islandpick
NC_004463.1,1374384,1388083,13699,islandpick
NC_004463.1,2041155,2051930,10775,islandpick
NC_004463.1,6009509,6032639,23130,islandpick
NC_017243.1,1251594,1263483,11889,islandpick
NC_017243.1,1580059,1590831,10772,islandpick
NC_017243.1,198688,210212,11524,islandpick
NC_017243.1,61740,95888,34148,islandpick
NC_017218.1,1821009,1830486,9477,islandpick
NC_017218.1,542615,552137,9522,islandpick
NC_017218.1,423393,431934,8541,islandpick
NC_003228.3,4551681,4560020,8339,islandpick
NC_003228.3,4535694,4549109,13415,islandpick
NC_003228.3,4347127,4360091,12964,islandpick
NC_003228.3,4078935,4089189,10254,islandpick
NC_003228.3,3250499,3268804,18305,islandpick
NC_003228.3,2677289,2708843,31554,islandpick
NC_003228.3,1371260,1389221,17961,islandpick
NC_003228.3,1725822,1772067,46245,islandpick
NC_003228.3,1772084,1786802,14718,islandpick
NC_003228.3,1332928,1344835,11907,islandpick
NC_003228.3,1345194,1360704,15510,islandpick
NC_003228.3,897180,907159,9979,islandpick
NC_017243.1,1733910,1760259,26349,islandpick
NC_017221.1,82797,91365,8568,islandpick
NC_017221.1,1791591,1801729,10138,islandpick
NC_017219.1,1433161,1447275,14114,islandpick
NC_017219.1,1458749,1513276,54527,islandpick
NC_017219.1,1409888,1433135,23247,islandpick
NC_017219.1,1321250,1330865,9615,islandpick
NC_017219.1,1360763,1408174,47411,islandpick
NC_017219.1,1288647,1311785,23138,islandpick
NC_017219.1,532741,557514,24773,islandpick
NC_014150.1,2570245,2594284,24039,islandpick
NC_014150.1,1935341,1965046,29705,islandpick
NC_012225.1,1953177,1963430,10253,islandpick
NC_014150.1,1419290,1434355,15065,islandpick
NC_014150.1,1497860,1531134,33274,islandpick
NC_014540.1,29065,57003,27938,islandpick
NC_014540.1,361346,371151,9805,islandpick
NC_014540.1,387827,399552,11725,islandpick
NC_014540.1,740033,764463,24430,islandpick
NC_014540.1,766066,779363,13297,islandpick
NC_014540.1,782081,811098,29017,islandpick
NC_014540.1,1423244,1438546,15302,islandpick
NC_014540.1,1524803,1535707,10904,islandpick
NC_014540.1,1697245,1715528,18283,islandpick
NC_014540.1,1751436,1761447,10011,islandpick
NC_014540.1,2342559,2362113,19554,islandpick
NC_014540.1,2601992,2610725,8733,islandpick
NC_014540.1,2764247,2773395,9148,islandpick
NC_014540.1,2781877,2815029,33152,islandpick
NC_014540.1,2830810,2846991,16181,islandpick
NC_012804.1,362460,385062,22602,islandpick
NC_012804.1,630612,642414,11802,islandpick
NC_012804.1,1670524,1686712,16188,islandpick
NC_008268.1,1,16482,16481,islandpick
NC_008268.1,16610,25169,8559,islandpick
NC_008268.1,26233,37823,11590,islandpick
NC_008268.1,277280,291871,14591,islandpick
NC_008268.1,369164,392414,23250,islandpick
NC_008268.1,519647,533478,13831,islandpick
NC_008268.1,543284,553739,10455,islandpick
NC_008268.1,572565,592955,20390,islandpick
NC_008268.1,720702,729949,9247,islandpick
NC_008268.1,730052,741718,11666,islandpick
NC_008268.1,811707,821676,9969,islandpick
NC_008268.1,1753812,1769712,15900,islandpick
NC_008268.1,1827493,1842566,15073,islandpick
NC_008268.1,2813178,2831834,18656,islandpick
NC_008268.1,2852074,2863022,10948,islandpick
NC_008268.1,2880053,2890628,10575,islandpick
NC_008268.1,2909913,2920594,10681,islandpick
NC_008268.1,3133864,3147476,13612,islandpick
NC_008268.1,3237712,3253431,15719,islandpick
NC_008268.1,3263400,3273153,9753,islandpick
NC_008268.1,3300021,3308858,8837,islandpick
NC_008268.1,3314967,3332771,17804,islandpick
NC_008268.1,3333015,3342228,9213,islandpick
NC_008268.1,3358014,3381571,23557,islandpick
NC_008268.1,3386483,3404642,18159,islandpick
NC_008268.1,3429359,3440335,10976,islandpick
NC_008268.1,3598520,3607569,9049,islandpick
NC_008268.1,3975523,3984417,8894,islandpick
NC_008268.1,4057408,4068816,11408,islandpick
NC_008268.1,5658399,5667206,8807,islandpick
NC_008268.1,5747003,5767225,20222,islandpick
NC_008268.1,7162721,7183170,20449,islandpick
NC_008268.1,7183227,7194777,11550,islandpick
NC_008268.1,7201774,7215917,14143,islandpick
NC_008268.1,7455722,7464245,8523,islandpick
NC_008268.1,7464292,7476391,12099,islandpick
NC_008268.1,7484161,7493622,9461,islandpick
NC_008268.1,7517613,7535222,17609,islandpick
NC_008268.1,7560226,7571697,11471,islandpick
NC_014540.1,29065,57003,27938,islandpick
NC_014540.1,361346,371151,9805,islandpick
NC_014540.1,387827,399552,11725,islandpick
NC_014540.1,740033,764463,24430,islandpick
NC_014540.1,766066,779363,13297,islandpick
NC_014540.1,782081,811098,29017,islandpick
NC_014540.1,1423244,1438546,15302,islandpick
NC_014540.1,1524803,1535707,10904,islandpick
NC_014540.1,1697245,1715528,18283,islandpick
NC_014540.1,1751436,1761447,10011,islandpick
NC_014540.1,2342559,2362113,19554,islandpick
NC_014540.1,2601992,2610725,8733,islandpick
NC_014540.1,2764247,2773395,9148,islandpick
NC_014540.1,2781877,2815029,33152,islandpick
NC_014540.1,2830810,2846991,16181,islandpick
NC_012804.1,362460,385062,22602,islandpick
NC_012804.1,630612,642414,11802,islandpick
NC_012804.1,1670524,1686712,16188,islandpick
NC_008268.1,1,16482,16481,islandpick
NC_008268.1,16610,25169,8559,islandpick
NC_008268.1,26233,37823,11590,islandpick
NC_008268.1,277280,291871,14591,islandpick
NC_008268.1,369164,392414,23250,islandpick
NC_008268.1,519647,533478,13831,islandpick
NC_008268.1,543284,553739,10455,islandpick
NC_008268.1,572565,592955,20390,islandpick
NC_008268.1,720702,729949,9247,islandpick
NC_008268.1,730052,741718,11666,islandpick
NC_008268.1,811707,821676,9969,islandpick
NC_008268.1,1753812,1769712,15900,islandpick
NC_008268.1,1827493,1842566,15073,islandpick
NC_008268.1,2813178,2831834,18656,islandpick
NC_008268.1,2852074,2863022,10948,islandpick
NC_008268.1,2880053,2890628,10575,islandpick
NC_008268.1,2909913,2920594,10681,islandpick
NC_008268.1,3133864,3147476,13612,islandpick
NC_008268.1,3237712,3253431,15719,islandpick
NC_008268.1,3263400,3273153,9753,islandpick
NC_008268.1,3300021,3308858,8837,islandpick
NC_008268.1,3314967,3332771,17804,islandpick
NC_008268.1,3333015,3342228,9213,islandpick
NC_008268.1,3358014,3381571,23557,islandpick
NC_008268.1,3386483,3404642,18159,islandpick
NC_008268.1,3429359,3440335,10976,islandpick
NC_008268.1,3598520,3607569,9049,islandpick
NC_008268.1,3975523,3984417,8894,islandpick
NC_008268.1,4057408,4068816,11408,islandpick
NC_008268.1,5658399,5667206,8807,islandpick
NC_008268.1,5747003,5767225,20222,islandpick
NC_008268.1,7162721,7183170,20449,islandpick
NC_008268.1,7183227,7194777,11550,islandpick
NC_008268.1,7201774,7215917,14143,islandpick
NC_008268.1,7455722,7464245,8523,islandpick
NC_008268.1,7464292,7476391,12099,islandpick
NC_008268.1,7484161,7493622,9461,islandpick
NC_008268.1,7517613,7535222,17609,islandpick
NC_008268.1,7560226,7571697,11471,islandpick
NC_014540.1,29065,57003,27938,islandpick
NC_014540.1,361346,371151,9805,islandpick
NC_014540.1,387827,399552,11725,islandpick
NC_014540.1,740033,764463,24430,islandpick
NC_014540.1,766066,779363,13297,islandpick
NC_014540.1,782081,811098,29017,islandpick
NC_014540.1,1423244,1438546,15302,islandpick
NC_014540.1,1524803,1535707,10904,islandpick
NC_014540.1,1697245,1715528,18283,islandpick
NC_014540.1,1751436,1761447,10011,islandpick
NC_014540.1,2342559,2362113,19554,islandpick
NC_014540.1,2601992,2610725,8733,islandpick
NC_014540.1,2764247,2773395,9148,islandpick
NC_014540.1,2781877,2815029,33152,islandpick
NC_014540.1,2830810,2846991,16181,islandpick
NC_012804.1,362460,385062,22602,islandpick
NC_012804.1,630612,642414,11802,islandpick
NC_012804.1,1670524,1686712,16188,islandpick
NC_014540.1,29065,57003,27938,islandpick
NC_014540.1,361346,371151,9805,islandpick
NC_014540.1,387827,399552,11725,islandpick
NC_014540.1,740033,764463,24430,islandpick
NC_014540.1,766066,779363,13297,islandpick
NC_014540.1,782081,811098,29017,islandpick
NC_014540.1,1423244,1438546,15302,islandpick
NC_014540.1,1524803,1535707,10904,islandpick
NC_014540.1,1697245,1715528,18283,islandpick
NC_014540.1,1751436,1761447,10011,islandpick
NC_014540.1,2342559,2362113,19554,islandpick
NC_014540.1,2601992,2610725,8733,islandpick
NC_014540.1,2764247,2773395,9148,islandpick
NC_014540.1,2781877,2815029,33152,islandpick
NC_014540.1,2830810,2846991,16181,islandpick
