Replicon Accession,Start,End,Size,GI Prediction Program
NC_010682.1,1766124,1782646,16522,islandpath_dimob
NC_010723.1,3208067,3216175,8108,islandpath_dimob
NC_010658.1,817660,849840,32180,islandpath_dimob
NC_010658.1,1140687,1148870,8183,islandpath_dimob
NC_010658.1,1454838,1459943,5105,islandpath_dimob
NC_010658.1,1535807,1545125,9318,islandpath_dimob
NC_010658.1,1567213,1572259,5046,islandpath_dimob
NC_010658.1,1942373,1961669,19296,islandpath_dimob
NC_010658.1,1914857,1924598,9741,islandpath_dimob
NC_010658.1,1780054,1791481,11427,islandpath_dimob
NC_010658.1,1155110,1171847,16737,islandpath_dimob
NC_010634.1,4562171,4583153,20982,islandpath_dimob
NC_010634.1,4470404,4488366,17962,islandpath_dimob
NC_010634.1,3746992,3751889,4897,islandpath_dimob
NC_010634.1,4313264,4338917,25653,islandpath_dimob
NC_010634.1,3590569,3603518,12949,islandpath_dimob
NC_010634.1,2126740,2139012,12272,islandpath_dimob
NC_010634.1,2141515,2153437,11922,islandpath_dimob
NC_010634.1,1446314,1449127,2813,islandpath_dimob
NC_010634.1,1912758,1948130,35372,islandpath_dimob
NC_010634.1,1337970,1358519,20549,islandpath_dimob
NC_010688.1,3256023,3262854,6831,islandpath_dimob
NC_010688.1,3530821,3567414,36593,islandpath_dimob
NC_010688.1,3232164,3253128,20964,islandpath_dimob
NC_010688.1,2822513,2835466,12953,islandpath_dimob
NC_010688.1,3035626,3054885,19259,islandpath_dimob
NC_010688.1,3056948,3073442,16494,islandpath_dimob
NC_010688.1,2786301,2800637,14336,islandpath_dimob
NC_010688.1,2181850,2186377,4527,islandpath_dimob
NC_010688.1,2405496,2411227,5731,islandpath_dimob
NC_010688.1,2532932,2542083,9151,islandpath_dimob
NC_010688.1,676297,687731,11434,islandpath_dimob
NC_010688.1,1194541,1234272,39731,islandpath_dimob
NC_010688.1,75567,81668,6101,islandpath_dimob
NC_010688.1,154122,166748,12626,islandpath_dimob
NC_010611.1,3148717,3155174,6457,islandpath_dimob
NC_010611.1,1455174,1462000,6826,islandpath_dimob
NC_010611.1,2353935,2360708,6773,islandpath_dimob
NC_010611.1,1308074,1318653,10579,islandpath_dimob
NC_010611.1,249117,260216,11099,islandpath_dimob
NC_010611.1,758343,794472,36129,islandpath_dimob
NC_010981.1,1366044,1377126,11082,islandpath_dimob
NC_010981.1,1037700,1050336,12636,islandpath_dimob
NC_010981.1,1190224,1201063,10839,islandpath_dimob
NC_010981.1,428609,451951,23342,islandpath_dimob
NC_010981.1,387507,404009,16502,islandpath_dimob
NC_010981.1,353077,368905,15828,islandpath_dimob
NC_010981.1,294562,327551,32989,islandpath_dimob
NC_010981.1,244193,251610,7417,islandpath_dimob
NC_010981.1,277059,292824,15765,islandpath_dimob
NC_012659.1,3767449,3781512,14063,islandpath_dimob
NC_012659.1,2052845,2060759,7914,islandpath_dimob
NC_012659.1,3456946,3505709,48763,islandpath_dimob
NC_010939.1,2000747,2040105,39358,islandpath_dimob
NC_010939.1,1716134,1723719,7585,islandpath_dimob
NC_010939.1,1814124,1837201,23077,islandpath_dimob
NC_010939.1,1698379,1710139,11760,islandpath_dimob
NC_010939.1,1119498,1131758,12260,islandpath_dimob
NC_010939.1,898745,908087,9342,islandpath_dimob
NC_010939.1,570917,586535,15618,islandpath_dimob
NC_010939.1,518475,561105,42630,islandpath_dimob
NC_010655.1,2026508,2038697,12189,islandpath_dimob
NC_010655.1,2310079,2319096,9017,islandpath_dimob
NC_010939.1,406801,426125,19324,islandpath_dimob
NC_010655.1,155651,163318,7667,islandpath_dimob
NC_010645.1,1880271,1884298,4027,islandpath_dimob
NC_010645.1,1369276,1388733,19457,islandpath_dimob
NC_010645.1,368759,403870,35111,islandpath_dimob
NC_012659.1,996796,1005351,8555,islandpath_dimob
NC_012669.1,2808011,2821256,13245,islandpath_dimob
NC_012695.1,2991049,3006765,15716,islandpath_dimob
NC_012695.1,2111640,2117467,5827,islandpath_dimob
NC_010816.1,2160234,2183197,22963,islandpath_dimob
NC_010816.1,1981217,1992752,11535,islandpath_dimob
NC_010816.1,352426,360186,7760,islandpath_dimob
NC_010816.1,429498,442187,12689,islandpath_dimob
NC_010816.1,812103,819032,6929,islandpath_dimob
NC_010816.1,1322216,1329051,6835,islandpath_dimob
NC_010816.1,1541573,1549959,8386,islandpath_dimob
NC_012695.1,2064614,2101944,37330,islandpath_dimob
NC_012695.1,2024965,2049226,24261,islandpath_dimob
NC_012695.1,1569758,1584693,14935,islandpath_dimob
NC_012695.1,1683639,1692310,8671,islandpath_dimob
NC_012695.1,1481084,1502930,21846,islandpath_dimob
NC_012695.1,1076918,1101655,24737,islandpath_dimob
NC_012695.1,885339,967484,82145,islandpath_dimob
NC_010742.1,1061798,1074239,12441,islandpath_dimob
NC_010742.1,949618,958500,8882,islandpath_dimob
NC_010742.1,960741,970657,9916,islandpath_dimob
NC_010742.1,720924,743606,22682,islandpath_dimob
NC_010742.1,284049,299675,15626,islandpath_dimob
NC_010742.1,534144,549401,15257,islandpath_dimob
NC_010740.1,383075,397612,14537,islandpath_dimob
NC_012695.1,682125,694393,12268,islandpath_dimob
NC_012724.1,3114406,3121307,6901,islandpath_dimob
NC_012724.1,3228166,3238206,10040,islandpath_dimob
NC_012695.1,12230,22771,10541,islandpath_dimob
NC_010512.1,955678,966845,11167,islandpath_dimob
NC_010512.1,1020760,1051197,30437,islandpath_dimob
NC_010512.1,872992,895357,22365,islandpath_dimob
NC_010804.1,2965760,2982895,17135,islandpath_dimob
NC_010804.1,1600419,1609734,9315,islandpath_dimob
NC_010804.1,2810795,2823099,12304,islandpath_dimob
NC_010804.1,1524033,1540584,16551,islandpath_dimob
NC_010804.1,833473,846956,13483,islandpath_dimob
NC_010804.1,953831,1042020,88189,islandpath_dimob
NC_010804.1,786111,802221,16110,islandpath_dimob
NC_010804.1,669985,704579,34594,islandpath_dimob
NC_010804.1,456037,467343,11306,islandpath_dimob
NC_010804.1,56850,67064,10214,islandpath_dimob
NC_010801.1,639821,652771,12950,islandpath_dimob
NC_010801.1,552436,598925,46489,islandpath_dimob
NC_010801.1,533290,544425,11135,islandpath_dimob
NC_010801.1,484618,505543,20925,islandpath_dimob
NC_010801.1,444003,459527,15524,islandpath_dimob
NC_010801.1,410198,421796,11598,islandpath_dimob
NC_010805.1,2071230,2088417,17187,islandpath_dimob
NC_010805.1,1555986,1564476,8490,islandpath_dimob
NC_010805.1,1580088,1597448,17360,islandpath_dimob
NC_010805.1,598980,654362,55382,islandpath_dimob
NC_010805.1,483296,487547,4251,islandpath_dimob
NC_010805.1,508382,517589,9207,islandpath_dimob
NC_010805.1,530876,595918,65042,islandpath_dimob
NC_010623.1,1966966,2075028,108062,islandpath_dimob
NC_010623.1,1876220,1958582,82362,islandpath_dimob
NC_010623.1,583037,596479,13442,islandpath_dimob
NC_010623.1,84670,161960,77290,islandpath_dimob
NC_010622.1,2663402,2695653,32251,islandpath_dimob
NC_010622.1,2168320,2179197,10877,islandpath_dimob
NC_010622.1,2391059,2403654,12595,islandpath_dimob
NC_010622.1,253152,300225,47073,islandpath_dimob
NC_010622.1,20605,44415,23810,islandpath_dimob
NC_012724.1,2615194,2766295,151101,islandpath_dimob
NC_012724.1,2080860,2117947,37087,islandpath_dimob
NC_012724.1,123234,128785,5551,islandpath_dimob
NC_012724.1,365613,387486,21873,islandpath_dimob
NC_010830.1,1793506,1823792,30286,islandpath_dimob
NC_010830.1,1435596,1445321,9725,islandpath_dimob
NC_010830.1,1364747,1375640,10893,islandpath_dimob
NC_010830.1,1142718,1152216,9498,islandpath_dimob
NC_010830.1,1110672,1115587,4915,islandpath_dimob
NC_010830.1,604659,616330,11671,islandpath_dimob
NC_010995.1,4531578,4548743,17165,islandpath_dimob
NC_010995.1,4465315,4476880,11565,islandpath_dimob
NC_010995.1,2862004,2898176,36172,islandpath_dimob
NC_010995.1,1415191,1441830,26639,islandpath_dimob
NC_010995.1,2105019,2117891,12872,islandpath_dimob
NC_010995.1,667205,678791,11586,islandpath_dimob
NC_010995.1,767378,786767,19389,islandpath_dimob
NC_010995.1,328748,350430,21682,islandpath_dimob
NC_010995.1,14174,45153,30979,islandpath_dimob
NC_010995.1,160941,181873,20932,islandpath_dimob
NC_010831.1,2526910,2542159,15249,islandpath_dimob
NC_010831.1,2075114,2114162,39048,islandpath_dimob
NC_010831.1,1661858,1673377,11519,islandpath_dimob
NC_010831.1,1111776,1120910,9134,islandpath_dimob
NC_010831.1,1243685,1250438,6753,islandpath_dimob
NC_010831.1,942083,962102,20019,islandpath_dimob
NC_010831.1,204955,223999,19044,islandpath_dimob
NC_010831.1,132367,140233,7866,islandpath_dimob
NC_010674.1,2010265,2015612,5347,islandpath_dimob
NC_010674.1,3673245,3712614,39369,islandpath_dimob
NC_011026.1,319436,331383,11947,islandpath_dimob
NC_011026.1,1201076,1214217,13141,islandpath_dimob
NC_010831.1,46333,58161,11828,islandpath_dimob
NC_010674.1,1378564,1412831,34267,islandpath_dimob
NC_010528.1,953267,959553,6286,islandpath_dimob
NC_010528.1,2517898,2528247,10349,islandpath_dimob
NC_010674.1,950276,955957,5681,islandpath_dimob
NC_010528.1,594460,612839,18379,islandpath_dimob
NC_010468.1,4262339,4272237,9898,islandpath_dimob
NC_010468.1,3723179,3761659,38480,islandpath_dimob
NC_010468.1,3639905,3652701,12796,islandpath_dimob
NC_010468.1,3216267,3229239,12972,islandpath_dimob
NC_010468.1,3140516,3153680,13164,islandpath_dimob
NC_010468.1,3023592,3034709,11117,islandpath_dimob
NC_010468.1,2410681,2423290,12609,islandpath_dimob
NC_010468.1,2263654,2305891,42237,islandpath_dimob
NC_010468.1,1820917,1843207,22290,islandpath_dimob
NC_010468.1,1782673,1795507,12834,islandpath_dimob
NC_010468.1,1135935,1162185,26250,islandpath_dimob
NC_010468.1,913985,934856,20871,islandpath_dimob
NC_010468.1,783110,795729,12619,islandpath_dimob
NC_010468.1,416433,433462,17029,islandpath_dimob
NC_012658.1,3670115,3693917,23802,islandpath_dimob
NC_010694.1,3185010,3195373,10363,islandpath_dimob
NC_012658.1,3076332,3112879,36547,islandpath_dimob
NC_012658.1,2533669,2538515,4846,islandpath_dimob
NC_012658.1,2735002,2741698,6696,islandpath_dimob
NC_010694.1,2498012,2505870,7858,islandpath_dimob
NC_010694.1,1069764,1087188,17424,islandpath_dimob
NC_010694.1,437744,462337,24593,islandpath_dimob
NC_010814.1,3741211,3747111,5900,islandpath_dimob
NC_010530.1,1013850,1038104,24254,islandpath_dimob
NC_010814.1,3090823,3106553,15730,islandpath_dimob
NC_010814.1,3067523,3075988,8465,islandpath_dimob
NC_010814.1,2495647,2521204,25557,islandpath_dimob
NC_010814.1,2399907,2412060,12153,islandpath_dimob
NC_010814.1,2206750,2212059,5309,islandpath_dimob
NC_010814.1,2186309,2197057,10748,islandpath_dimob
NC_010814.1,1548356,1571429,23073,islandpath_dimob
NC_010814.1,1469747,1481983,12236,islandpath_dimob
NC_010814.1,1340004,1351236,11232,islandpath_dimob
NC_010814.1,1442687,1460320,17633,islandpath_dimob
NC_010814.1,1177671,1187801,10130,islandpath_dimob
NC_010814.1,875451,887594,12143,islandpath_dimob
NC_010814.1,281878,309878,28000,islandpath_dimob
NC_010814.1,7400,16648,9248,islandpath_dimob
NC_010814.1,204598,275357,70759,islandpath_dimob
NC_010644.1,1072351,1080968,8617,islandpath_dimob
NC_010644.1,1540249,1553994,13745,islandpath_dimob
NC_010644.1,235691,252686,16995,islandpath_dimob
NC_010376.1,1529551,1569341,39790,islandpath_dimob
NC_010376.1,1062760,1069524,6764,islandpath_dimob
NC_010376.1,111903,117706,5803,islandpath_dimob
NC_010376.1,991867,1055076,63209,islandpath_dimob
NC_012658.1,2238624,2268970,30346,islandpath_dimob
NC_012658.1,1806605,1813400,6795,islandpath_dimob
NC_012658.1,1887105,1893359,6254,islandpath_dimob
NC_012658.1,2221400,2235394,13994,islandpath_dimob
NC_012660.1,5817889,5833360,15471,islandpath_dimob
NC_012658.1,876291,884882,8591,islandpath_dimob
NC_012660.1,5798878,5810305,11427,islandpath_dimob
NC_012660.1,5574823,5598320,23497,islandpath_dimob
NC_012660.1,3694643,3708119,13476,islandpath_dimob
NC_012660.1,2692648,2736361,43713,islandpath_dimob
NC_012721.1,1986436,1995355,8919,islandpath_dimob
NC_012721.1,2002102,2012600,10498,islandpath_dimob
NC_012721.1,2029090,2035382,6292,islandpath_dimob
NC_012721.1,2560878,2579559,18681,islandpath_dimob
NC_012660.1,1602825,1612632,9807,islandpath_dimob
NC_012660.1,2047801,2064174,16373,islandpath_dimob
NC_012660.1,2073590,2096439,22849,islandpath_dimob
NC_012721.1,1681906,1711051,29145,islandpath_dimob
NC_012721.1,1059557,1071929,12372,islandpath_dimob
NC_010617.1,993332,1003880,10548,islandpath_dimob
NC_010617.1,1467094,1485184,18090,islandpath_dimob
NC_010617.1,778015,818462,40447,islandpath_dimob
NC_010617.1,60484,67194,6710,islandpath_dimob
NC_010617.1,269726,284167,14441,islandpath_dimob
NC_010698.1,874330,916277,41947,islandpath_dimob
NC_010999.1,2842498,2849720,7222,islandpath_dimob
NC_010999.1,2216353,2227931,11578,islandpath_dimob
NC_010999.1,1209966,1218024,8058,islandpath_dimob
NC_010999.1,1386868,1396852,9984,islandpath_dimob
NC_010999.1,2061097,2066834,5737,islandpath_dimob
NC_010999.1,2159518,2173353,13835,islandpath_dimob
NC_010999.1,1043491,1077118,33627,islandpath_dimob
NC_010999.1,928810,961611,32801,islandpath_dimob
NC_010999.1,628781,635323,6542,islandpath_dimob
NC_010999.1,615958,625532,9574,islandpath_dimob
NC_010999.1,570205,582195,11990,islandpath_dimob
NC_010610.1,2065898,2073065,7167,islandpath_dimob
NC_010999.1,352900,367674,14774,islandpath_dimob
NC_010999.1,559252,568798,9546,islandpath_dimob
NC_010610.1,1957057,1976179,19122,islandpath_dimob
NC_010610.1,2019194,2040355,21161,islandpath_dimob
NC_010610.1,1771138,1785944,14806,islandpath_dimob
NC_010610.1,1655368,1672659,17291,islandpath_dimob
NC_010610.1,1583081,1618173,35092,islandpath_dimob
NC_010610.1,1392253,1404319,12066,islandpath_dimob
NC_010610.1,1199048,1217093,18045,islandpath_dimob
NC_010610.1,910243,926084,15841,islandpath_dimob
NC_010610.1,861194,882841,21647,islandpath_dimob
NC_010610.1,758581,825367,66786,islandpath_dimob
NC_010610.1,539416,576500,37084,islandpath_dimob
NC_010610.1,285335,303438,18103,islandpath_dimob
NC_010609.1,1323992,1329948,5956,islandpath_dimob
NC_010609.1,1428065,1473730,45665,islandpath_dimob
NC_010609.1,1145857,1162027,16170,islandpath_dimob
NC_010609.1,1196402,1205062,8660,islandpath_dimob
NC_010609.1,1224273,1244700,20427,islandpath_dimob
NC_010609.1,1083097,1099950,16853,islandpath_dimob
NC_010609.1,111610,124384,12774,islandpath_dimob
NC_010842.1,430340,445680,15340,islandpath_dimob
NC_010628.1,7559894,7571706,11812,islandpath_dimob
NC_010628.1,6776801,6782588,5787,islandpath_dimob
NC_010628.1,7493599,7508769,15170,islandpath_dimob
NC_010628.1,4241754,4250041,8287,islandpath_dimob
NC_010628.1,4109481,4122422,12941,islandpath_dimob
NC_010628.1,4168154,4186266,18112,islandpath_dimob
NC_010628.1,3963321,4013171,49850,islandpath_dimob
NC_010628.1,2863409,2870929,7520,islandpath_dimob
NC_010628.1,3674099,3721824,47725,islandpath_dimob
NC_010628.1,2590252,2602923,12671,islandpath_dimob
NC_010628.1,2474190,2493977,19787,islandpath_dimob
NC_010628.1,878016,893850,15834,islandpath_dimob
NC_010628.1,945105,956328,11223,islandpath_dimob
NC_010628.1,1223144,1233712,10568,islandpath_dimob
NC_010628.1,2417213,2434869,17656,islandpath_dimob
NC_012721.1,964083,996588,32505,islandpath_dimob
NC_012721.1,814966,826767,11801,islandpath_dimob
NC_010794.1,1905046,1913836,8790,islandpath_dimob
NC_010794.1,1870752,1883650,12898,islandpath_dimob
NC_010794.1,1421381,1429794,8413,islandpath_dimob
NC_011035.1,1882049,1891597,9548,islandpath_dimob
NC_011035.1,1981197,1989961,8764,islandpath_dimob
NC_010794.1,931765,939090,7325,islandpath_dimob
NC_010794.1,1061018,1063532,2514,islandpath_dimob
NC_010794.1,1398778,1411707,12929,islandpath_dimob
NC_011035.1,1603630,1607465,3835,islandpath_dimob
NC_011035.1,1203224,1210794,7570,islandpath_dimob
NC_011035.1,939342,943837,4495,islandpath_dimob
NC_011035.1,570657,586344,15687,islandpath_dimob
NC_012721.1,786769,802437,15668,islandpath_dimob
NC_011025.1,395435,448708,53273,islandpath_dimob
NC_011060.1,2819377,2828737,9360,islandpath_dimob
NC_011060.1,2663374,2691387,28013,islandpath_dimob
NC_011060.1,2488609,2497863,9254,islandpath_dimob
NC_011060.1,2102093,2117886,15793,islandpath_dimob
NC_011060.1,1345000,1353587,8587,islandpath_dimob
NC_011060.1,918448,927811,9363,islandpath_dimob
NC_011060.1,582401,591166,8765,islandpath_dimob
NC_011060.1,511180,554997,43817,islandpath_dimob
NC_011060.1,134284,146764,12480,islandpath_dimob
NC_010793.1,1805103,1811922,6819,islandpath_dimob
NC_010793.1,1663297,1668646,5349,islandpath_dimob
NC_010793.1,823677,832046,8369,islandpath_dimob
NC_010793.1,855464,864837,9373,islandpath_dimob
NC_010793.1,1069725,1072561,2836,islandpath_dimob
NC_010793.1,1238966,1258098,19132,islandpath_dimob
NC_010793.1,628176,631432,3256,islandpath_dimob
NC_010793.1,732860,737982,5122,islandpath_dimob
NC_010793.1,93230,96557,3327,islandpath_dimob
NC_010793.1,491052,495080,4028,islandpath_dimob
NC_010793.1,542061,567109,25048,islandpath_dimob
NC_010729.1,1765822,1771561,5739,islandpath_dimob
NC_010729.1,1585174,1591371,6197,islandpath_dimob
NC_010729.1,1183208,1199790,16582,islandpath_dimob
NC_010729.1,1423199,1437832,14633,islandpath_dimob
NC_010729.1,926431,936058,9627,islandpath_dimob
NC_010729.1,1026426,1043808,17382,islandpath_dimob
NC_010729.1,222440,236192,13752,islandpath_dimob
NC_010729.1,472477,487315,14838,islandpath_dimob
NC_010729.1,621677,659805,38128,islandpath_dimob
NC_010729.1,109130,116849,7719,islandpath_dimob
NC_011004.1,3287328,3294084,6756,islandpath_dimob
NC_011004.1,4055888,4103547,47659,islandpath_dimob
NC_011004.1,4274434,4285556,11122,islandpath_dimob
NC_011004.1,1656797,1678484,21687,islandpath_dimob
NC_011004.1,1580829,1591201,10372,islandpath_dimob
NC_011004.1,1094206,1103274,9068,islandpath_dimob
NC_011004.1,1126992,1215552,88560,islandpath_dimob
NC_010994.1,596178,603387,7209,islandpath_dimob
NC_010994.1,3307294,3331435,24141,islandpath_dimob
NC_011059.1,2473251,2484100,10849,islandpath_dimob
NC_011059.1,2485445,2493072,7627,islandpath_dimob
NC_011059.1,1446648,1453212,6564,islandpath_dimob
NC_011059.1,2274016,2297603,23587,islandpath_dimob
NC_011059.1,1206702,1212065,5363,islandpath_dimob
NC_011059.1,1063646,1071707,8061,islandpath_dimob
NC_011059.1,672562,701689,29127,islandpath_dimob
NC_011059.1,70421,84545,14124,islandpath_dimob
NC_011083.1,3166426,3188446,22020,islandpath_dimob
NC_011083.1,3396252,3401304,5052,islandpath_dimob
NC_011083.1,4554080,4621202,67122,islandpath_dimob
NC_011083.1,2873910,2887599,13689,islandpath_dimob
NC_011083.1,2550781,2562339,11558,islandpath_dimob
NC_011083.1,1999168,2016940,17772,islandpath_dimob
NC_011083.1,1806633,1814938,8305,islandpath_dimob
NC_011083.1,1522472,1557114,34642,islandpath_dimob
NC_011083.1,1514790,1521789,6999,islandpath_dimob
NC_011083.1,1118825,1143752,24927,islandpath_dimob
NC_012721.1,554213,572686,18473,islandpath_dimob
NC_011083.1,830049,842282,12233,islandpath_dimob
NC_011083.1,1102600,1115644,13044,islandpath_dimob
NC_012704.1,1917216,1924862,7646,islandpath_dimob
NC_011080.1,4707746,4724180,16434,islandpath_dimob
NC_011080.1,2876683,2885753,9070,islandpath_dimob
NC_011080.1,4228763,4234625,5862,islandpath_dimob
NC_011080.1,2733372,2755635,22263,islandpath_dimob
NC_011080.1,1135990,1143286,7296,islandpath_dimob
NC_011080.1,1949728,1973541,23813,islandpath_dimob
NC_011080.1,1074424,1104186,29762,islandpath_dimob
NC_011080.1,1058717,1070021,11304,islandpath_dimob
NC_011080.1,786239,799324,13085,islandpath_dimob
NC_011094.1,3804662,3813488,8826,islandpath_dimob
NC_011094.1,2797034,2821869,24835,islandpath_dimob
NC_011094.1,2151026,2160413,9387,islandpath_dimob
NC_011094.1,1928703,1947210,18507,islandpath_dimob
NC_011094.1,979306,987757,8451,islandpath_dimob
NC_011094.1,1289777,1302645,12868,islandpath_dimob
NC_011094.1,847428,859622,12194,islandpath_dimob
NC_011094.1,598547,699362,100815,islandpath_dimob
NC_010943.1,4481862,4489464,7602,islandpath_dimob
NC_010943.1,3072776,3129514,56738,islandpath_dimob
NC_010943.1,2499555,2526892,27337,islandpath_dimob
NC_010943.1,1720901,1725366,4465,islandpath_dimob
NC_010943.1,1888874,1903376,14502,islandpath_dimob
NC_010943.1,1942055,1953649,11594,islandpath_dimob
NC_010943.1,2443181,2450807,7626,islandpath_dimob
NC_010943.1,1353996,1368064,14068,islandpath_dimob
NC_010943.1,363920,370082,6162,islandpath_dimob
NC_010943.1,497121,510021,12900,islandpath_dimob
NC_010943.1,332227,338198,5971,islandpath_dimob
NC_010943.1,14937,48028,33091,islandpath_dimob
NC_010658.1,4315881,4355278,39397,islandpath_dimob
NC_010658.1,4174157,4193491,19334,islandpath_dimob
NC_010658.1,3753129,3763653,10524,islandpath_dimob
NC_010658.1,3228961,3232795,3834,islandpath_dimob
NC_010658.1,3347599,3363387,15788,islandpath_dimob
NC_010658.1,3420027,3448203,28176,islandpath_dimob
NC_010658.1,2897169,2903090,5921,islandpath_dimob
NC_010658.1,3067197,3081912,14715,islandpath_dimob
NC_010658.1,2400627,2413593,12966,islandpath_dimob
NC_010658.1,2221993,2229771,7778,islandpath_dimob
NC_011072.1,560612,566406,5794,islandpath_dimob
NC_011072.1,801579,811768,10189,islandpath_dimob
NC_011072.1,919102,933043,13941,islandpath_dimob
NC_011072.1,1163025,1168683,5658,islandpath_dimob
NC_011072.1,1208649,1219178,10529,islandpath_dimob
NC_011072.1,1223019,1239476,16457,islandpath_dimob
NC_011072.1,1365534,1371651,6117,islandpath_dimob
NC_011072.1,2050300,2056814,6514,islandpath_dimob
NC_010730.1,137532,146425,8893,islandpath_dimob
NC_011072.1,347969,351924,3955,islandpath_dimob
NC_011072.1,477656,481279,3623,islandpath_dimob
NC_010730.1,51078,57172,6094,islandpath_dimob
NC_012488.1,694562,706615,12053,islandpath_dimob
NC_012488.1,2095067,2111315,16248,islandpath_dimob
NC_012488.1,496109,511568,15459,islandpath_dimob
NC_012673.1,1041117,1054211,13094,islandpath_dimob
NC_012673.1,1071680,1101811,30131,islandpath_dimob
NC_010741.1,741907,758781,16874,islandpath_dimob
NC_012673.1,791283,807267,15984,islandpath_dimob
NC_011662.2,4453148,4459572,6424,islandpath_dimob
NC_011662.2,4425499,4442167,16668,islandpath_dimob
NC_011662.2,4179346,4198569,19223,islandpath_dimob
NC_003028.3,514553,518088,3535,islandpath_dimob
NC_003028.3,1061773,1071930,10157,islandpath_dimob
NC_003028.3,1231302,1236035,4733,islandpath_dimob
NC_003028.3,1397029,1405241,8212,islandpath_dimob
NC_010658.1,1009658,1026097,16439,islandpath_dimob
NC_010658.1,860967,876318,15351,islandpath_dimob
NC_010658.1,922667,927167,4500,islandpath_dimob
NC_010658.1,933171,944740,11569,islandpath_dimob
NC_010658.1,985137,1005522,20385,islandpath_dimob
NC_010658.1,281687,287290,5603,islandpath_dimob
NC_010658.1,458108,463087,4979,islandpath_dimob
NC_010658.1,518286,527664,9378,islandpath_dimob
NC_010658.1,654436,662081,7645,islandpath_dimob
NC_010658.1,664384,676666,12282,islandpath_dimob
NC_010658.1,21144,24976,3832,islandpath_dimob
NC_009140.1,120027,135736,15709,islandpath_dimob
NC_009140.1,138381,145342,6961,islandpath_dimob
NC_011071.1,303798,310985,7187,islandpath_dimob
NC_011071.1,2209872,2223020,13148,islandpath_dimob
NC_011071.1,2777406,2791703,14297,islandpath_dimob
NC_011071.1,4007714,4026483,18769,islandpath_dimob
NC_011662.2,3419279,3462046,42767,islandpath_dimob
NC_011662.2,3024365,3035696,11331,islandpath_dimob
NC_011662.2,2424440,2430152,5712,islandpath_dimob
NC_011662.2,2385541,2398925,13384,islandpath_dimob
NC_011662.2,1166055,1183241,17186,islandpath_dimob
NC_011662.2,1097753,1123581,25828,islandpath_dimob
NC_011662.2,408921,420036,11115,islandpath_dimob
NC_011662.2,2972,14970,11998,islandpath_dimob
NC_012622.1,2374481,2382383,7902,islandpath_dimob
NC_012622.1,677801,684115,6314,islandpath_dimob
NC_012622.1,654961,665567,10606,islandpath_dimob
NC_012622.1,628261,636926,8665,islandpath_dimob
NC_012622.1,472175,482623,10448,islandpath_dimob
NC_012623.1,2185203,2202563,17360,islandpath_dimob
NC_012623.1,1908670,1922809,14139,islandpath_dimob
NC_012623.1,1298209,1310227,12018,islandpath_dimob
NC_012623.1,1222574,1228649,6075,islandpath_dimob
NC_012623.1,798758,812661,13903,islandpath_dimob
NC_012623.1,244684,251477,6793,islandpath_dimob
NC_012691.1,784610,794634,10024,islandpath_dimob
NC_012691.1,1261616,1276254,14638,islandpath_dimob
NC_012726.1,1473542,1479011,5469,islandpath_dimob
NC_012726.1,2144973,2153972,8999,islandpath_dimob
NC_012726.1,1265601,1278022,12421,islandpath_dimob
NC_012726.1,918595,924375,5780,islandpath_dimob
NC_012726.1,845181,870671,25490,islandpath_dimob
NC_012632.1,994663,1001358,6695,islandpath_dimob
NC_012632.1,1006780,1012684,5904,islandpath_dimob
NC_012632.1,1433066,1443838,10772,islandpath_dimob
NC_012726.1,119551,135010,15459,islandpath_dimob
NC_012726.1,296655,303677,7022,islandpath_dimob
NC_012726.1,695904,714689,18785,islandpath_dimob
NC_012632.1,970344,982366,12022,islandpath_dimob
NC_012632.1,498006,519464,21458,islandpath_dimob
NC_012632.1,343198,366500,23302,islandpath_dimob
NC_012632.1,284579,295631,11052,islandpath_dimob
NC_012668.1,2774296,2793988,19692,islandpath_dimob
NC_012668.1,2264139,2282860,18721,islandpath_dimob
NC_012668.1,1704204,1711703,7499,islandpath_dimob
NC_012668.1,1738650,1766879,28229,islandpath_dimob
NC_012668.1,166381,185176,18795,islandpath_dimob
NC_012668.1,449606,464843,15237,islandpath_dimob
NC_012668.1,1626711,1644780,18069,islandpath_dimob
NC_012667.1,1047656,1055146,7490,islandpath_dimob
NC_012668.1,65661,101038,35377,islandpath_dimob
NC_012667.1,991398,1007669,16271,islandpath_dimob
NC_012667.1,932256,966009,33753,islandpath_dimob
NC_012667.1,712388,726553,14165,islandpath_dimob
NC_012667.1,605492,612197,6705,islandpath_dimob
NC_003888.3,8642717,8660321,17604,islandpath_dimob
NC_003888.3,8612501,8636321,23820,islandpath_dimob
NC_003888.3,7658251,7680447,22196,islandpath_dimob
NC_003888.3,7057809,7071523,13714,islandpath_dimob
NC_003888.3,6822463,6828036,5573,islandpath_dimob
NC_003888.3,6474708,6485300,10592,islandpath_dimob
NC_003888.3,6133494,6144122,10628,islandpath_dimob
NC_003888.3,6111554,6127057,15503,islandpath_dimob
NC_003888.3,5795157,5810652,15495,islandpath_dimob
NC_003888.3,4756861,4765553,8692,islandpath_dimob
NC_003888.3,3822850,3830584,7734,islandpath_dimob
NC_003888.3,3897241,3920767,23526,islandpath_dimob
NC_003888.3,2823656,2848177,24521,islandpath_dimob
NC_003888.3,1709302,1715678,6376,islandpath_dimob
NC_003888.3,49824,73097,23273,islandpath_dimob
NC_003888.3,76895,88632,11737,islandpath_dimob
NC_003888.3,3869,29516,25647,islandpath_dimob
NC_010162.1,12652197,12680360,28163,islandpath_dimob
NC_010162.1,12221638,12264439,42801,islandpath_dimob
NC_010162.1,10752157,10764707,12550,islandpath_dimob
NC_010162.1,9730052,9757812,27760,islandpath_dimob
NC_010162.1,9316587,9337374,20787,islandpath_dimob
NC_010162.1,9204719,9226197,21478,islandpath_dimob
NC_010162.1,8832691,8846125,13434,islandpath_dimob
NC_010162.1,8762137,8790082,27945,islandpath_dimob
NC_010162.1,8586672,8606716,20044,islandpath_dimob
NC_010162.1,8520342,8562364,42022,islandpath_dimob
NC_010162.1,8006652,8035083,28431,islandpath_dimob
NC_010162.1,7826741,7843457,16716,islandpath_dimob
NC_010162.1,7800245,7812161,11916,islandpath_dimob
NC_010162.1,6915866,6935340,19474,islandpath_dimob
NC_010162.1,4746614,4752370,5756,islandpath_dimob
NC_010162.1,6568905,6578630,9725,islandpath_dimob
NC_010162.1,3068987,3080427,11440,islandpath_dimob
NC_010162.1,2564919,2576859,11940,islandpath_dimob
NC_010162.1,2362585,2385009,22424,islandpath_dimob
NC_010162.1,196892,208231,11339,islandpath_dimob
NC_010162.1,1771791,1781317,9526,islandpath_dimob
NC_010296.1,5830298,5837754,7456,islandpath_dimob
NC_010296.1,5692795,5699071,6276,islandpath_dimob
NC_010296.1,5758321,5764539,6218,islandpath_dimob
NC_010296.1,5595010,5606209,11199,islandpath_dimob
NC_010296.1,5506042,5513470,7428,islandpath_dimob
NC_010296.1,5564731,5575123,10392,islandpath_dimob
NC_010296.1,5029407,5052276,22869,islandpath_dimob
NC_010296.1,4745072,4752751,7679,islandpath_dimob
NC_010296.1,4679977,4690952,10975,islandpath_dimob
NC_010296.1,4549123,4555827,6704,islandpath_dimob
NC_010296.1,4443944,4458264,14320,islandpath_dimob
NC_010296.1,4378909,4395903,16994,islandpath_dimob
NC_010296.1,3710943,3717263,6320,islandpath_dimob
NC_010296.1,4037695,4042566,4871,islandpath_dimob
NC_010296.1,4058139,4064521,6382,islandpath_dimob
NC_010296.1,4235818,4244485,8667,islandpath_dimob
NC_010296.1,3628535,3635021,6486,islandpath_dimob
NC_010296.1,3685379,3688627,3248,islandpath_dimob
NC_010296.1,3562652,3566011,3359,islandpath_dimob
NC_010296.1,3232708,3247978,15270,islandpath_dimob
NC_010296.1,3197551,3204448,6897,islandpath_dimob
NC_010296.1,3114662,3119460,4798,islandpath_dimob
NC_010296.1,3143500,3156020,12520,islandpath_dimob
NC_010296.1,2810660,2831597,20937,islandpath_dimob
NC_010296.1,3105087,3112600,7513,islandpath_dimob
NC_010296.1,2758533,2769803,11270,islandpath_dimob
NC_010296.1,2689760,2694407,4647,islandpath_dimob
NC_010296.1,2705492,2721446,15954,islandpath_dimob
NC_010296.1,2663164,2677376,14212,islandpath_dimob
NC_010296.1,2681045,2687925,6880,islandpath_dimob
NC_010296.1,2235497,2239513,4016,islandpath_dimob
NC_010296.1,2431785,2442173,10388,islandpath_dimob
NC_010296.1,2602386,2611020,8634,islandpath_dimob
NC_010296.1,1469387,1480310,10923,islandpath_dimob
NC_010296.1,1839799,1846498,6699,islandpath_dimob
NC_010296.1,1866132,1869939,3807,islandpath_dimob
NC_010296.1,1994117,2002942,8825,islandpath_dimob
NC_010296.1,902392,910737,8345,islandpath_dimob
NC_010296.1,1231580,1236880,5300,islandpath_dimob
NC_010296.1,859760,863797,4037,islandpath_dimob
NC_010296.1,875359,882046,6687,islandpath_dimob
NC_010296.1,796388,808178,11790,islandpath_dimob
NC_010296.1,378254,389144,10890,islandpath_dimob
NC_010296.1,469598,473568,3970,islandpath_dimob
NC_010296.1,759897,764517,4620,islandpath_dimob
NC_010296.1,114573,125967,11394,islandpath_dimob
NC_010296.1,70954,84573,13619,islandpath_dimob
NC_010296.1,29158,33339,4181,islandpath_dimob
NC_010296.1,59336,68147,8811,islandpath_dimob
NC_008825.1,3177389,3191776,14387,islandpath_dimob
NC_008825.1,2788363,2800139,11776,islandpath_dimob
NC_008825.1,2705472,2714966,9494,islandpath_dimob
NC_008825.1,2760495,2783956,23461,islandpath_dimob
NC_008825.1,2567033,2580411,13378,islandpath_dimob
NC_008825.1,1577565,1586822,9257,islandpath_dimob
NC_008825.1,1130356,1141038,10682,islandpath_dimob
NC_008825.1,1118412,1129298,10886,islandpath_dimob
NC_008825.1,790248,801841,11593,islandpath_dimob
NC_008825.1,568384,584128,15744,islandpath_dimob
NC_008825.1,404102,423442,19340,islandpath_dimob
NC_002945.3,3751529,3759907,8378,islandpath_dimob
NC_002945.3,3683377,3723333,39956,islandpath_dimob
NC_002945.3,3077049,3093583,16534,islandpath_dimob
NC_002945.3,3150748,3157528,6780,islandpath_dimob
NC_002945.3,1963370,1992925,29555,islandpath_dimob
NC_002945.3,922405,936242,13837,islandpath_dimob
NC_002945.3,832637,853656,21019,islandpath_dimob
NC_007355.1,4801868,4825021,23153,islandpath_dimob
NC_007355.1,1738858,1748220,9362,islandpath_dimob
NC_007355.1,2480422,2523982,43560,islandpath_dimob
NC_007355.1,1455051,1469531,14480,islandpath_dimob
NC_007355.1,76536,88383,11847,islandpath_dimob
NC_007355.1,44947,54329,9382,islandpath_dimob
NC_007622.1,2016115,2028487,12372,islandpath_dimob
NC_007622.1,2168491,2197042,28551,islandpath_dimob
NC_007622.1,811169,825589,14420,islandpath_dimob
NC_007622.1,1206170,1213476,7306,islandpath_dimob
NC_007622.1,1874486,1887173,12687,islandpath_dimob
NC_007350.1,1672506,1693055,20549,islandpath_dimob
NC_007350.1,1473710,1480384,6674,islandpath_dimob
NC_007350.1,15827,53419,37592,islandpath_dimob
NC_005126.1,5661337,5671417,10080,islandpath_dimob
NC_005126.1,5642686,5648866,6180,islandpath_dimob
NC_005126.1,5569740,5609011,39271,islandpath_dimob
NC_005126.1,3514650,3524565,9915,islandpath_dimob
NC_005126.1,3979438,3999167,19729,islandpath_dimob
NC_005126.1,2906258,2919332,13074,islandpath_dimob
NC_005126.1,2820328,2836637,16309,islandpath_dimob
NC_005126.1,1615204,1622322,7118,islandpath_dimob
NC_005126.1,978408,990846,12438,islandpath_dimob
NC_005126.1,361215,377092,15877,islandpath_dimob
NC_005126.1,871795,893786,21991,islandpath_dimob
NC_005126.1,345439,354109,8670,islandpath_dimob
NC_005773.3,5641595,5665791,24196,islandpath_dimob
NC_005773.3,5169701,5191131,21430,islandpath_dimob
NC_005773.3,4899819,4920156,20337,islandpath_dimob
NC_005773.3,4801656,4820942,19286,islandpath_dimob
NC_005773.3,3855585,3868301,12716,islandpath_dimob
NC_005773.3,4290069,4300938,10869,islandpath_dimob
NC_005773.3,2645116,2655585,10469,islandpath_dimob
NC_005773.3,3225569,3238850,13281,islandpath_dimob
NC_005773.3,2346272,2366211,19939,islandpath_dimob
NC_005773.3,2185682,2205871,20189,islandpath_dimob
NC_005773.3,1687055,1699417,12362,islandpath_dimob
NC_005773.3,1340649,1350198,9549,islandpath_dimob
NC_005773.3,871625,923475,51850,islandpath_dimob
NC_005773.3,208966,223277,14311,islandpath_dimob
NC_005773.3,714333,740137,25804,islandpath_dimob
NC_005773.3,108099,139919,31820,islandpath_dimob
NC_007296.1,1703057,1717890,14833,islandpath_dimob
NC_007296.1,1304341,1315959,11618,islandpath_dimob
NC_007296.1,1081129,1091670,10541,islandpath_dimob
NC_007296.1,544486,561946,17460,islandpath_dimob
NC_003902.1,4260248,4267707,7459,islandpath_dimob
NC_003902.1,4412228,4441032,28804,islandpath_dimob
NC_003902.1,4989855,4995398,5543,islandpath_dimob
NC_002967.9,2201177,2206614,5437,islandpath_dimob
NC_002967.9,2787512,2802225,14713,islandpath_dimob
NC_003902.1,3688238,3697229,8991,islandpath_dimob
NC_003902.1,3700861,3728350,27489,islandpath_dimob
NC_003902.1,2940384,2965724,25340,islandpath_dimob
NC_003902.1,2464071,2491912,27841,islandpath_dimob
NC_003902.1,1685340,1703020,17680,islandpath_dimob
NC_003902.1,1861665,1914667,53002,islandpath_dimob
NC_003902.1,733931,741250,7319,islandpath_dimob
NC_006840.2,1148311,1156087,7776,islandpath_dimob
NC_007908.1,4684757,4694995,10238,islandpath_dimob
NC_007908.1,4056681,4065081,8400,islandpath_dimob
NC_007908.1,3352880,3379560,26680,islandpath_dimob
NC_007908.1,3155249,3161896,6647,islandpath_dimob
NC_007908.1,2981324,2998475,17151,islandpath_dimob
NC_007908.1,2678143,2683303,5160,islandpath_dimob
NC_007908.1,2776633,2782598,5965,islandpath_dimob
NC_007908.1,2917443,2929635,12192,islandpath_dimob
NC_007908.1,1269396,1297877,28481,islandpath_dimob
NC_007908.1,1243146,1268015,24869,islandpath_dimob
NC_007908.1,1113651,1126254,12603,islandpath_dimob
NC_003098.1,1280441,1291498,11057,islandpath_dimob
NC_003098.1,1324658,1335821,11163,islandpath_dimob
NC_003098.1,2008230,2016280,8050,islandpath_dimob
NC_007908.1,1023985,1055019,31034,islandpath_dimob
NC_003098.1,1194544,1208452,13908,islandpath_dimob
NC_003098.1,938136,957602,19466,islandpath_dimob
NC_003098.1,919628,929953,10325,islandpath_dimob
NC_003098.1,884594,889533,4939,islandpath_dimob
NC_003098.1,20207,22401,2194,islandpath_dimob
NC_003098.1,347668,352891,5223,islandpath_dimob
NC_003098.1,619168,627973,8805,islandpath_dimob
NC_009637.1,1422914,1460266,37352,islandpath_dimob
NC_009637.1,45265,93287,48022,islandpath_dimob
NC_008767.1,1323283,1332067,8784,islandpath_dimob
NC_009637.1,31661,37983,6322,islandpath_dimob
NC_008767.1,881663,892411,10748,islandpath_dimob
NC_008767.1,967895,970468,2573,islandpath_dimob
NC_008767.1,552632,570611,17979,islandpath_dimob
NC_008767.1,281636,287859,6223,islandpath_dimob
NC_008767.1,91332,100043,8711,islandpath_dimob
NC_008228.1,4125491,4143835,18344,islandpath_dimob
NC_008228.1,3328353,3337745,9392,islandpath_dimob
NC_008228.1,2458970,2468303,9333,islandpath_dimob
NC_008228.1,2070330,2079485,9155,islandpath_dimob
NC_008228.1,1000097,1017463,17366,islandpath_dimob
NC_008228.1,776397,839186,62789,islandpath_dimob
NC_002578.1,734096,746363,12267,islandpath_dimob
NC_009668.1,594221,613967,19746,islandpath_dimob
NC_009668.1,464792,526036,61244,islandpath_dimob
NC_002950.2,2058553,2083424,24871,islandpath_dimob
NC_002950.2,1748582,1760417,11835,islandpath_dimob
NC_002950.2,916053,935295,19242,islandpath_dimob
NC_002950.2,1178900,1187530,8630,islandpath_dimob
NC_002950.2,1275568,1285021,9453,islandpath_dimob
NC_002950.2,1526743,1539254,12511,islandpath_dimob
NC_002950.2,1541250,1609510,68260,islandpath_dimob
NC_002950.2,876479,911332,34853,islandpath_dimob
NC_002950.2,201923,221519,19596,islandpath_dimob
NC_002950.2,419187,425074,5887,islandpath_dimob
NC_008800.1,4254772,4280037,25265,islandpath_dimob
NC_008800.1,3769903,3777755,7852,islandpath_dimob
NC_008800.1,3681131,3688801,7670,islandpath_dimob
NC_008800.1,1993954,2001694,7740,islandpath_dimob
NC_008800.1,2845485,2856086,10601,islandpath_dimob
NC_008800.1,1341431,1348166,6735,islandpath_dimob
NC_008800.1,1864454,1890057,25603,islandpath_dimob
NC_008800.1,1306697,1320739,14042,islandpath_dimob
NC_008800.1,1097520,1117672,20152,islandpath_dimob
NC_008800.1,319709,341997,22288,islandpath_dimob
NC_010102.1,4482427,4581114,98687,islandpath_dimob
NC_010102.1,3901005,3908869,7864,islandpath_dimob
NC_010102.1,2499483,2503857,4374,islandpath_dimob
NC_010102.1,2868417,2877236,8819,islandpath_dimob
NC_010102.1,1826036,1843400,17364,islandpath_dimob
NC_010102.1,2183694,2192717,9023,islandpath_dimob
NC_010102.1,1793249,1820820,27571,islandpath_dimob
NC_010102.1,901714,909039,7325,islandpath_dimob
NC_010102.1,1143185,1147036,3851,islandpath_dimob
NC_010102.1,1148836,1167664,18828,islandpath_dimob
NC_004432.1,1296168,1308988,12820,islandpath_dimob
NC_004432.1,548814,556953,8139,islandpath_dimob
NC_004432.1,291537,300092,8555,islandpath_dimob
NC_004432.1,13682,21451,7769,islandpath_dimob
NC_005140.1,200431,206045,5614,islandpath_dimob
NC_005140.1,935852,972307,36455,islandpath_dimob
NC_005140.1,1715368,1722581,7213,islandpath_dimob
NC_007912.1,4843079,4861408,18329,islandpath_dimob
NC_007912.1,3928013,3951917,23904,islandpath_dimob
NC_007912.1,3474191,3514732,40541,islandpath_dimob
NC_007912.1,2424122,2477129,53007,islandpath_dimob
NC_007912.1,2954178,2973606,19428,islandpath_dimob
NC_007912.1,2309664,2337947,28283,islandpath_dimob
NC_007912.1,231817,278177,46360,islandpath_dimob
NC_004829.1,573228,595069,21841,islandpath_dimob
NC_009633.1,4487998,4515518,27520,islandpath_dimob
NC_009633.1,4477902,4486507,8605,islandpath_dimob
NC_009633.1,4100215,4108813,8598,islandpath_dimob
NC_009633.1,4066822,4096628,29806,islandpath_dimob
NC_009633.1,3994635,4016012,21377,islandpath_dimob
NC_009633.1,3641474,3651798,10324,islandpath_dimob
NC_009633.1,2590112,2595395,5283,islandpath_dimob
NC_009633.1,3174882,3181752,6870,islandpath_dimob
NC_009633.1,2048306,2054394,6088,islandpath_dimob
NC_009633.1,2015626,2030394,14768,islandpath_dimob
NC_009633.1,1667075,1678777,11702,islandpath_dimob
NC_009633.1,1896424,1902818,6394,islandpath_dimob
NC_009633.1,1595504,1615793,20289,islandpath_dimob
NC_009633.1,995287,1008783,13496,islandpath_dimob
NC_009633.1,448441,454529,6088,islandpath_dimob
NC_009633.1,411234,430680,19446,islandpath_dimob
NC_009633.1,132215,144701,12486,islandpath_dimob
NC_009488.1,1818945,1829403,10458,islandpath_dimob
NC_009488.1,72915,87972,15057,islandpath_dimob
NC_008149.1,4383236,4409645,26409,islandpath_dimob
NC_008149.1,3897322,3909904,12582,islandpath_dimob
NC_008149.1,3739586,3744403,4817,islandpath_dimob
NC_008149.1,3691195,3704976,13781,islandpath_dimob
NC_008149.1,3257380,3265552,8172,islandpath_dimob
NC_008149.1,3583798,3588711,4913,islandpath_dimob
NC_008149.1,2296601,2305664,9063,islandpath_dimob
NC_008149.1,2088017,2094082,6065,islandpath_dimob
NC_008149.1,2175923,2190605,14682,islandpath_dimob
NC_008149.1,1777976,1787252,9276,islandpath_dimob
NC_008149.1,1792277,1801971,9694,islandpath_dimob
NC_008149.1,762028,772382,10354,islandpath_dimob
NC_008149.1,1050408,1057109,6701,islandpath_dimob
NC_008149.1,1291558,1296946,5388,islandpath_dimob
NC_008149.1,655283,666901,11618,islandpath_dimob
NC_008149.1,525499,535230,9731,islandpath_dimob
NC_008149.1,316088,332756,16668,islandpath_dimob
NC_008149.1,246846,279607,32761,islandpath_dimob
NC_009636.1,1918701,1929409,10708,islandpath_dimob
NC_009636.1,1307335,1314096,6761,islandpath_dimob
NC_009636.1,1264130,1304343,40213,islandpath_dimob
NC_002570.2,4123452,4160291,36839,islandpath_dimob
NC_002570.2,3610793,3655581,44788,islandpath_dimob
NC_002570.2,3250193,3254220,4027,islandpath_dimob
NC_002570.2,149174,184933,35759,islandpath_dimob
NC_002570.2,327857,334304,6447,islandpath_dimob
NC_002570.2,2206555,2215753,9198,islandpath_dimob
NC_002570.2,2460091,2468762,8671,islandpath_dimob
NC_007946.1,4881012,4897132,16120,islandpath_dimob
NC_007946.1,4138638,4146041,7403,islandpath_dimob
NC_007946.1,4779748,4859340,79592,islandpath_dimob
NC_007946.1,3712731,3735424,22693,islandpath_dimob
NC_007946.1,2596289,2622324,26035,islandpath_dimob
NC_007946.1,2169444,2202601,33157,islandpath_dimob
NC_007946.1,564964,572012,7048,islandpath_dimob
NC_007946.1,1081137,1089375,8238,islandpath_dimob
NC_007946.1,1118244,1142379,24135,islandpath_dimob
NC_007946.1,293697,312757,19060,islandpath_dimob
NC_007946.1,344665,351497,6832,islandpath_dimob
NC_008836.1,3450218,3454810,4592,islandpath_dimob
NC_008836.1,3358164,3364573,6409,islandpath_dimob
NC_008836.1,3066825,3077887,11062,islandpath_dimob
NC_008836.1,2688859,2696675,7816,islandpath_dimob
NC_008836.1,2802196,2806710,4514,islandpath_dimob
NC_008836.1,2557163,2565778,8615,islandpath_dimob
NC_008836.1,2447810,2456935,9125,islandpath_dimob
NC_008836.1,2289993,2298467,8474,islandpath_dimob
NC_008836.1,2010853,2026533,15680,islandpath_dimob
NC_008836.1,1459142,1468362,9220,islandpath_dimob
NC_008836.1,1685114,1690609,5495,islandpath_dimob
NC_008836.1,1851186,1861553,10367,islandpath_dimob
NC_008836.1,1934794,1947963,13169,islandpath_dimob
NC_008836.1,1021793,1030077,8284,islandpath_dimob
NC_008836.1,396812,402214,5402,islandpath_dimob
NC_008836.1,911461,921926,10465,islandpath_dimob
NC_008836.1,157996,167805,9809,islandpath_dimob
NC_008836.1,226997,236764,9767,islandpath_dimob
NC_005125.1,4567339,4575061,7722,islandpath_dimob
NC_005125.1,4254814,4265616,10802,islandpath_dimob
NC_005125.1,4093352,4127660,34308,islandpath_dimob
NC_005125.1,4058753,4071983,13230,islandpath_dimob
NC_005125.1,3468740,3477897,9157,islandpath_dimob
NC_005125.1,3610220,3620196,9976,islandpath_dimob
NC_005125.1,3452716,3460483,7767,islandpath_dimob
NC_005125.1,2279809,2284198,4389,islandpath_dimob
NC_005125.1,2837228,2846678,9450,islandpath_dimob
NC_005125.1,1167293,1175195,7902,islandpath_dimob
NC_005125.1,2186848,2195948,9100,islandpath_dimob
NC_005125.1,190726,204197,13471,islandpath_dimob
NC_007963.1,1372063,1382187,10124,islandpath_dimob
NC_005125.1,135306,148160,12854,islandpath_dimob
NC_009698.1,3098197,3103402,5205,islandpath_dimob
NC_009698.1,2868306,2895561,27255,islandpath_dimob
NC_009698.1,2530634,2538370,7736,islandpath_dimob
NC_009078.1,2722030,2767599,45569,islandpath_dimob
NC_009078.1,2019002,2023281,4279,islandpath_dimob
NC_009078.1,2385634,2390619,4985,islandpath_dimob
NC_009078.1,2661937,2673463,11526,islandpath_dimob
NC_009078.1,1576301,1592274,15973,islandpath_dimob
NC_009078.1,865774,882068,16294,islandpath_dimob
NC_009078.1,522356,548393,26037,islandpath_dimob
NC_009078.1,75164,95763,20599,islandpath_dimob
NC_000917.1,278918,289215,10297,islandpath_dimob
NC_000917.1,1398503,1418300,19797,islandpath_dimob
NC_000917.1,117663,124640,6977,islandpath_dimob
NC_007510.1,3343788,3366171,22383,islandpath_dimob
NC_007510.1,2003439,2021805,18366,islandpath_dimob
NC_007940.1,1350467,1370029,19562,islandpath_dimob
NC_007940.1,208116,213262,5146,islandpath_dimob
NC_007940.1,456096,486578,30482,islandpath_dimob
NC_003366.1,1353763,1364424,10661,islandpath_dimob
NC_003366.1,1292680,1302283,9603,islandpath_dimob
NC_008618.1,1735451,1751293,15842,islandpath_dimob
NC_008618.1,1708021,1729624,21603,islandpath_dimob
NC_008618.1,1592437,1609476,17039,islandpath_dimob
NC_006368.1,2748993,2760432,11439,islandpath_dimob
NC_002937.3,2799305,2834333,35028,islandpath_dimob
NC_002937.3,2268227,2281869,13642,islandpath_dimob
NC_002937.3,1801234,1807430,6196,islandpath_dimob
NC_002937.3,1849060,1859213,10153,islandpath_dimob
NC_002937.3,2076256,2133255,56999,islandpath_dimob
NC_002937.3,1580469,1595902,15433,islandpath_dimob
NC_002937.3,624615,629875,5260,islandpath_dimob
NC_004668.1,3084337,3097383,13046,islandpath_dimob
NC_004668.1,2456440,2462197,5757,islandpath_dimob
NC_004668.1,2727689,2734320,6631,islandpath_dimob
NC_004668.1,2817290,2829551,12261,islandpath_dimob
NC_004668.1,2219568,2233987,14419,islandpath_dimob
NC_004668.1,2163826,2182917,19091,islandpath_dimob
NC_004668.1,2038847,2045457,6610,islandpath_dimob
NC_004668.1,1795211,1829169,33958,islandpath_dimob
NC_004668.1,549473,575546,26073,islandpath_dimob
NC_004668.1,479855,524578,44723,islandpath_dimob
NC_004668.1,189624,207845,18221,islandpath_dimob
NC_004668.1,129645,150364,20719,islandpath_dimob
NC_010117.1,790627,802633,12006,islandpath_dimob
NC_007953.1,704730,709408,4678,islandpath_dimob
NC_007953.1,1230595,1270294,39699,islandpath_dimob
NC_007953.1,503779,519813,16034,islandpath_dimob
NC_006300.1,1982105,2007927,25822,islandpath_dimob
NC_006300.1,1631473,1648113,16640,islandpath_dimob
NC_006300.1,1387858,1406064,18206,islandpath_dimob
NC_006300.1,950597,966138,15541,islandpath_dimob
NC_006300.1,98683,110598,11915,islandpath_dimob
NC_006300.1,695453,726684,31231,islandpath_dimob
NC_000921.1,1010607,1061498,50891,islandpath_dimob
NC_004343.1,211547,230004,18457,islandpath_dimob
NC_000921.1,908518,912294,3776,islandpath_dimob
NC_009511.1,4884771,4918089,33318,islandpath_dimob
NC_009511.1,4108238,4115011,6773,islandpath_dimob
NC_009511.1,3800452,3834778,34326,islandpath_dimob
NC_009511.1,3748452,3758339,9887,islandpath_dimob
NC_009511.1,3714372,3745661,31289,islandpath_dimob
NC_009511.1,2924327,2942285,17958,islandpath_dimob
NC_009511.1,1345196,1352270,7074,islandpath_dimob
NC_009511.1,2726299,2740816,14517,islandpath_dimob
NC_009511.1,161296,180912,19616,islandpath_dimob
NC_008048.1,2671580,2704933,33353,islandpath_dimob
NC_008048.1,2533381,2543320,9939,islandpath_dimob
NC_008048.1,2575405,2607632,32227,islandpath_dimob
NC_008048.1,1870880,1889309,18429,islandpath_dimob
NC_008048.1,1297877,1309742,11865,islandpath_dimob
NC_008048.1,850774,867167,16393,islandpath_dimob
NC_008048.1,393767,457726,63959,islandpath_dimob
NC_009632.1,2165110,2171386,6276,islandpath_dimob
NC_008048.1,71489,79934,8445,islandpath_dimob
NC_009632.1,1808258,1817019,8761,islandpath_dimob
NC_009632.1,920441,933518,13077,islandpath_dimob
NC_009632.1,43554,56279,12725,islandpath_dimob
NC_009487.1,2165236,2171512,6276,islandpath_dimob
NC_009487.1,920566,934270,13704,islandpath_dimob
NC_009487.1,1808719,1817145,8426,islandpath_dimob
NC_009487.1,43485,56553,13068,islandpath_dimob
NC_002951.2,902527,908318,5791,islandpath_dimob
NC_009782.1,2353862,2360786,6924,islandpath_dimob
NC_009782.1,2618182,2640179,21997,islandpath_dimob
NC_009782.1,1760804,1770182,9378,islandpath_dimob
NC_009782.1,920275,941492,21217,islandpath_dimob
NC_009782.1,436077,464637,28560,islandpath_dimob
NC_009782.1,50960,62840,11880,islandpath_dimob
NC_003923.1,1890800,1903296,12496,islandpath_dimob
NC_003923.1,2072439,2088746,16307,islandpath_dimob
NC_009782.1,34455,40602,6147,islandpath_dimob
NC_002758.2,2352224,2359148,6924,islandpath_dimob
NC_002758.2,2628691,2638540,9849,islandpath_dimob
NC_003923.1,51390,66385,14995,islandpath_dimob
NC_002758.2,1759404,1768782,9378,islandpath_dimob
NC_002758.2,918830,940389,21559,islandpath_dimob
NC_002758.2,436074,464633,28559,islandpath_dimob
NC_002758.2,50960,62840,11880,islandpath_dimob
NC_002758.2,34455,40602,6147,islandpath_dimob
NC_007793.1,2272681,2300685,28004,islandpath_dimob
NC_007793.1,881032,886321,5289,islandpath_dimob
NC_007793.1,2109820,2127646,17826,islandpath_dimob
NC_007793.1,50915,75063,24148,islandpath_dimob
NC_003155.4,9004239,9020411,16172,islandpath_dimob
NC_003155.4,8954890,8998712,43822,islandpath_dimob
NC_003155.4,6671196,6722538,51342,islandpath_dimob
NC_003155.4,4622270,4641581,19311,islandpath_dimob
NC_003155.4,4590547,4610523,19976,islandpath_dimob
NC_003155.4,3656333,3685857,29524,islandpath_dimob
NC_003155.4,642389,653355,10966,islandpath_dimob
NC_003155.4,663082,671113,8031,islandpath_dimob
NC_003155.4,837091,851813,14722,islandpath_dimob
NC_003155.4,375671,389701,14030,islandpath_dimob
NC_003155.4,594232,603446,9214,islandpath_dimob
NC_003155.4,627380,633467,6087,islandpath_dimob
NC_003155.4,320982,339735,18753,islandpath_dimob
NC_003155.4,299876,312479,12603,islandpath_dimob
NC_003155.4,194888,270009,75121,islandpath_dimob
NC_003155.4,173107,182945,9838,islandpath_dimob
NC_003155.4,114860,137038,22178,islandpath_dimob
NC_003155.4,83059,96564,13505,islandpath_dimob
NC_003155.4,56055,78969,22914,islandpath_dimob
NC_003155.4,4936,23618,18682,islandpath_dimob
NC_009641.1,2010603,2018761,8158,islandpath_dimob
NC_009641.1,2277196,2305200,28004,islandpath_dimob
NC_009641.1,1886416,1897373,10957,islandpath_dimob
NC_007795.1,2219547,2247469,27922,islandpath_dimob
NC_007795.1,1829578,1840534,10956,islandpath_dimob
NC_009641.1,1098608,1110176,11568,islandpath_dimob
NC_009641.1,322324,331961,9637,islandpath_dimob
NC_002745.2,2199000,2207332,8332,islandpath_dimob
NC_002745.2,2282724,2289648,6924,islandpath_dimob
NC_002745.2,2557916,2568114,10198,islandpath_dimob
NC_002745.2,2670523,2679887,9364,islandpath_dimob
NC_002745.2,1682991,1692389,9398,islandpath_dimob
NC_002745.2,864752,875345,10593,islandpath_dimob
NC_010079.1,2110458,2128283,17825,islandpath_dimob
NC_002745.2,34454,40601,6147,islandpath_dimob
NC_002745.2,50999,62879,11880,islandpath_dimob
NC_002952.2,2392632,2407588,14956,islandpath_dimob
NC_002952.2,1794253,1804570,10317,islandpath_dimob
NC_010079.1,894980,900269,5289,islandpath_dimob
NC_010079.1,65426,74294,8868,islandpath_dimob
NC_002952.2,1594265,1643142,48877,islandpath_dimob
NC_002952.2,1360695,1375435,14740,islandpath_dimob
NC_010079.1,50915,63543,12628,islandpath_dimob
NC_002952.2,752711,765726,13015,islandpath_dimob
NC_002952.2,734448,751142,16694,islandpath_dimob
NC_002952.2,334938,339594,4656,islandpath_dimob
NC_002952.2,82719,96205,13486,islandpath_dimob
NC_002952.2,34422,40143,5721,islandpath_dimob
NC_002952.2,49263,62767,13504,islandpath_dimob
NC_002953.3,2051685,2070126,18441,islandpath_dimob
NC_004461.1,2255830,2261241,5411,islandpath_dimob
NC_004461.1,2418788,2425501,6713,islandpath_dimob
NC_004461.1,1660524,1671616,11092,islandpath_dimob
NC_004461.1,1585173,1596668,11495,islandpath_dimob
NC_004461.1,1515820,1534941,19121,islandpath_dimob
NC_004461.1,71924,93856,21932,islandpath_dimob
NC_004461.1,62856,69962,7106,islandpath_dimob
NC_002976.3,2581238,2598382,17144,islandpath_dimob
NC_002976.3,2561251,2571327,10076,islandpath_dimob
NC_002976.3,2251501,2268628,17127,islandpath_dimob
NC_002976.3,1623294,1693092,69798,islandpath_dimob
NC_002976.3,1524506,1534338,9832,islandpath_dimob
NC_002976.3,1566665,1609375,42710,islandpath_dimob
NC_002976.3,1398496,1404837,6341,islandpath_dimob
NC_007168.1,2338872,2346319,7447,islandpath_dimob
NC_007168.1,2456896,2474570,17674,islandpath_dimob
NC_007168.1,2579601,2590832,11231,islandpath_dimob
NC_002976.3,1252058,1259779,7721,islandpath_dimob
NC_007168.1,2112025,2125820,13795,islandpath_dimob
NC_007168.1,395683,404150,8467,islandpath_dimob
NC_007168.1,830749,836083,5334,islandpath_dimob
NC_007168.1,1013943,1021830,7887,islandpath_dimob
NC_007168.1,1825023,1832360,7337,islandpath_dimob
NC_007168.1,322413,345060,22647,islandpath_dimob
NC_007168.1,42776,56713,13937,islandpath_dimob
NC_004116.1,555617,576858,21241,islandpath_dimob
NC_004116.1,598444,609338,10894,islandpath_dimob
NC_004116.1,1828611,1867214,38603,islandpath_dimob
NC_004116.1,229068,234362,5294,islandpath_dimob
NC_007432.1,1946624,1959712,13088,islandpath_dimob
NC_007432.1,1307631,1319424,11793,islandpath_dimob
NC_007432.1,627004,637489,10485,islandpath_dimob
NC_007432.1,139082,151240,12158,islandpath_dimob
NC_009033.1,1495504,1517467,21963,islandpath_dimob
NC_004368.1,1361848,1367968,6120,islandpath_dimob
NC_009785.1,70894,78341,7447,islandpath_dimob
NC_010582.1,503581,508461,4880,islandpath_dimob
NC_010582.1,944691,949693,5002,islandpath_dimob
NC_010582.1,981918,993454,11536,islandpath_dimob
NC_010582.1,1716843,1741376,24533,islandpath_dimob
NC_010582.1,2092148,2096494,4346,islandpath_dimob
NC_010582.1,2178977,2187059,8082,islandpath_dimob
NC_004368.1,611992,622285,10293,islandpath_dimob
NC_010582.1,381272,387341,6069,islandpath_dimob
NC_010572.1,8515846,8540647,24801,islandpath_dimob
NC_010572.1,8412113,8471489,59376,islandpath_dimob
NC_010572.1,8373568,8399253,25685,islandpath_dimob
NC_010572.1,8360721,8371314,10593,islandpath_dimob
NC_010572.1,4186335,4204636,18301,islandpath_dimob
NC_010572.1,3926410,3948427,22017,islandpath_dimob
NC_010572.1,3885935,3898198,12263,islandpath_dimob
NC_010572.1,3385842,3405758,19916,islandpath_dimob
NC_010572.1,87565,148819,61254,islandpath_dimob
NC_010572.1,4045,29173,25128,islandpath_dimob
NC_004350.1,1708522,1715749,7227,islandpath_dimob
NC_004350.1,1254042,1306586,52544,islandpath_dimob
NC_004350.1,206442,214355,7913,islandpath_dimob
NC_004350.1,94301,109414,15113,islandpath_dimob
NC_008533.1,924790,937484,12694,islandpath_dimob
NC_010380.1,1737334,1763511,26177,islandpath_dimob
NC_002678.2,5242216,5253886,11670,islandpath_dimob
NC_002678.2,5715626,5721850,6224,islandpath_dimob
NC_002678.2,5168730,5197958,29228,islandpath_dimob
NC_002678.2,5135926,5156847,20921,islandpath_dimob
NC_002678.2,5116735,5131423,14688,islandpath_dimob
NC_002678.2,5092704,5110070,17366,islandpath_dimob
NC_002678.2,5013331,5037204,23873,islandpath_dimob
NC_002678.2,4970185,4981822,11637,islandpath_dimob
NC_002678.2,4907364,4933867,26503,islandpath_dimob
NC_002678.2,4804167,4815971,11804,islandpath_dimob
NC_002678.2,4840559,4851864,11305,islandpath_dimob
NC_002678.2,4620483,4639929,19446,islandpath_dimob
NC_003028.2,1397029,1405241,8212,islandpath_dimob
NC_003028.2,1231302,1236035,4733,islandpath_dimob
NC_002678.2,3705162,3753885,48723,islandpath_dimob
NC_003028.2,514553,518088,3535,islandpath_dimob
NC_003028.2,1061773,1071930,10157,islandpath_dimob
NC_002678.2,791639,801899,10260,islandpath_dimob
NC_002678.2,3213147,3234363,21216,islandpath_dimob
NC_002678.2,760806,785098,24292,islandpath_dimob
NC_002678.2,339405,363925,24520,islandpath_dimob
NC_006086.1,1349939,1365449,15510,islandpath_dimob
NC_008022.1,182142,185478,3336,islandpath_dimob
NC_008022.1,1330242,1341860,11618,islandpath_dimob
NC_008022.1,1862001,1873233,11232,islandpath_dimob
NC_002737.1,435252,456754,21502,islandpath_dimob
NC_002737.1,581119,603091,21972,islandpath_dimob
NC_002737.1,1211857,1217581,5724,islandpath_dimob
NC_006086.1,421295,424681,3386,islandpath_dimob
NC_006086.1,1116838,1129331,12493,islandpath_dimob
NC_006086.1,1170022,1182695,12673,islandpath_dimob
NC_008024.1,1660710,1681805,21095,islandpath_dimob
NC_008024.1,1620777,1653624,32847,islandpath_dimob
NC_008024.1,782723,788173,5450,islandpath_dimob
NC_008023.1,1090358,1097340,6982,islandpath_dimob
NC_008024.1,391123,397354,6231,islandpath_dimob
NC_008024.1,459325,472830,13505,islandpath_dimob
NC_008023.1,586309,603069,16760,islandpath_dimob
NC_004070.1,755537,764240,8703,islandpath_dimob
NC_009009.1,708386,717737,9351,islandpath_dimob
NC_007297.1,983927,1016196,32269,islandpath_dimob
NC_007297.1,542134,561036,18902,islandpath_dimob
NC_003485.1,583567,589303,5736,islandpath_dimob
NC_003485.1,1230870,1236582,5712,islandpath_dimob
NC_003485.1,1478946,1489446,10500,islandpath_dimob
NC_007297.1,437234,458681,21447,islandpath_dimob
NC_003485.1,483798,504962,21164,islandpath_dimob
NC_003485.1,297771,303936,6165,islandpath_dimob
NC_008021.1,779383,786781,7398,islandpath_dimob
NC_003485.1,225223,236992,11769,islandpath_dimob
NC_008021.1,756541,763423,6882,islandpath_dimob
NC_008021.1,581994,601669,19675,islandpath_dimob
NC_009332.1,1381761,1402595,20834,islandpath_dimob
NC_009442.1,1450458,1464089,13631,islandpath_dimob
NC_009442.1,916077,924875,8798,islandpath_dimob
NC_009442.1,575166,584909,9743,islandpath_dimob
NC_004606.1,1136503,1139069,2566,islandpath_dimob
NC_009442.1,70262,95277,25015,islandpath_dimob
NC_010511.1,7584780,7612909,28129,islandpath_dimob
NC_010511.1,7561333,7581151,19818,islandpath_dimob
NC_010511.1,7389678,7430212,40534,islandpath_dimob
NC_010511.1,7027752,7055287,27535,islandpath_dimob
NC_010511.1,6769487,6781445,11958,islandpath_dimob
NC_010511.1,6123549,6136309,12760,islandpath_dimob
NC_010511.1,6086345,6102571,16226,islandpath_dimob
NC_010511.1,6064284,6080938,16654,islandpath_dimob
NC_010511.1,5427327,5442514,15187,islandpath_dimob
NC_010511.1,5173572,5179849,6277,islandpath_dimob
NC_010511.1,4593178,4607496,14318,islandpath_dimob
NC_010511.1,4324122,4334616,10494,islandpath_dimob
NC_010511.1,4448731,4455167,6436,islandpath_dimob
NC_010511.1,3729391,3737172,7781,islandpath_dimob
NC_010511.1,3675688,3725837,50149,islandpath_dimob
NC_010511.1,3322976,3328835,5859,islandpath_dimob
NC_010511.1,3199258,3214554,15296,islandpath_dimob
NC_010511.1,3117416,3140752,23336,islandpath_dimob
NC_010511.1,2779618,2791910,12292,islandpath_dimob
NC_010511.1,2105944,2116420,10476,islandpath_dimob
NC_010511.1,2704316,2719480,15164,islandpath_dimob
NC_010511.1,1648680,1693786,45106,islandpath_dimob
NC_010511.1,1588543,1645792,57249,islandpath_dimob
NC_010511.1,874244,888573,14329,islandpath_dimob
NC_010511.1,919065,933302,14237,islandpath_dimob
NC_010511.1,232581,248789,16208,islandpath_dimob
NC_006449.1,1718471,1729065,10594,islandpath_dimob
NC_006449.1,1695488,1713091,17603,islandpath_dimob
NC_006449.1,1594269,1602256,7987,islandpath_dimob
NC_006449.1,1475473,1485748,10275,islandpath_dimob
NC_006449.1,991451,994738,3287,islandpath_dimob
NC_006449.1,962700,972972,10272,islandpath_dimob
NC_006449.1,100325,109727,9402,islandpath_dimob
NC_006449.1,777514,792827,15313,islandpath_dimob
NC_006449.1,14681,32603,17922,islandpath_dimob
NC_006448.1,1717040,1727196,10156,islandpath_dimob
NC_006448.1,1694864,1712467,17603,islandpath_dimob
NC_006448.1,101543,107648,6105,islandpath_dimob
NC_006448.1,774821,783597,8776,islandpath_dimob
NC_006448.1,994832,998771,3939,islandpath_dimob
NC_006448.1,1473842,1478003,4161,islandpath_dimob
NC_006448.1,1485533,1492797,7264,islandpath_dimob
NC_006448.1,1590700,1598888,8188,islandpath_dimob
NC_006448.1,14981,31355,16374,islandpath_dimob
NC_008254.1,4114500,4168231,53731,islandpath_dimob
NC_008254.1,2467366,2502136,34770,islandpath_dimob
NC_008254.1,2021329,2038561,17232,islandpath_dimob
NC_008254.1,551117,608020,56903,islandpath_dimob
NC_009443.1,916359,924580,8221,islandpath_dimob
NC_009443.1,1449322,1463509,14187,islandpath_dimob
NC_008254.1,234081,248633,14552,islandpath_dimob
NC_009443.1,575398,580620,5222,islandpath_dimob
NC_003552.1,4411026,4420321,9295,islandpath_dimob
NC_009443.1,70257,95188,24931,islandpath_dimob
NC_003552.1,4338620,4346789,8169,islandpath_dimob
NC_003552.1,3650312,3659905,9593,islandpath_dimob
NC_003552.1,3869747,3882301,12554,islandpath_dimob
NC_003552.1,4133308,4140816,7508,islandpath_dimob
NC_003552.1,3475869,3492816,16947,islandpath_dimob
NC_003552.1,3443913,3451245,7332,islandpath_dimob
NC_003552.1,3363862,3374288,10426,islandpath_dimob
NC_003552.1,3343798,3357295,13497,islandpath_dimob
NC_003552.1,2970844,2979587,8743,islandpath_dimob
NC_003552.1,3055027,3085289,30262,islandpath_dimob
NC_003552.1,2682840,2695801,12961,islandpath_dimob
NC_003552.1,1328311,1342816,14505,islandpath_dimob
NC_003552.1,1543700,1554636,10936,islandpath_dimob
NC_003552.1,1238301,1254742,16441,islandpath_dimob
NC_003552.1,1201578,1214250,12672,islandpath_dimob
NC_003552.1,481978,498739,16761,islandpath_dimob
NC_003552.1,397626,422764,25138,islandpath_dimob
NC_003552.1,303053,321897,18844,islandpath_dimob
NC_008532.1,1644320,1653520,9200,islandpath_dimob
NC_008532.1,1256335,1264714,8379,islandpath_dimob
NC_010172.1,5454814,5462539,7725,islandpath_dimob
NC_008532.1,17393,40469,23076,islandpath_dimob
NC_010172.1,4190963,4211812,20849,islandpath_dimob
NC_010172.1,4070020,4099213,29193,islandpath_dimob
NC_010172.1,3896758,3964049,67291,islandpath_dimob
NC_010172.1,2082451,2090446,7995,islandpath_dimob
NC_010172.1,3416048,3431960,15912,islandpath_dimob
NC_010172.1,824869,830286,5417,islandpath_dimob
NC_010172.1,839599,867184,27585,islandpath_dimob
NC_010172.1,516226,542445,26219,islandpath_dimob
NC_010172.1,487931,509087,21156,islandpath_dimob
NC_010172.1,278713,292944,14231,islandpath_dimob
NC_010172.1,61361,191401,130040,islandpath_dimob
NC_007955.1,1715242,1727325,12083,islandpath_dimob
NC_009440.1,2178924,2187095,8171,islandpath_dimob
NC_007955.1,114396,121031,6635,islandpath_dimob
NC_007955.1,257427,270038,12611,islandpath_dimob
NC_007955.1,565256,598264,33008,islandpath_dimob
NC_009440.1,1202909,1214035,11126,islandpath_dimob
NC_009440.1,2096539,2116970,20431,islandpath_dimob
NC_010505.1,5590912,5608094,17182,islandpath_dimob
NC_010505.1,5497464,5513051,15587,islandpath_dimob
NC_010505.1,4478128,4496480,18352,islandpath_dimob
NC_010505.1,5041832,5057383,15551,islandpath_dimob
NC_010505.1,4401310,4432615,31305,islandpath_dimob
NC_010505.1,2774954,2798729,23775,islandpath_dimob
NC_010505.1,2662990,2675030,12040,islandpath_dimob
NC_010505.1,1211019,1234043,23024,islandpath_dimob
NC_010505.1,474649,480442,5793,islandpath_dimob
NC_010505.1,406579,414964,8385,islandpath_dimob
NC_009515.1,1626826,1652142,25316,islandpath_dimob
NC_009515.1,1431103,1437136,6033,islandpath_dimob
NC_009515.1,1539301,1546446,7145,islandpath_dimob
NC_009515.1,1166467,1192984,26517,islandpath_dimob
NC_009515.1,501035,515544,14509,islandpath_dimob
NC_009051.1,1737756,1744395,6639,islandpath_dimob
NC_003901.1,4063387,4078113,14726,islandpath_dimob
NC_003901.1,3944681,3952376,7695,islandpath_dimob
NC_003901.1,3849993,3859321,9328,islandpath_dimob
NC_003901.1,3651663,3677035,25372,islandpath_dimob
NC_003901.1,3621349,3628901,7552,islandpath_dimob
NC_003901.1,3529552,3541776,12224,islandpath_dimob
NC_003901.1,3482479,3489510,7031,islandpath_dimob
NC_003901.1,3296301,3316867,20566,islandpath_dimob
NC_003901.1,3221510,3227544,6034,islandpath_dimob
NC_003901.1,3259894,3269239,9345,islandpath_dimob
NC_003901.1,1711932,1718668,6736,islandpath_dimob
NC_003901.1,2001789,2017670,15881,islandpath_dimob
NC_003901.1,2071863,2076791,4928,islandpath_dimob
NC_003901.1,2557860,2575143,17283,islandpath_dimob
NC_003901.1,495245,527324,32079,islandpath_dimob
NC_003901.1,183717,194461,10744,islandpath_dimob
NC_003901.1,226926,253212,26286,islandpath_dimob
NC_009077.1,5534863,5554716,19853,islandpath_dimob
NC_009077.1,4777796,4811556,33760,islandpath_dimob
NC_009077.1,4674645,4774472,99827,islandpath_dimob
NC_009077.1,4418274,4427170,8896,islandpath_dimob
NC_009077.1,4125085,4134263,9178,islandpath_dimob
NC_009077.1,3852119,3877423,25304,islandpath_dimob
NC_009077.1,3741857,3750635,8778,islandpath_dimob
NC_008553.1,1721456,1749381,27925,islandpath_dimob
NC_008553.1,1265238,1282411,17173,islandpath_dimob
NC_009077.1,3352787,3366225,13438,islandpath_dimob
NC_009077.1,3331638,3348754,17116,islandpath_dimob
NC_008553.1,1040250,1061547,21297,islandpath_dimob
NC_009077.1,2479971,2494702,14731,islandpath_dimob
NC_009077.1,2314493,2327399,12906,islandpath_dimob
NC_009077.1,2331283,2363104,31821,islandpath_dimob
NC_009077.1,1746683,1776088,29405,islandpath_dimob
NC_009077.1,1692946,1703187,10241,islandpath_dimob
NC_009077.1,1705895,1719123,13228,islandpath_dimob
NC_009077.1,1522386,1543606,21220,islandpath_dimob
NC_008705.1,5150756,5171806,21050,islandpath_dimob
NC_008705.1,4467942,4478744,10802,islandpath_dimob
NC_008705.1,4333130,4352294,19164,islandpath_dimob
NC_008705.1,4087071,4097492,10421,islandpath_dimob
NC_008705.1,3808865,3818794,9929,islandpath_dimob
NC_008705.1,3753334,3761947,8613,islandpath_dimob
NC_008705.1,3409416,3422663,13247,islandpath_dimob
NC_008705.1,3386044,3403160,17116,islandpath_dimob
NC_008705.1,2766275,2779405,13130,islandpath_dimob
NC_008705.1,1859215,1866123,6908,islandpath_dimob
NC_008705.1,1845800,1856835,11035,islandpath_dimob
NC_009634.1,1653163,1672806,19643,islandpath_dimob
NC_009634.1,300422,338050,37628,islandpath_dimob
NC_008705.1,1789821,1843420,53599,islandpath_dimob
NC_008705.1,1758719,1783662,24943,islandpath_dimob
NC_008705.1,1545640,1613754,68114,islandpath_dimob
NC_008705.1,1220534,1234243,13709,islandpath_dimob
NC_008705.1,1021786,1058684,36898,islandpath_dimob
NC_008705.1,933468,941790,8322,islandpath_dimob
NC_005791.1,734498,754386,19888,islandpath_dimob
NC_008705.1,27437,47007,19570,islandpath_dimob
NC_008705.1,868626,917944,49318,islandpath_dimob
NC_008146.1,5110264,5132723,22459,islandpath_dimob
NC_005791.1,452313,469069,16756,islandpath_dimob
NC_008146.1,4439278,4450080,10802,islandpath_dimob
NC_008146.1,4941825,4953192,11367,islandpath_dimob
NC_008146.1,4425631,4432714,7083,islandpath_dimob
NC_008146.1,4052589,4064978,12389,islandpath_dimob
NC_008146.1,4297187,4316351,19164,islandpath_dimob
NC_008146.1,3774383,3784312,9929,islandpath_dimob
NC_008146.1,3381134,3394381,13247,islandpath_dimob
NC_008146.1,3357762,3374878,17116,islandpath_dimob
NC_008146.1,1840231,1846664,6433,islandpath_dimob
NC_008146.1,2749750,2761517,11767,islandpath_dimob
NC_008146.1,1786740,1837851,51111,islandpath_dimob
NC_008146.1,1754565,1770092,15527,islandpath_dimob
NC_008146.1,1774926,1780934,6008,islandpath_dimob
NC_008146.1,1541332,1610705,69373,islandpath_dimob
NC_008146.1,1216225,1229934,13709,islandpath_dimob
NC_008146.1,1130614,1138637,8023,islandpath_dimob
NC_008146.1,1015980,1052950,36970,islandpath_dimob
NC_008146.1,923714,935983,12269,islandpath_dimob
NC_008596.1,6704173,6715863,11690,islandpath_dimob
NC_008146.1,419811,427226,7415,islandpath_dimob
NC_008596.1,6209977,6220029,10052,islandpath_dimob
NC_008596.1,5182315,5199510,17195,islandpath_dimob
NC_008596.1,4232893,4243027,10134,islandpath_dimob
NC_008596.1,4151496,4168717,17221,islandpath_dimob
NC_008596.1,4133790,4147462,13672,islandpath_dimob
NC_008596.1,2875590,2894352,18762,islandpath_dimob
NC_008596.1,2213386,2229684,16298,islandpath_dimob
NC_008596.1,1931586,1948496,16910,islandpath_dimob
NC_008596.1,1813569,1825807,12238,islandpath_dimob
NC_008596.1,1000432,1006302,5870,islandpath_dimob
NC_008596.1,1289461,1296867,7406,islandpath_dimob
NC_008596.1,1305154,1356374,51220,islandpath_dimob
NC_008596.1,886332,894759,8427,islandpath_dimob
NC_008596.1,438130,446623,8493,islandpath_dimob
NC_008596.1,810517,814680,4163,islandpath_dimob
NC_009975.1,597112,600642,3530,islandpath_dimob
NC_008596.1,85616,104243,18627,islandpath_dimob
NC_009975.1,16907,30954,14047,islandpath_dimob
NC_009135.1,601100,614862,13762,islandpath_dimob
NC_009135.1,200578,213178,12600,islandpath_dimob
NC_010397.1,4974798,5000434,25636,islandpath_dimob
NC_010397.1,4912540,4928914,16374,islandpath_dimob
NC_010397.1,2087517,2099602,12085,islandpath_dimob
NC_010397.1,1817441,1834460,17019,islandpath_dimob
NC_010397.1,823323,829922,6599,islandpath_dimob
NC_010397.1,1754551,1780219,25668,islandpath_dimob
NC_010397.1,441744,470240,28496,islandpath_dimob
NC_008595.1,5172402,5183520,11118,islandpath_dimob
NC_008595.1,3598918,3608066,9148,islandpath_dimob
NC_008595.1,3865949,3873888,7939,islandpath_dimob
NC_008595.1,3923139,3936276,13137,islandpath_dimob
NC_008595.1,2934864,2944363,9499,islandpath_dimob
NC_008595.1,2683128,2692659,9531,islandpath_dimob
NC_008595.1,2222134,2232322,10188,islandpath_dimob
NC_008595.1,2164735,2170405,5670,islandpath_dimob
NC_008595.1,1446800,1453598,6798,islandpath_dimob
NC_008595.1,1456328,1463362,7034,islandpath_dimob
NC_008595.1,1415588,1423197,7609,islandpath_dimob
NC_008595.1,1432294,1443794,11500,islandpath_dimob
NC_008595.1,252929,294889,41960,islandpath_dimob
NC_007947.1,1594571,1603596,9025,islandpath_dimob
NC_007947.1,2917741,2926556,8815,islandpath_dimob
NC_007947.1,1195766,1228847,33081,islandpath_dimob
NC_009635.1,1292107,1305076,12969,islandpath_dimob
NC_010612.1,5636548,5648158,11610,islandpath_dimob
NC_010612.1,5458340,5470605,12265,islandpath_dimob
NC_010612.1,5303251,5327665,24414,islandpath_dimob
NC_010612.1,1910165,1935735,25570,islandpath_dimob
NC_010612.1,1742483,1756425,13942,islandpath_dimob
NC_010612.1,1201847,1221390,19543,islandpath_dimob
NC_010612.1,688444,695909,7465,islandpath_dimob
NC_000909.1,1620569,1630260,9691,islandpath_dimob
NC_002944.2,4423752,4429457,5705,islandpath_dimob
NC_000909.1,10075,19229,9154,islandpath_dimob
NC_000909.1,1434199,1446816,12617,islandpath_dimob
NC_002944.2,3285368,3293375,8007,islandpath_dimob
NC_002944.2,2742529,2763562,21033,islandpath_dimob
NC_002944.2,2378957,2390930,11973,islandpath_dimob
NC_002944.2,1931392,1938824,7432,islandpath_dimob
NC_002944.2,878811,890436,11625,islandpath_dimob
NC_002944.2,606156,626590,20434,islandpath_dimob
NC_002944.2,32644,41239,8595,islandpath_dimob
NC_002944.2,157819,164527,6708,islandpath_dimob
NC_007796.1,3390099,3408279,18180,islandpath_dimob
NC_007796.1,3347305,3368178,20873,islandpath_dimob
NC_007796.1,2618103,2633839,15736,islandpath_dimob
NC_007796.1,1336954,1348187,11233,islandpath_dimob
NC_007796.1,1726857,1751368,24511,islandpath_dimob
NC_007796.1,2391804,2415093,23289,islandpath_dimob
NC_007796.1,1117552,1132060,14508,islandpath_dimob
NC_002977.6,3126848,3139867,13019,islandpath_dimob
NC_007796.1,420972,441129,20157,islandpath_dimob
NC_002977.6,2347601,2353967,6366,islandpath_dimob
NC_002977.6,2819182,2877013,57831,islandpath_dimob
NC_002977.6,2028465,2042482,14017,islandpath_dimob
NC_002977.6,1715782,1730110,14328,islandpath_dimob
NC_002977.6,256948,269183,12235,islandpath_dimob
NC_002977.6,23290,43546,20256,islandpath_dimob
NC_008769.1,3785453,3793834,8381,islandpath_dimob
NC_008769.1,3148164,3154944,6780,islandpath_dimob
NC_008769.1,3717411,3757362,39951,islandpath_dimob
NC_008769.1,3074090,3090998,16908,islandpath_dimob
NC_008769.1,951615,965993,14378,islandpath_dimob
NC_008769.1,862278,883249,20971,islandpath_dimob
NC_006177.1,2886463,2920583,34120,islandpath_dimob
NC_006177.1,2457070,2471925,14855,islandpath_dimob
NC_006177.1,2397903,2415717,17814,islandpath_dimob
NC_006177.1,2428184,2454101,25917,islandpath_dimob
NC_006177.1,1427367,1438979,11612,islandpath_dimob
NC_006177.1,2370328,2382587,12259,islandpath_dimob
NC_006177.1,1391938,1402038,10100,islandpath_dimob
NC_006177.1,1258747,1270601,11854,islandpath_dimob
NC_006177.1,905620,918440,12820,islandpath_dimob
NC_006177.1,367802,375135,7333,islandpath_dimob
NC_006177.1,337787,357799,20012,islandpath_dimob
NC_006177.1,304637,326970,22333,islandpath_dimob
NC_006177.1,49916,84807,34891,islandpath_dimob
NC_007644.1,2324604,2342214,17610,islandpath_dimob
NC_007644.1,2447195,2463532,16337,islandpath_dimob
NC_007644.1,1643807,1658176,14369,islandpath_dimob
NC_007644.1,2242431,2259882,17451,islandpath_dimob
NC_007644.1,708160,723749,15589,islandpath_dimob
NC_007644.1,412560,419215,6655,islandpath_dimob
NC_007644.1,423987,434866,10879,islandpath_dimob
NC_007644.1,659667,677885,18218,islandpath_dimob
NC_007644.1,283781,294374,10593,islandpath_dimob
NC_007644.1,352807,367526,14719,islandpath_dimob
NC_007644.1,235167,254726,19559,islandpath_dimob
NC_007644.1,158945,181376,22431,islandpath_dimob
NC_008095.1,9048513,9050742,2229,islandpath_dimob
NC_008095.1,7763756,7771699,7943,islandpath_dimob
NC_008095.1,6493079,6508978,15899,islandpath_dimob
NC_008095.1,6077093,6109421,32328,islandpath_dimob
NC_008095.1,5532695,5545491,12796,islandpath_dimob
NC_008095.1,5066197,5081228,15031,islandpath_dimob
NC_008095.1,5059847,5063380,3533,islandpath_dimob
NC_008095.1,3290237,3299740,9503,islandpath_dimob
NC_008095.1,4193688,4215005,21317,islandpath_dimob
NC_008095.1,2427372,2459373,32001,islandpath_dimob
NC_009338.1,5060095,5089476,29381,islandpath_dimob
NC_009338.1,4926705,4947284,20579,islandpath_dimob
NC_008095.1,2217345,2242398,25053,islandpath_dimob
NC_009338.1,4914792,4922748,7956,islandpath_dimob
NC_008095.1,2179599,2204686,25087,islandpath_dimob
NC_009338.1,4148854,4167054,18200,islandpath_dimob
NC_009338.1,3358107,3420327,62220,islandpath_dimob
NC_008095.1,2108456,2125214,16758,islandpath_dimob
NC_009338.1,3200379,3217690,17311,islandpath_dimob
NC_008095.1,2080784,2095849,15065,islandpath_dimob
NC_009338.1,2930650,2966201,35551,islandpath_dimob
NC_009338.1,3019441,3048706,29265,islandpath_dimob
NC_009338.1,2781232,2787024,5792,islandpath_dimob
NC_008095.1,2013060,2037294,24234,islandpath_dimob
NC_009338.1,2047292,2072164,24872,islandpath_dimob
NC_008095.1,1543126,1569483,26357,islandpath_dimob
NC_009338.1,915561,953835,38274,islandpath_dimob
NC_008095.1,1402687,1448711,46024,islandpath_dimob
NC_009338.1,702352,711278,8926,islandpath_dimob
NC_009338.1,683356,699901,16545,islandpath_dimob
NC_008095.1,660591,676926,16335,islandpath_dimob
NC_009338.1,638101,678224,40123,islandpath_dimob
NC_008095.1,148704,177189,28485,islandpath_dimob
NC_009338.1,594934,635004,40070,islandpath_dimob
NC_009338.1,551199,590710,39511,islandpath_dimob
NC_009565.1,3810363,3816689,6326,islandpath_dimob
NC_009565.1,3738214,3782273,44059,islandpath_dimob
NC_009565.1,3554569,3567024,12455,islandpath_dimob
NC_009565.1,2637023,2654945,17922,islandpath_dimob
NC_009565.1,2983440,2990617,7177,islandpath_dimob
NC_009565.1,3132524,3148662,16138,islandpath_dimob
NC_009565.1,3205698,3212541,6843,islandpath_dimob
NC_009565.1,924086,935965,11879,islandpath_dimob
NC_009565.1,834727,855335,20608,islandpath_dimob
NC_009525.1,3808369,3818062,9693,islandpath_dimob
NC_009525.1,3206161,3213004,6843,islandpath_dimob
NC_009525.1,3387927,3394792,6865,islandpath_dimob
NC_009525.1,3553602,3566057,12455,islandpath_dimob
NC_009525.1,3735459,3778611,43152,islandpath_dimob
NC_009525.1,3132537,3148325,15788,islandpath_dimob
NC_009525.1,2984128,2990626,6498,islandpath_dimob
NC_009525.1,2636130,2653032,16902,islandpath_dimob
NC_009525.1,832161,852772,20611,islandpath_dimob
NC_002754.1,2672370,2677087,4717,islandpath_dimob
NC_002754.1,2885079,2895042,9963,islandpath_dimob
NC_002754.1,2537371,2546649,9278,islandpath_dimob
NC_002754.1,2603270,2612461,9191,islandpath_dimob
NC_002754.1,2411868,2419897,8029,islandpath_dimob
NC_002754.1,1651489,1662925,11436,islandpath_dimob
NC_002754.1,1667701,1675590,7889,islandpath_dimob
NC_002754.1,1733376,1748907,15531,islandpath_dimob
NC_002754.1,1779283,1785083,5800,islandpath_dimob
NC_002754.1,1786312,1796971,10659,islandpath_dimob
NC_002754.1,1625190,1634710,9520,islandpath_dimob
NC_002754.1,1604966,1616013,11047,islandpath_dimob
NC_002754.1,1581737,1589734,7997,islandpath_dimob
NC_002754.1,1548839,1555338,6499,islandpath_dimob
NC_002754.1,1448024,1450817,2793,islandpath_dimob
NC_002754.1,1527108,1536849,9741,islandpath_dimob
NC_002754.1,1397547,1406912,9365,islandpath_dimob
NC_002754.1,1325628,1345080,19452,islandpath_dimob
NC_002754.1,1251428,1280666,29238,islandpath_dimob
NC_002754.1,1221294,1227869,6575,islandpath_dimob
NC_002754.1,1035185,1041878,6693,islandpath_dimob
NC_002754.1,1070597,1084759,14162,islandpath_dimob
NC_002754.1,442552,452714,10162,islandpath_dimob
NC_002754.1,34688,43364,8676,islandpath_dimob
NC_007181.1,1822930,1842888,19958,islandpath_dimob
NC_007181.1,1735736,1753918,18182,islandpath_dimob
NC_007181.1,1139988,1149161,9173,islandpath_dimob
NC_007181.1,497240,507417,10177,islandpath_dimob
NC_007181.1,410155,433196,23041,islandpath_dimob
NC_003106.2,2495592,2511584,15992,islandpath_dimob
NC_007181.1,399031,407430,8399,islandpath_dimob
NC_003106.2,1718445,1731797,13352,islandpath_dimob
NC_003106.2,2005011,2017767,12756,islandpath_dimob
NC_003106.2,1156364,1161614,5250,islandpath_dimob
NC_003106.2,1173936,1190168,16232,islandpath_dimob
NC_003106.2,922773,932951,10178,islandpath_dimob
NC_003106.2,123610,132112,8502,islandpath_dimob
NC_009663.1,2544389,2554502,10113,islandpath_dimob
NC_009663.1,2522148,2541998,19850,islandpath_dimob
NC_009663.1,2506759,2511842,5083,islandpath_dimob
NC_009663.1,2400620,2418917,18297,islandpath_dimob
NC_009663.1,2187640,2212155,24515,islandpath_dimob
NC_009663.1,745707,754699,8992,islandpath_dimob
NC_008319.1,2113105,2150984,37879,islandpath_dimob
NC_002755.2,4311098,4317799,6701,islandpath_dimob
NC_002755.2,3723735,3746485,22750,islandpath_dimob
NC_002755.2,3790121,3798445,8324,islandpath_dimob
NC_002755.2,3543039,3553263,10224,islandpath_dimob
NC_002755.2,3188323,3194930,6607,islandpath_dimob
NC_002755.2,3371319,3376829,5510,islandpath_dimob
NC_002755.2,3115358,3129933,14575,islandpath_dimob
NC_002755.2,2577273,2580699,3426,islandpath_dimob
NC_002755.2,2966267,2973444,7177,islandpath_dimob
NC_010475.1,2296095,2307230,11135,islandpath_dimob
NC_002755.2,564174,569341,5167,islandpath_dimob
NC_002755.2,836078,853638,17560,islandpath_dimob
NC_008726.1,6321107,6330291,9184,islandpath_dimob
NC_008726.1,5786150,5802797,16647,islandpath_dimob
NC_008726.1,5405190,5426813,21623,islandpath_dimob
NC_008726.1,4890803,4895913,5110,islandpath_dimob
NC_008726.1,4164843,4175064,10221,islandpath_dimob
NC_008726.1,3962950,3990339,27389,islandpath_dimob
NC_008726.1,3870317,3899149,28832,islandpath_dimob
NC_008726.1,3451859,3468052,16193,islandpath_dimob
NC_008726.1,2286815,2296365,9550,islandpath_dimob
NC_008726.1,2648649,2660955,12306,islandpath_dimob
NC_008726.1,2086598,2091705,5107,islandpath_dimob
NC_008726.1,1779364,1811799,32435,islandpath_dimob
NC_008726.1,1529972,1552823,22851,islandpath_dimob
NC_008726.1,1175999,1187189,11190,islandpath_dimob
NC_008726.1,1145925,1168912,22987,islandpath_dimob
NC_008726.1,842431,849211,6780,islandpath_dimob
NC_008726.1,618113,632907,14794,islandpath_dimob
NC_008726.1,573188,600304,27116,islandpath_dimob
NC_008726.1,511503,523076,11573,islandpath_dimob
NC_008726.1,540742,561224,20482,islandpath_dimob
NC_008554.1,4838853,4853907,15054,islandpath_dimob
NC_008554.1,4630085,4661529,31444,islandpath_dimob
NC_008554.1,4586546,4607819,21273,islandpath_dimob
NC_008554.1,4550061,4559033,8972,islandpath_dimob
NC_008554.1,3058962,3070169,11207,islandpath_dimob
NC_008554.1,2991221,3005267,14046,islandpath_dimob
NC_008554.1,2894372,2917035,22663,islandpath_dimob
NC_008554.1,2472421,2490653,18232,islandpath_dimob
NC_008554.1,2370049,2386073,16024,islandpath_dimob
NC_008554.1,2314333,2324469,10136,islandpath_dimob
NC_008554.1,1371772,1388639,16867,islandpath_dimob
NC_008554.1,957093,977950,20857,islandpath_dimob
NC_008554.1,156747,169525,12778,islandpath_dimob
NC_007516.1,2380697,2398068,17371,islandpath_dimob
NC_007516.1,1622471,1635895,13424,islandpath_dimob
NC_007516.1,1531127,1542054,10927,islandpath_dimob
NC_007516.1,739050,753092,14042,islandpath_dimob
NC_007516.1,896620,911718,15098,islandpath_dimob
NC_007513.1,1392789,1412841,20052,islandpath_dimob
NC_007516.1,539758,551287,11529,islandpath_dimob
NC_008611.1,5436233,5447245,11012,islandpath_dimob
NC_008611.1,5356189,5365259,9070,islandpath_dimob
NC_008611.1,5249307,5267158,17851,islandpath_dimob
NC_008611.1,5034337,5052101,17764,islandpath_dimob
NC_008611.1,4873519,4887272,13753,islandpath_dimob
NC_008611.1,3660173,3672339,12166,islandpath_dimob
NC_008611.1,4842664,4866855,24191,islandpath_dimob
NC_008611.1,3422794,3429430,6636,islandpath_dimob
NC_008611.1,3582901,3594619,11718,islandpath_dimob
NC_008611.1,3002244,3010878,8634,islandpath_dimob
NC_008611.1,3385219,3417082,31863,islandpath_dimob
NC_008611.1,2075102,2085018,9916,islandpath_dimob
NC_008611.1,2580144,2592548,12404,islandpath_dimob
NC_008611.1,1370684,1375463,4779,islandpath_dimob
NC_008611.1,1459677,1473399,13722,islandpath_dimob
NC_008611.1,1204905,1229650,24745,islandpath_dimob
NC_008611.1,1046175,1058070,11895,islandpath_dimob
NC_008611.1,1006970,1023993,17023,islandpath_dimob
NC_008611.1,826606,842058,15452,islandpath_dimob
NC_008611.1,990335,999144,8809,islandpath_dimob
NC_008611.1,517665,532413,14748,islandpath_dimob
NC_008611.1,571803,601192,29389,islandpath_dimob
NC_000962.2,3799246,3807570,8324,islandpath_dimob
NC_008611.1,395107,406396,11289,islandpath_dimob
NC_000962.2,3724618,3769807,45189,islandpath_dimob
NC_000962.2,3194169,3201012,6843,islandpath_dimob
NC_000962.2,3375758,3382622,6864,islandpath_dimob
NC_000962.2,3541446,3555259,13813,islandpath_dimob
NC_000962.2,2971659,2978658,6999,islandpath_dimob
NC_000962.2,3120569,3137012,16443,islandpath_dimob
NC_000962.2,1981130,1996475,15345,islandpath_dimob
NC_000962.2,2626226,2641064,14838,islandpath_dimob
NC_000962.2,921575,935487,13912,islandpath_dimob
NC_000911.1,3091244,3098715,7471,islandpath_dimob
NC_000962.2,830855,851466,20611,islandpath_dimob
NC_000911.1,2441098,2448404,7306,islandpath_dimob
NC_000911.1,3055814,3081210,25396,islandpath_dimob
NC_000911.1,2046961,2051409,4448,islandpath_dimob
NC_000911.1,2219741,2227404,7663,islandpath_dimob
NC_000911.1,1724600,1731206,6606,islandpath_dimob
NC_000911.1,1611574,1633371,21797,islandpath_dimob
NC_000911.1,1382606,1388296,5690,islandpath_dimob
NC_000911.1,1417284,1431898,14614,islandpath_dimob
NC_000911.1,1197262,1205535,8273,islandpath_dimob
NC_000911.1,659370,664780,5410,islandpath_dimob
NC_000911.1,849802,857450,7648,islandpath_dimob
NC_000911.1,960099,971289,11190,islandpath_dimob
NC_000911.1,348701,386614,37913,islandpath_dimob
NC_007759.1,2643301,2654659,11358,islandpath_dimob
NC_007759.1,2182453,2200221,17768,islandpath_dimob
NC_007759.1,1818390,1827244,8854,islandpath_dimob
NC_007759.1,2149619,2155144,5525,islandpath_dimob
NC_007759.1,1771686,1778937,7251,islandpath_dimob
NC_007759.1,1065399,1073495,8096,islandpath_dimob
NC_007759.1,1400707,1405210,4503,islandpath_dimob
NC_007759.1,1030703,1047897,17194,islandpath_dimob
NC_007759.1,931951,956536,24585,islandpath_dimob
NC_007759.1,501893,523482,21589,islandpath_dimob
NC_007759.1,733170,746059,12889,islandpath_dimob
NC_007333.1,1747889,1844732,96843,islandpath_dimob
NC_007333.1,1528019,1536453,8434,islandpath_dimob
NC_005070.1,2315541,2323305,7764,islandpath_dimob
NC_007333.1,815282,850536,35254,islandpath_dimob
NC_005070.1,1592315,1605515,13200,islandpath_dimob
NC_005070.1,842611,850430,7819,islandpath_dimob
NC_005070.1,1503533,1521866,18333,islandpath_dimob
NC_008346.1,2837982,2869875,31893,islandpath_dimob
NC_008346.1,2587925,2615482,27557,islandpath_dimob
NC_008346.1,2521060,2563547,42487,islandpath_dimob
NC_008346.1,2361112,2391811,30699,islandpath_dimob
NC_008346.1,1668226,1686389,18163,islandpath_dimob
NC_008346.1,1505789,1521099,15310,islandpath_dimob
NC_008346.1,837268,846517,9249,islandpath_dimob
NC_008346.1,590542,610089,19547,islandpath_dimob
NC_008346.1,506743,514482,7739,islandpath_dimob
NC_008346.1,148555,174995,26440,islandpath_dimob
NC_003869.1,1979277,2016352,37075,islandpath_dimob
NC_003869.1,1149589,1163159,13570,islandpath_dimob
NC_003869.1,266491,285063,18572,islandpath_dimob
NC_003869.1,437899,450174,12275,islandpath_dimob
NC_010320.1,1255824,1289476,33652,islandpath_dimob
NC_010320.1,781054,793559,12505,islandpath_dimob
NC_010320.1,139236,149120,9884,islandpath_dimob
NC_010321.1,2324005,2334833,10828,islandpath_dimob
NC_010321.1,293247,308021,14774,islandpath_dimob
NC_010321.1,457511,472175,14664,islandpath_dimob
NC_010321.1,622069,628599,6530,islandpath_dimob
NC_010321.1,2281135,2307090,25955,islandpath_dimob
NC_010321.1,119118,145448,26330,islandpath_dimob
NC_010321.1,38682,52837,14155,islandpath_dimob
NC_004113.1,2400328,2417435,17107,islandpath_dimob
NC_004113.1,2494970,2502641,7671,islandpath_dimob
NC_004113.1,2212942,2223890,10948,islandpath_dimob
NC_004113.1,1639834,1644166,4332,islandpath_dimob
NC_004113.1,1539595,1553750,14155,islandpath_dimob
NC_004113.1,1140430,1150404,9974,islandpath_dimob
NC_004113.1,1032095,1044993,12898,islandpath_dimob
NC_004113.1,1016588,1025053,8465,islandpath_dimob
NC_004113.1,468630,474308,5678,islandpath_dimob
NC_004113.1,382441,389766,7325,islandpath_dimob
NC_004113.1,239421,245187,5766,islandpath_dimob
NC_010525.1,533558,541479,7921,islandpath_dimob
NC_004113.1,216196,233939,17743,islandpath_dimob
NC_008698.1,1416778,1425570,8792,islandpath_dimob
NC_009616.1,182501,190414,7913,islandpath_dimob
NC_009616.1,403844,428210,24366,islandpath_dimob
NC_002689.2,1532635,1565885,33250,islandpath_dimob
NC_002689.2,1479286,1491778,12492,islandpath_dimob
NC_002689.2,895454,923542,28088,islandpath_dimob
NC_002689.2,726112,742210,16098,islandpath_dimob
NC_002689.2,450731,459654,8923,islandpath_dimob
NC_002689.2,676728,719172,42444,islandpath_dimob
NC_002689.2,168808,173860,5052,islandpath_dimob
NC_006361.1,4988055,4992993,4938,islandpath_dimob
NC_006361.1,5153320,5167691,14371,islandpath_dimob
NC_006361.1,5820003,5828714,8711,islandpath_dimob
NC_002689.2,142586,160583,17997,islandpath_dimob
NC_006361.1,3064682,3070724,6042,islandpath_dimob
NC_006361.1,4112736,4131740,19004,islandpath_dimob
NC_006361.1,4593962,4619512,25550,islandpath_dimob
NC_006361.1,2787676,2795379,7703,islandpath_dimob
NC_006361.1,2222852,2245701,22849,islandpath_dimob
NC_006361.1,1700447,1714859,14412,islandpath_dimob
NC_006361.1,1662867,1680323,17456,islandpath_dimob
NC_006361.1,246168,251110,4942,islandpath_dimob
NC_006361.1,13980,35138,21158,islandpath_dimob
NC_005364.2,1191305,1202001,10696,islandpath_dimob
NC_005364.2,608703,616717,8014,islandpath_dimob
NC_005364.2,1167548,1181356,13808,islandpath_dimob
NC_005364.2,110260,116946,6686,islandpath_dimob
NC_008699.1,4922232,4931759,9527,islandpath_dimob
NC_005364.2,64608,72606,7998,islandpath_dimob
NC_008699.1,2437087,2444981,7894,islandpath_dimob
NC_008699.1,3779119,3789377,10258,islandpath_dimob
NC_008699.1,2407103,2419839,12736,islandpath_dimob
NC_008699.1,2302776,2311121,8345,islandpath_dimob
NC_008699.1,2318250,2334109,15859,islandpath_dimob
NC_008699.1,1682076,1691835,9759,islandpath_dimob
NC_008699.1,2264684,2276941,12257,islandpath_dimob
NC_008699.1,1141942,1160236,18294,islandpath_dimob
NC_008699.1,650063,666640,16577,islandpath_dimob
NC_008699.1,1082498,1108519,26021,islandpath_dimob
NC_008699.1,634395,645766,11371,islandpath_dimob
NC_008699.1,615676,624275,8599,islandpath_dimob
NC_008699.1,71344,82302,10958,islandpath_dimob
NC_002771.1,461091,474256,13165,islandpath_dimob
NC_002771.1,636795,658826,22031,islandpath_dimob
NC_000912.1,646644,651802,5158,islandpath_dimob
NC_007294.1,305657,325489,19832,islandpath_dimob
NC_007295.1,469542,490269,20727,islandpath_dimob
NC_007295.1,391214,401422,10208,islandpath_dimob
NC_007964.1,4279188,4290699,11511,islandpath_dimob
NC_007964.1,4205760,4245682,39922,islandpath_dimob
NC_007964.1,3643376,3656695,13319,islandpath_dimob
NC_007964.1,4023253,4029657,6404,islandpath_dimob
NC_007964.1,4184257,4196665,12408,islandpath_dimob
NC_007964.1,3398531,3420231,21700,islandpath_dimob
NC_007964.1,3242244,3263246,21002,islandpath_dimob
NC_007964.1,3127037,3138717,11680,islandpath_dimob
NC_007964.1,2732265,2752151,19886,islandpath_dimob
NC_007964.1,2374502,2385321,10819,islandpath_dimob
NC_007964.1,2069446,2077355,7909,islandpath_dimob
NC_007964.1,1525855,1557473,31618,islandpath_dimob
NC_007964.1,877612,883612,6000,islandpath_dimob
NC_007964.1,1421231,1425826,4595,islandpath_dimob
NC_007964.1,320355,360124,39769,islandpath_dimob
NC_007426.1,2241904,2289770,47866,islandpath_dimob
NC_007614.1,2506066,2513497,7431,islandpath_dimob
NC_007426.1,2086790,2094749,7959,islandpath_dimob
NC_007426.1,1843932,1905958,62026,islandpath_dimob
NC_007614.1,2335625,2356055,20430,islandpath_dimob
NC_007426.1,1730599,1738856,8257,islandpath_dimob
NC_007614.1,2318948,2331935,12987,islandpath_dimob
NC_007614.1,1640322,1652943,12621,islandpath_dimob
NC_007426.1,1140033,1148233,8200,islandpath_dimob
NC_007614.1,1690329,1695778,5449,islandpath_dimob
NC_007426.1,1629398,1637545,8147,islandpath_dimob
NC_007426.1,936336,956214,19878,islandpath_dimob
NC_007426.1,588181,602588,14407,islandpath_dimob
NC_007614.1,1489949,1494289,4340,islandpath_dimob
NC_007614.1,1572602,1580959,8357,islandpath_dimob
NC_007614.1,1050731,1083165,32434,islandpath_dimob
NC_007614.1,622407,634150,11743,islandpath_dimob
NC_007614.1,106448,131215,24767,islandpath_dimob
NC_007614.1,60017,72048,12031,islandpath_dimob
NC_007484.1,2374293,2382768,8475,islandpath_dimob
NC_007484.1,2751717,2756708,4991,islandpath_dimob
NC_007484.1,2143103,2154078,10975,islandpath_dimob
NC_007484.1,1199513,1220518,21005,islandpath_dimob
NC_007484.1,746413,767930,21517,islandpath_dimob
NC_007484.1,663624,741288,77664,islandpath_dimob
NC_007406.1,3371245,3377712,6467,islandpath_dimob
NC_007484.1,471647,485585,13938,islandpath_dimob
NC_007406.1,3173716,3181536,7820,islandpath_dimob
NC_007406.1,3254250,3261303,7053,islandpath_dimob
NC_007406.1,3355507,3368012,12505,islandpath_dimob
NC_007406.1,3094443,3103432,8989,islandpath_dimob
NC_007406.1,3151767,3163786,12019,islandpath_dimob
NC_007406.1,3057118,3063770,6652,islandpath_dimob
NC_007406.1,3064879,3080519,15640,islandpath_dimob
NC_007406.1,2620993,2631100,10107,islandpath_dimob
NC_003272.1,4095152,4099815,4663,islandpath_dimob
NC_007406.1,2592342,2595953,3611,islandpath_dimob
NC_003272.1,3276939,3284676,7737,islandpath_dimob
NC_003272.1,2580626,2589244,8618,islandpath_dimob
NC_007406.1,2151223,2157286,6063,islandpath_dimob
NC_007406.1,2311409,2338971,27562,islandpath_dimob
NC_007406.1,2131952,2145748,13796,islandpath_dimob
NC_007406.1,1755210,1782775,27565,islandpath_dimob
NC_003272.1,2559901,2574247,14346,islandpath_dimob
NC_007406.1,1489831,1495768,5937,islandpath_dimob
NC_007406.1,1612793,1629857,17064,islandpath_dimob
NC_003272.1,2216017,2223310,7293,islandpath_dimob
NC_007406.1,1263841,1273639,9798,islandpath_dimob
NC_003272.1,2068785,2076339,7554,islandpath_dimob
NC_007406.1,1111722,1118795,7073,islandpath_dimob
NC_007406.1,935389,944762,9373,islandpath_dimob
NC_007406.1,922287,931331,9044,islandpath_dimob
NC_003272.1,785653,790336,4683,islandpath_dimob
NC_007406.1,891643,910203,18560,islandpath_dimob
NC_003272.1,419061,434207,15146,islandpath_dimob
NC_007406.1,843731,875247,31516,islandpath_dimob
NC_007406.1,814287,828677,14390,islandpath_dimob
NC_003272.1,3421,22944,19523,islandpath_dimob
NC_007406.1,787462,794409,6947,islandpath_dimob
NC_007406.1,287301,311024,23723,islandpath_dimob
NC_007794.1,1568798,1574736,5938,islandpath_dimob
NC_007794.1,1538674,1546897,8223,islandpath_dimob
NC_007794.1,665465,669823,4358,islandpath_dimob
NC_007794.1,1526248,1534484,8236,islandpath_dimob
NC_007794.1,264171,278799,14628,islandpath_dimob
NC_004757.1,2774016,2784367,10351,islandpath_dimob
NC_004757.1,2738984,2768941,29957,islandpath_dimob
NC_004757.1,1965060,1971593,6533,islandpath_dimob
NC_004757.1,1711070,1715700,4630,islandpath_dimob
NC_004757.1,1718353,1723704,5351,islandpath_dimob
NC_004757.1,1192023,1199005,6982,islandpath_dimob
NC_004757.1,1468697,1475975,7278,islandpath_dimob
NC_004757.1,1497929,1505561,7632,islandpath_dimob
NC_004757.1,1023924,1035467,11543,islandpath_dimob
NC_004757.1,911379,920839,9460,islandpath_dimob
NC_004757.1,882921,891734,8813,islandpath_dimob
NC_004757.1,768545,773024,4479,islandpath_dimob
NC_004757.1,719259,731038,11779,islandpath_dimob
NC_004757.1,290456,299333,8877,islandpath_dimob
NC_004757.1,258184,279695,21511,islandpath_dimob
NC_004757.1,181846,203228,21382,islandpath_dimob
NC_008344.1,2525119,2540833,15714,islandpath_dimob
NC_008344.1,2471878,2480362,8484,islandpath_dimob
NC_008344.1,2382734,2390569,7835,islandpath_dimob
NC_008344.1,2326581,2338530,11949,islandpath_dimob
NC_008344.1,2098164,2111830,13666,islandpath_dimob
NC_008344.1,1964304,1974122,9818,islandpath_dimob
NC_008344.1,1825027,1849178,24151,islandpath_dimob
NC_008344.1,1762897,1771104,8207,islandpath_dimob
NC_008344.1,1558451,1569752,11301,islandpath_dimob
NC_008344.1,1412445,1418104,5659,islandpath_dimob
NC_008344.1,1370124,1377474,7350,islandpath_dimob
NC_008344.1,670110,682855,12745,islandpath_dimob
NC_008344.1,1102298,1109009,6711,islandpath_dimob
NC_008344.1,8854,18392,9538,islandpath_dimob
NC_010120.1,2103651,2113410,9759,islandpath_dimob
NC_010120.1,2034790,2052374,17584,islandpath_dimob
NC_010120.1,1315811,1323444,7633,islandpath_dimob
NC_010120.1,1071428,1083514,12086,islandpath_dimob
NC_004193.1,1368121,1382866,14745,islandpath_dimob
NC_002946.2,723161,732745,9584,islandpath_dimob
NC_002946.2,1587115,1599046,11931,islandpath_dimob
NC_010120.1,551170,566972,15802,islandpath_dimob
NC_010120.1,969615,977131,7516,islandpath_dimob
NC_004193.1,182934,194342,11408,islandpath_dimob
NC_004193.1,121549,166684,45135,islandpath_dimob
NC_007633.1,220472,229847,9375,islandpath_dimob
NC_009497.1,387729,405218,17489,islandpath_dimob
NC_009662.1,1330561,1341119,10558,islandpath_dimob
NC_009662.1,1262711,1279559,16848,islandpath_dimob
NC_009662.1,751256,760865,9609,islandpath_dimob
NC_003116.1,1521454,1528424,6970,islandpath_dimob
NC_009662.1,456535,473603,17068,islandpath_dimob
NC_003116.1,760373,784377,24004,islandpath_dimob
NC_008786.1,5160045,5189026,28981,islandpath_dimob
NC_008786.1,5120967,5135926,14959,islandpath_dimob
NC_008786.1,5090752,5114107,23355,islandpath_dimob
NC_008786.1,4875933,4900044,24111,islandpath_dimob
NC_008786.1,3751362,3760980,9618,islandpath_dimob
NC_008786.1,4128812,4144037,15225,islandpath_dimob
NC_008786.1,4578579,4615735,37156,islandpath_dimob
NC_008786.1,3196442,3202468,6026,islandpath_dimob
NC_008786.1,2950226,2959023,8797,islandpath_dimob
NC_008786.1,3114387,3122801,8414,islandpath_dimob
NC_008786.1,2815237,2825220,9983,islandpath_dimob
NC_008786.1,2862445,2879855,17410,islandpath_dimob
NC_008786.1,2745954,2783026,37072,islandpath_dimob
NC_008786.1,2493968,2499789,5821,islandpath_dimob
NC_008786.1,1297004,1321514,24510,islandpath_dimob
NC_003112.2,1826541,1872510,45969,islandpath_dimob
NC_003112.2,1427085,1443606,16521,islandpath_dimob
NC_003112.2,612023,627821,15798,islandpath_dimob
NC_003112.2,502918,544117,41199,islandpath_dimob
NC_003112.2,146096,166898,20802,islandpath_dimob
NC_008312.1,7461544,7471324,9780,islandpath_dimob
NC_008312.1,7498426,7505962,7536,islandpath_dimob
NC_008312.1,7704495,7714113,9618,islandpath_dimob
NC_008312.1,7442325,7455136,12811,islandpath_dimob
NC_008312.1,7006544,7011896,5352,islandpath_dimob
NC_008312.1,7422646,7439349,16703,islandpath_dimob
NC_008312.1,5305875,5352811,46936,islandpath_dimob
NC_008312.1,5070385,5095151,24766,islandpath_dimob
NC_008312.1,4738906,4750909,12003,islandpath_dimob
NC_008312.1,4884647,4903480,18833,islandpath_dimob
NC_008312.1,4035385,4055312,19927,islandpath_dimob
NC_008312.1,3328892,3345175,16283,islandpath_dimob
NC_008312.1,3156708,3181291,24583,islandpath_dimob
NC_008312.1,2795958,2821117,25159,islandpath_dimob
NC_008312.1,2158205,2168327,10122,islandpath_dimob
NC_008312.1,2512592,2520571,7979,islandpath_dimob
NC_008312.1,1949800,1963884,14084,islandpath_dimob
NC_008312.1,1545704,1567509,21805,islandpath_dimob
NC_008312.1,1447844,1460470,12626,islandpath_dimob
NC_008312.1,73849,81982,8133,islandpath_dimob
NC_008312.1,600305,628835,28530,islandpath_dimob
NC_006461.1,1748822,1762081,13259,islandpath_dimob
NC_006461.1,1677039,1684184,7145,islandpath_dimob
NC_006461.1,979224,984893,5669,islandpath_dimob
NC_006461.1,1463282,1471921,8639,islandpath_dimob
NC_006461.1,435194,444271,9077,islandpath_dimob
NC_006461.1,869399,878367,8968,islandpath_dimob
NC_005835.1,1775460,1792446,16986,islandpath_dimob
NC_005835.1,1365272,1390913,25641,islandpath_dimob
NC_005835.1,654223,659893,5670,islandpath_dimob
NC_005835.1,1348331,1358767,10436,islandpath_dimob
NC_005835.1,556245,564035,7790,islandpath_dimob
NC_007404.1,2898348,2905890,7542,islandpath_dimob
NC_007404.1,2087565,2094329,6764,islandpath_dimob
NC_007404.1,2748504,2766595,18091,islandpath_dimob
NC_007404.1,1911396,1928708,17312,islandpath_dimob
NC_007404.1,1764007,1790529,26522,islandpath_dimob
NC_007404.1,1674329,1682288,7959,islandpath_dimob
NC_007404.1,1389975,1402243,12268,islandpath_dimob
NC_007404.1,1263410,1272174,8764,islandpath_dimob
NC_007404.1,977112,1007137,30025,islandpath_dimob
NC_010571.1,5095771,5102768,6997,islandpath_dimob
NC_010571.1,5335691,5342765,7074,islandpath_dimob
NC_010571.1,5663592,5676148,12556,islandpath_dimob
NC_007404.1,362970,389491,26521,islandpath_dimob
NC_010571.1,2945657,2970646,24989,islandpath_dimob
NC_010571.1,1278476,1304314,25838,islandpath_dimob
NC_010571.1,630226,662768,32542,islandpath_dimob
NC_007520.2,1794726,1802355,7629,islandpath_dimob
NC_007520.2,2286759,2296590,9831,islandpath_dimob
NC_007520.2,1519411,1545131,25720,islandpath_dimob
NC_007520.2,903799,925881,22082,islandpath_dimob
NC_007520.2,416071,430343,14272,islandpath_dimob
NC_007520.2,368340,387928,19588,islandpath_dimob
NC_007520.2,100815,118288,17473,islandpath_dimob
NC_009615.1,4714149,4735780,21631,islandpath_dimob
NC_009615.1,4682082,4709996,27914,islandpath_dimob
NC_009615.1,4571361,4578468,7107,islandpath_dimob
NC_009615.1,4000827,4011750,10923,islandpath_dimob
NC_009615.1,4284614,4303911,19297,islandpath_dimob
NC_009615.1,3902028,3943478,41450,islandpath_dimob
NC_009615.1,2996820,3008029,11209,islandpath_dimob
NC_009615.1,2652024,2669171,17147,islandpath_dimob
NC_009615.1,2591573,2624488,32915,islandpath_dimob
NC_009615.1,2505119,2549648,44529,islandpath_dimob
NC_009615.1,865336,886353,21017,islandpath_dimob
NC_009615.1,1039301,1045804,6503,islandpath_dimob
NC_009615.1,1449432,1463180,13748,islandpath_dimob
NC_009615.1,851080,861712,10632,islandpath_dimob
NC_009615.1,333775,344038,10263,islandpath_dimob
NC_007575.1,1793390,1817740,24350,islandpath_dimob
NC_007575.1,1698097,1715398,17301,islandpath_dimob
NC_007575.1,238651,263229,24578,islandpath_dimob
NC_009457.1,2502754,2522553,19799,islandpath_dimob
NC_009457.1,2301353,2319875,18522,islandpath_dimob
NC_009457.1,2097490,2107188,9698,islandpath_dimob
NC_009457.1,1486334,1496406,10072,islandpath_dimob
NC_002505.1,1933231,1943303,10072,islandpath_dimob
NC_009457.1,356825,405952,49127,islandpath_dimob
NC_002505.1,869816,915826,46010,islandpath_dimob
NC_002505.1,519301,552284,32983,islandpath_dimob
NC_002505.1,174143,189380,15237,islandpath_dimob
NC_002505.1,245146,264216,19070,islandpath_dimob
NC_005027.1,7078694,7087710,9016,islandpath_dimob
NC_005027.1,6329316,6362237,32921,islandpath_dimob
NC_005027.1,6256500,6282816,26316,islandpath_dimob
NC_005027.1,5333967,5339913,5946,islandpath_dimob
NC_005027.1,6125447,6130217,4770,islandpath_dimob
NC_005027.1,6131655,6155692,24037,islandpath_dimob
NC_005027.1,3951508,3956348,4840,islandpath_dimob
NC_005027.1,3556962,3563853,6891,islandpath_dimob
NC_005027.1,3149034,3155358,6324,islandpath_dimob
NC_005027.1,3232625,3237976,5351,islandpath_dimob
NC_005027.1,3077578,3087636,10058,islandpath_dimob
NC_005027.1,2464977,2477475,12498,islandpath_dimob
NC_005027.1,2233920,2240206,6286,islandpath_dimob
NC_005027.1,2104677,2116267,11590,islandpath_dimob
NC_005027.1,609664,613703,4039,islandpath_dimob
NC_005027.1,1287338,1304903,17565,islandpath_dimob
NC_005027.1,602346,608435,6089,islandpath_dimob
NC_005027.1,488758,509411,20653,islandpath_dimob
NC_005027.1,231337,237320,5983,islandpath_dimob
NC_005027.1,420625,434184,13559,islandpath_dimob
NC_005027.1,15463,21127,5664,islandpath_dimob
NC_008609.1,3125454,3135446,9992,islandpath_dimob
NC_008609.1,2558661,2594835,36174,islandpath_dimob
NC_008609.1,2281551,2287542,5991,islandpath_dimob
NC_008609.1,2478641,2484461,5820,islandpath_dimob
NC_008609.1,2055693,2072653,16960,islandpath_dimob
NC_008609.1,1446772,1454662,7890,islandpath_dimob
NC_008609.1,1978114,1983907,5793,islandpath_dimob
NC_008609.1,147573,157916,10343,islandpath_dimob
NC_008609.1,270284,282805,12521,islandpath_dimob
NC_008609.1,115771,130291,14520,islandpath_dimob
NC_009667.1,2766209,2782302,16093,islandpath_dimob
NC_009667.1,2593424,2598986,5562,islandpath_dimob
NC_009667.1,1938729,1951934,13205,islandpath_dimob
NC_009667.1,1377114,1390259,13145,islandpath_dimob
NC_009667.1,1571326,1641462,70136,islandpath_dimob
NC_009667.1,1205113,1225178,20065,islandpath_dimob
NC_007498.2,3560427,3566632,6205,islandpath_dimob
NC_007498.2,3544169,3557883,13714,islandpath_dimob
NC_007498.2,2932283,2949997,17714,islandpath_dimob
NC_007498.2,1618250,1627159,8909,islandpath_dimob
NC_007498.2,2643547,2649566,6019,islandpath_dimob
NC_007498.2,2849582,2860920,11338,islandpath_dimob
NC_007498.2,1153638,1166985,13347,islandpath_dimob
NC_007498.2,922866,957994,35128,islandpath_dimob
NC_007498.2,641791,654165,12374,islandpath_dimob
NC_006370.1,4014635,4020455,5820,islandpath_dimob
NC_007498.2,137640,171942,34302,islandpath_dimob
NC_006370.1,3783456,3788354,4898,islandpath_dimob
NC_006370.1,3129130,3140648,11518,islandpath_dimob
NC_006370.1,2270743,2278659,7916,islandpath_dimob
NC_006370.1,2082540,2107758,25218,islandpath_dimob
NC_006370.1,1687796,1693781,5985,islandpath_dimob
NC_006370.1,1789752,1815351,25599,islandpath_dimob
NC_006370.1,1494521,1501038,6517,islandpath_dimob
NC_006370.1,1512703,1534440,21737,islandpath_dimob
NC_006370.1,968594,985878,17284,islandpath_dimob
NC_000919.1,740459,757333,16874,islandpath_dimob
NC_006370.1,356936,371875,14939,islandpath_dimob
NC_008686.1,2057844,2101293,43449,islandpath_dimob
NC_008686.1,1965808,1980850,15042,islandpath_dimob
NC_008686.1,1588977,1605412,16435,islandpath_dimob
NC_008686.1,233732,238126,4394,islandpath_dimob
NC_008686.1,1179286,1196392,17106,islandpath_dimob
NC_009719.1,3614268,3715235,100967,islandpath_dimob
NC_009719.1,2525179,2551001,25822,islandpath_dimob
NC_009719.1,346293,370323,24030,islandpath_dimob
NC_002663.1,2174567,2190865,16298,islandpath_dimob
NC_005861.1,1870648,1880144,9496,islandpath_dimob
NC_005861.1,2312588,2321038,8450,islandpath_dimob
NC_002663.1,1994906,2008491,13585,islandpath_dimob
NC_005861.1,1522243,1533628,11385,islandpath_dimob
NC_005861.1,1212370,1225537,13167,islandpath_dimob
NC_005861.1,1176292,1196208,19916,islandpath_dimob
NC_005861.1,658749,667801,9052,islandpath_dimob
NC_010503.1,189063,208197,19134,islandpath_dimob
NC_007512.1,2091156,2100593,9437,islandpath_dimob
NC_007512.1,2065617,2089066,23449,islandpath_dimob
NC_007512.1,2041405,2059749,18344,islandpath_dimob
NC_007512.1,981379,992020,10641,islandpath_dimob
NC_002506.1,732615,740343,7728,islandpath_dimob
NC_002162.1,189018,208160,19142,islandpath_dimob
NC_002506.1,419373,433678,14305,islandpath_dimob
NC_002506.1,351088,369710,18622,islandpath_dimob
NC_002506.1,300467,334448,33981,islandpath_dimob
NC_002506.1,212004,222122,10118,islandpath_dimob
NC_008528.1,1407961,1431480,23519,islandpath_dimob
NC_008528.1,693646,699391,5745,islandpath_dimob
NC_008528.1,938639,945324,6685,islandpath_dimob
NC_008528.1,326469,348515,22046,islandpath_dimob
NC_008687.1,971628,988797,17169,islandpath_dimob
NC_008687.1,336263,344565,8302,islandpath_dimob
NC_008687.1,470021,497838,27817,islandpath_dimob
NC_008687.1,255143,271145,16002,islandpath_dimob
NC_007948.1,4673007,4681507,8500,islandpath_dimob
NC_008687.1,139815,151268,11453,islandpath_dimob
NC_007948.1,4533772,4575308,41536,islandpath_dimob
NC_007948.1,3954222,3967644,13422,islandpath_dimob
NC_007948.1,2004590,2024504,19914,islandpath_dimob
NC_007948.1,1984394,1999769,15375,islandpath_dimob
NC_007948.1,1581498,1587048,5550,islandpath_dimob
NC_007948.1,1348487,1364478,15991,islandpath_dimob
NC_007948.1,984413,988582,4169,islandpath_dimob
NC_008525.1,990259,1028212,37953,islandpath_dimob
NC_008525.1,780801,791827,11026,islandpath_dimob
NC_008525.1,552313,559785,7472,islandpath_dimob
NC_007948.1,381644,389475,7831,islandpath_dimob
NC_007948.1,720561,728552,7991,islandpath_dimob
NC_009454.1,2420097,2427622,7525,islandpath_dimob
NC_009454.1,2501346,2569618,68272,islandpath_dimob
NC_009454.1,2392492,2409089,16597,islandpath_dimob
NC_009454.1,2350542,2356069,5527,islandpath_dimob
NC_009454.1,2251324,2313862,62538,islandpath_dimob
NC_009454.1,2014863,2024213,9350,islandpath_dimob
NC_009454.1,1648503,1662326,13823,islandpath_dimob
NC_009454.1,1581422,1601427,20005,islandpath_dimob
NC_009454.1,720205,727964,7759,islandpath_dimob
NC_009454.1,362994,379282,16288,islandpath_dimob
NC_009454.1,163322,177760,14438,islandpath_dimob
NC_005303.1,781419,800134,18715,islandpath_dimob
NC_005303.1,638587,653389,14802,islandpath_dimob
NC_005303.1,381179,386744,5565,islandpath_dimob
NC_005303.1,613042,626754,13712,islandpath_dimob
NC_010003.1,1358396,1370935,12539,islandpath_dimob
NC_010003.1,727225,737402,10177,islandpath_dimob
NC_010003.1,1273184,1279941,6757,islandpath_dimob
NC_010003.1,1332387,1340714,8327,islandpath_dimob
NC_010003.1,675583,694535,18952,islandpath_dimob
NC_010003.1,449192,475397,26205,islandpath_dimob
NC_008781.1,4229134,4245779,16645,islandpath_dimob
NC_008781.1,4184382,4215495,31113,islandpath_dimob
NC_008781.1,3046215,3060713,14498,islandpath_dimob
NC_008781.1,3867096,3881372,14276,islandpath_dimob
NC_008781.1,2579464,2651208,71744,islandpath_dimob
NC_008781.1,1845660,1862179,16519,islandpath_dimob
NC_008781.1,435692,441178,5486,islandpath_dimob
NC_008781.1,618507,635624,17117,islandpath_dimob
NC_008781.1,660757,669189,8432,islandpath_dimob
NC_008781.1,1477188,1484097,6909,islandpath_dimob
NC_008781.1,399423,422730,23307,islandpath_dimob
NC_009783.1,3004083,3010000,5917,islandpath_dimob
NC_008781.1,373446,385932,12486,islandpath_dimob
NC_009783.1,2846474,2850350,3876,islandpath_dimob
NC_009783.1,2995841,3001709,5868,islandpath_dimob
NC_009783.1,2626509,2633798,7289,islandpath_dimob
NC_009783.1,2371645,2382574,10929,islandpath_dimob
NC_009783.1,1786456,1796699,10243,islandpath_dimob
NC_009783.1,1947426,1953045,5619,islandpath_dimob
NC_009783.1,2309477,2319210,9733,islandpath_dimob
NC_009783.1,1671724,1692359,20635,islandpath_dimob
NC_009783.1,1500887,1504558,3671,islandpath_dimob
NC_009783.1,1632735,1638982,6247,islandpath_dimob
NC_009783.1,1480514,1493277,12763,islandpath_dimob
NC_009783.1,1311165,1317608,6443,islandpath_dimob
NC_009783.1,828337,837772,9435,islandpath_dimob
NC_009783.1,676776,693614,16838,islandpath_dimob
NC_009783.1,303875,316042,12167,islandpath_dimob
NC_009783.1,521871,535177,13306,islandpath_dimob
NC_009783.1,185848,200917,15069,islandpath_dimob
NC_006371.1,1906311,1920662,14351,islandpath_dimob
NC_006371.1,1746383,1788140,41757,islandpath_dimob
NC_006371.1,1672295,1682526,10231,islandpath_dimob
NC_009784.1,1935279,1945843,10564,islandpath_dimob
NC_009784.1,2068517,2081267,12750,islandpath_dimob
NC_006371.1,107299,111947,4648,islandpath_dimob
NC_006371.1,493587,504027,10440,islandpath_dimob
NC_006371.1,616343,625632,9289,islandpath_dimob
NC_006371.1,1390241,1398987,8746,islandpath_dimob
NC_006371.1,1414194,1443440,29246,islandpath_dimob
NC_006371.1,1588682,1611392,22710,islandpath_dimob
NC_009784.1,1500111,1506079,5968,islandpath_dimob
NC_009784.1,1597450,1608928,11478,islandpath_dimob
NC_009784.1,1461650,1470015,8365,islandpath_dimob
NC_009784.1,1398537,1405698,7161,islandpath_dimob
NC_009784.1,1233482,1247532,14050,islandpath_dimob
NC_009784.1,1377542,1387249,9707,islandpath_dimob
NC_009784.1,851974,857902,5928,islandpath_dimob
NC_009784.1,1089521,1097694,8173,islandpath_dimob
NC_009784.1,664701,677553,12852,islandpath_dimob
NC_009784.1,301286,307915,6629,islandpath_dimob
NC_009784.1,647237,652230,4993,islandpath_dimob
NC_009784.1,258935,273703,14768,islandpath_dimob
NC_009784.1,8409,13780,5371,islandpath_dimob
NC_004603.1,3082360,3102514,20154,islandpath_dimob
NC_004603.1,2652369,2661992,9623,islandpath_dimob
NC_004603.1,2240007,2258690,18683,islandpath_dimob
NC_004603.1,1900888,1915658,14770,islandpath_dimob
NC_004603.1,1117611,1143497,25886,islandpath_dimob
NC_004603.1,667360,675321,7961,islandpath_dimob
NC_004603.1,375199,389224,14025,islandpath_dimob
NC_009456.1,1005832,1012882,7050,islandpath_dimob
NC_009456.1,914062,921430,7368,islandpath_dimob
NC_009456.1,802352,834712,32360,islandpath_dimob
NC_009840.1,399192,409663,10471,islandpath_dimob
NC_009456.1,484778,489507,4729,islandpath_dimob
NC_009456.1,791141,801535,10394,islandpath_dimob
NC_009656.1,4558441,4573631,15190,islandpath_dimob
NC_009656.1,5218137,5222052,3915,islandpath_dimob
NC_009656.1,6231219,6243214,11995,islandpath_dimob
NC_009656.1,6254316,6271128,16812,islandpath_dimob
NC_009656.1,3858976,3882648,23672,islandpath_dimob
NC_009656.1,3131708,3148308,16600,islandpath_dimob
NC_009656.1,2800084,2836090,36006,islandpath_dimob
NC_009656.1,2426109,2429551,3442,islandpath_dimob
NC_009656.1,2515940,2549781,33841,islandpath_dimob
NC_009656.1,478994,490078,11084,islandpath_dimob
NC_009656.1,681895,692458,10563,islandpath_dimob
NC_009656.1,122118,144224,22106,islandpath_dimob
NC_005877.1,869430,879858,10428,islandpath_dimob
NC_009656.1,72853,116388,43535,islandpath_dimob
NC_005877.1,384491,402423,17932,islandpath_dimob
NC_007492.1,6396156,6417950,21794,islandpath_dimob
NC_007492.1,4316595,4326618,10023,islandpath_dimob
NC_007492.1,3959911,3986747,26836,islandpath_dimob
NC_007492.1,3487378,3502629,15251,islandpath_dimob
NC_007492.1,3417245,3435830,18585,islandpath_dimob
NC_007492.1,3185832,3204941,19109,islandpath_dimob
NC_007492.1,2311467,2328092,16625,islandpath_dimob
NC_007492.1,860488,879594,19106,islandpath_dimob
NC_009379.1,1749116,1756327,7211,islandpath_dimob
NC_009379.1,1915705,1927104,11399,islandpath_dimob
NC_008820.1,2365811,2370727,4916,islandpath_dimob
NC_009379.1,1159392,1186194,26802,islandpath_dimob
NC_008820.1,1947990,1962425,14435,islandpath_dimob
NC_008820.1,298352,313607,15255,islandpath_dimob
NC_005071.1,2231778,2244945,13167,islandpath_dimob
NC_005071.1,1465464,1476199,10735,islandpath_dimob
NC_005071.1,263270,278052,14782,islandpath_dimob
NC_005071.1,327368,349996,22628,islandpath_dimob
NC_002516.2,1480218,1495489,15271,islandpath_dimob
NC_008816.1,372921,382911,9990,islandpath_dimob
NC_002516.2,783012,792990,9978,islandpath_dimob
NC_002516.2,1060513,1080012,19499,islandpath_dimob
NC_009720.1,4433438,4441865,8427,islandpath_dimob
NC_009720.1,5052536,5066598,14062,islandpath_dimob
NC_009720.1,4131947,4152591,20644,islandpath_dimob
NC_009720.1,4012433,4024495,12062,islandpath_dimob
NC_009720.1,4026965,4036063,9098,islandpath_dimob
NC_009720.1,3829430,3834680,5250,islandpath_dimob
NC_009720.1,3336189,3370311,34122,islandpath_dimob
NC_009720.1,3180245,3229207,48962,islandpath_dimob
NC_009720.1,2944717,2962778,18061,islandpath_dimob
NC_009720.1,2491210,2516473,25263,islandpath_dimob
NC_009720.1,810767,911800,101033,islandpath_dimob
NC_009720.1,764358,802778,38420,islandpath_dimob
NC_009720.1,649069,675500,26431,islandpath_dimob
NC_009720.1,602255,636297,34042,islandpath_dimob
NC_009720.1,584654,594445,9791,islandpath_dimob
NC_009720.1,259356,277237,17881,islandpath_dimob
NC_009720.1,159443,168431,8988,islandpath_dimob
NC_009720.1,221577,245881,24304,islandpath_dimob
NC_008027.1,3456014,3487818,31804,islandpath_dimob
NC_008027.1,2959422,2969223,9801,islandpath_dimob
NC_008027.1,2337760,2346015,8255,islandpath_dimob
NC_008027.1,2046029,2065758,19729,islandpath_dimob
NC_008027.1,1847040,1860780,13740,islandpath_dimob
NC_008027.1,659433,672721,13288,islandpath_dimob
NC_004459.2,3260212,3265839,5627,islandpath_dimob
NC_004459.2,2541891,2570615,28724,islandpath_dimob
NC_004459.2,2574210,2583050,8840,islandpath_dimob
NC_004459.2,2503361,2535082,31721,islandpath_dimob
NC_004459.2,2474146,2499842,25696,islandpath_dimob
NC_004459.2,2437729,2469237,31508,islandpath_dimob
NC_004459.2,2014517,2043940,29423,islandpath_dimob
NC_004459.2,1674952,1692325,17373,islandpath_dimob
NC_005042.1,570129,587413,17284,islandpath_dimob
NC_004459.2,353686,396367,42681,islandpath_dimob
NC_009512.1,4632892,4643476,10584,islandpath_dimob
NC_009512.1,5655281,5677034,21753,islandpath_dimob
NC_009512.1,4601484,4629459,27975,islandpath_dimob
NC_009512.1,474368,485875,11507,islandpath_dimob
NC_009512.1,1536250,1543670,7420,islandpath_dimob
NC_009512.1,3778241,3789301,11060,islandpath_dimob
NC_009512.1,4397985,4406950,8965,islandpath_dimob
NC_009512.1,3062,21825,18763,islandpath_dimob
NC_007577.1,1055546,1069846,14300,islandpath_dimob
NC_007577.1,356684,368078,11394,islandpath_dimob
NC_010322.1,6045373,6068716,23343,islandpath_dimob
NC_010322.1,5351230,5392552,41322,islandpath_dimob
NC_010322.1,5300976,5321138,20162,islandpath_dimob
NC_010322.1,4630076,4676314,46238,islandpath_dimob
NC_010322.1,4232126,4252315,20189,islandpath_dimob
NC_010322.1,3856199,3871148,14949,islandpath_dimob
NC_010322.1,3879960,3889699,9739,islandpath_dimob
NC_010322.1,3323054,3353255,30201,islandpath_dimob
NC_010322.1,1824221,1861648,37427,islandpath_dimob
NC_010322.1,770671,779192,8521,islandpath_dimob
NC_010322.1,589425,607977,18552,islandpath_dimob
NC_010322.1,2725,22607,19882,islandpath_dimob
NC_004129.6,5728657,5747337,18680,islandpath_dimob
NC_004129.6,5491834,5506798,14964,islandpath_dimob
NC_004129.6,4373058,4394818,21760,islandpath_dimob
NC_004129.6,3459381,3481647,22266,islandpath_dimob
NC_007508.1,3891684,3901022,9338,islandpath_dimob
NC_007508.1,4483603,4490703,7100,islandpath_dimob
NC_007508.1,3861260,3884131,22871,islandpath_dimob
NC_007508.1,3840487,3849345,8858,islandpath_dimob
NC_007508.1,3189439,3209859,20420,islandpath_dimob
NC_007508.1,3069821,3087913,18092,islandpath_dimob
NC_007508.1,3036632,3046967,10335,islandpath_dimob
NC_007508.1,2795525,2800697,5172,islandpath_dimob
NC_007508.1,2945665,2954338,8673,islandpath_dimob
NC_007508.1,2676278,2694677,18399,islandpath_dimob
NC_007508.1,2643379,2671617,28238,islandpath_dimob
NC_007508.1,2623583,2637643,14060,islandpath_dimob
NC_007508.1,2549405,2553479,4074,islandpath_dimob
NC_007508.1,2593729,2601910,8181,islandpath_dimob
NC_007508.1,2480497,2501018,20521,islandpath_dimob
NC_007508.1,2235848,2246268,10420,islandpath_dimob
NC_007508.1,1451855,1465329,13474,islandpath_dimob
NC_007508.1,1747938,1754131,6193,islandpath_dimob
NC_007508.1,2075351,2088849,13498,islandpath_dimob
NC_007508.1,1224800,1235335,10535,islandpath_dimob
NC_007508.1,1243603,1260628,17025,islandpath_dimob
NC_007508.1,150386,159827,9441,islandpath_dimob
NC_007508.1,232940,279207,46267,islandpath_dimob
NC_007508.1,70082,81703,11621,islandpath_dimob
NC_004605.1,1388536,1423612,35076,islandpath_dimob
NC_004605.1,1432969,1471560,38591,islandpath_dimob
NC_004605.1,1325206,1345034,19828,islandpath_dimob
NC_008463.1,5301173,5308773,7600,islandpath_dimob
NC_004605.1,422266,445953,23687,islandpath_dimob
NC_008463.1,4584993,4588146,3153,islandpath_dimob
NC_008463.1,4748023,4760960,12937,islandpath_dimob
NC_008463.1,4345190,4360276,15086,islandpath_dimob
NC_008463.1,3180518,3188081,7563,islandpath_dimob
NC_008463.1,2679712,2717738,38026,islandpath_dimob
NC_008463.1,2474142,2480271,6129,islandpath_dimob
NC_008463.1,1917630,1944257,26627,islandpath_dimob
NC_005139.1,2822694,2832406,9712,islandpath_dimob
NC_008463.1,1192620,1198694,6074,islandpath_dimob
NC_008463.1,1306413,1315985,9572,islandpath_dimob
NC_005139.1,2247491,2263318,15827,islandpath_dimob
NC_005139.1,2219067,2241788,22721,islandpath_dimob
NC_005139.1,1905467,1931315,25848,islandpath_dimob
NC_005139.1,1877487,1884773,7286,islandpath_dimob
NC_005139.1,1824439,1847054,22615,islandpath_dimob
NC_005139.1,1856723,1870009,13286,islandpath_dimob
NC_005139.1,1788224,1819854,31630,islandpath_dimob
NC_005139.1,813042,824519,11477,islandpath_dimob
NC_005139.1,159264,163403,4139,islandpath_dimob
NC_009439.1,4919837,4931692,11855,islandpath_dimob
NC_009439.1,4659929,4684177,24248,islandpath_dimob
NC_009439.1,4508540,4514900,6360,islandpath_dimob
NC_009439.1,3783970,3791927,7957,islandpath_dimob
NC_009439.1,3401126,3410769,9643,islandpath_dimob
NC_009439.1,2475281,2488413,13132,islandpath_dimob
NC_009439.1,2338360,2351013,12653,islandpath_dimob
NC_009439.1,2053569,2061883,8314,islandpath_dimob
NC_009439.1,1707194,1714284,7090,islandpath_dimob
NC_009439.1,1179846,1195440,15594,islandpath_dimob
NC_009439.1,867357,875634,8277,islandpath_dimob
NC_007086.1,5063354,5079329,15975,islandpath_dimob
NC_009439.1,447984,476462,28478,islandpath_dimob
NC_007086.1,4469789,4498615,28826,islandpath_dimob
NC_007086.1,4297390,4321587,24197,islandpath_dimob
NC_007086.1,3340637,3358515,17878,islandpath_dimob
NC_007086.1,3122997,3180600,57603,islandpath_dimob
NC_007086.1,2900968,2960414,59446,islandpath_dimob
NC_007086.1,2483262,2511494,28232,islandpath_dimob
NC_007086.1,1228958,1253819,24861,islandpath_dimob
NC_007086.1,1041488,1049098,7610,islandpath_dimob
NC_003919.1,4622218,4653164,30946,islandpath_dimob
NC_003919.1,3906533,3915218,8685,islandpath_dimob
NC_003919.1,3804469,3811352,6883,islandpath_dimob
NC_003919.1,3832962,3877600,44638,islandpath_dimob
NC_003919.1,3396139,3411974,15835,islandpath_dimob
NC_003919.1,3118586,3125086,6500,islandpath_dimob
NC_003919.1,3384166,3391842,7676,islandpath_dimob
NC_003919.1,3068752,3099716,30964,islandpath_dimob
NC_003919.1,2827077,2847007,19930,islandpath_dimob
NC_003919.1,2565778,2614996,49218,islandpath_dimob
NC_003919.1,2243874,2252665,8791,islandpath_dimob
NC_003919.1,1251959,1262202,10243,islandpath_dimob
NC_003919.1,1721948,1753307,31359,islandpath_dimob
NC_003919.1,103087,109222,6135,islandpath_dimob
NC_003919.1,1208135,1234898,26763,islandpath_dimob
NC_006834.1,4895562,4907288,11726,islandpath_dimob
NC_006834.1,4548072,4556759,8687,islandpath_dimob
NC_006834.1,4526777,4537184,10407,islandpath_dimob
NC_006834.1,4368264,4378290,10026,islandpath_dimob
NC_006834.1,3827389,3868323,40934,islandpath_dimob
NC_006834.1,3723374,3752952,29578,islandpath_dimob
NC_006834.1,3517762,3524704,6942,islandpath_dimob
NC_006834.1,3421951,3430518,8567,islandpath_dimob
NC_006834.1,3216036,3252751,36715,islandpath_dimob
NC_006834.1,3002283,3028057,25774,islandpath_dimob
NC_006834.1,2522144,2540820,18676,islandpath_dimob
NC_006834.1,2387489,2416222,28733,islandpath_dimob
NC_006834.1,1604285,1617130,12845,islandpath_dimob
NC_006834.1,2218071,2242322,24251,islandpath_dimob
NC_006834.1,1524032,1533340,9308,islandpath_dimob
NC_006834.1,1260737,1271213,10476,islandpath_dimob
NC_006834.1,1420597,1433994,13397,islandpath_dimob
NC_006834.1,1046884,1057405,10521,islandpath_dimob
NC_006834.1,888318,901572,13254,islandpath_dimob
NC_006834.1,788727,806716,17989,islandpath_dimob
NC_006834.1,585067,593306,8239,islandpath_dimob
NC_006834.1,621397,639855,18458,islandpath_dimob
NC_006834.1,49350,66502,17152,islandpath_dimob
NC_007705.1,4764376,4782335,17959,islandpath_dimob
NC_007705.1,4515725,4531082,15357,islandpath_dimob
NC_007705.1,4220940,4235092,14152,islandpath_dimob
NC_007705.1,4361465,4370137,8672,islandpath_dimob
NC_007705.1,3826193,3867631,41438,islandpath_dimob
NC_007705.1,3586566,3590996,4430,islandpath_dimob
NC_007705.1,3707105,3734841,27736,islandpath_dimob
NC_007705.1,3428089,3445188,17099,islandpath_dimob
NC_007705.1,3347000,3362321,15321,islandpath_dimob
NC_007705.1,3393863,3402205,8342,islandpath_dimob
NC_007705.1,3209766,3251712,41946,islandpath_dimob
NC_007705.1,3007942,3019184,11242,islandpath_dimob
NC_007705.1,3179193,3201218,22025,islandpath_dimob
NC_007705.1,2977527,3006418,28891,islandpath_dimob
NC_007705.1,2501990,2518936,16946,islandpath_dimob
NC_007705.1,2374302,2402498,28196,islandpath_dimob
NC_007705.1,2197053,2221221,24168,islandpath_dimob
NC_007705.1,1461046,1479068,18022,islandpath_dimob
NC_007705.1,1394675,1407632,12957,islandpath_dimob
NC_007705.1,1226832,1249137,22305,islandpath_dimob
NC_007705.1,1013505,1024714,11209,islandpath_dimob
NC_007705.1,858446,871168,12722,islandpath_dimob
NC_007705.1,762025,775812,13787,islandpath_dimob
NC_007705.1,610937,617169,6232,islandpath_dimob
NC_007705.1,572944,583180,10236,islandpath_dimob
NC_007705.1,479528,491997,12469,islandpath_dimob
NC_007705.1,110556,123854,13298,islandpath_dimob
NC_009434.1,3900090,3910078,9988,islandpath_dimob
NC_009434.1,3694580,3706643,12063,islandpath_dimob
NC_009434.1,3707592,3754757,47165,islandpath_dimob
NC_009434.1,3654359,3678952,24593,islandpath_dimob
NC_009434.1,3617577,3630081,12504,islandpath_dimob
NC_009434.1,3483485,3498599,15114,islandpath_dimob
NC_009434.1,1592503,1599375,6872,islandpath_dimob
NC_009434.1,3433209,3452652,19443,islandpath_dimob
NC_009434.1,1158139,1167496,9357,islandpath_dimob
NC_009434.1,800279,813631,13352,islandpath_dimob
NC_009434.1,755223,767391,12168,islandpath_dimob
NC_009434.1,655454,739345,83891,islandpath_dimob
NC_004460.1,743598,749857,6259,islandpath_dimob
NC_004460.1,1245644,1254666,9022,islandpath_dimob
NC_004460.1,702007,739884,37877,islandpath_dimob
NC_004460.1,672376,684830,12454,islandpath_dimob
NC_004460.1,449780,471286,21506,islandpath_dimob
NC_002947.3,6156551,6179625,23074,islandpath_dimob
NC_002947.3,5038453,5052511,14058,islandpath_dimob
NC_002947.3,5063705,5081536,17831,islandpath_dimob
NC_002947.3,4998314,5028918,30604,islandpath_dimob
NC_002947.3,4492117,4502330,10213,islandpath_dimob
NC_002947.3,4475933,4482977,7044,islandpath_dimob
NC_002947.3,4406546,4419125,12579,islandpath_dimob
NC_002947.3,4171243,4232789,61546,islandpath_dimob
NC_002947.3,3365330,3372544,7214,islandpath_dimob
NC_002947.3,2961231,2969681,8450,islandpath_dimob
NC_002947.3,2844720,2850092,5372,islandpath_dimob
NC_002947.3,2623407,2635404,11997,islandpath_dimob
NC_002947.3,2211866,2230666,18800,islandpath_dimob
NC_002947.3,2160260,2207742,47482,islandpath_dimob
NC_002947.3,743596,761537,17941,islandpath_dimob
NC_002947.3,8397,26801,18404,islandpath_dimob
NC_005090.1,1925181,1934430,9249,islandpath_dimob
NC_005090.1,1818323,1834764,16441,islandpath_dimob
NC_005090.1,1302339,1313325,10986,islandpath_dimob
NC_005090.1,869744,877799,8055,islandpath_dimob
NC_005090.1,1038691,1067167,28476,islandpath_dimob
NC_007481.1,2490339,2510095,19756,islandpath_dimob
NC_007481.1,2192089,2231293,39204,islandpath_dimob
NC_007481.1,1589779,1594747,4968,islandpath_dimob
NC_007481.1,421985,434182,12197,islandpath_dimob
NC_007005.1,5508667,5517946,9279,islandpath_dimob
NC_007005.1,4522205,4554104,31899,islandpath_dimob
NC_007005.1,3958098,3969594,11496,islandpath_dimob
NC_007005.1,3418796,3426731,7935,islandpath_dimob
NC_007005.1,3405489,3413090,7601,islandpath_dimob
NC_007005.1,3203776,3243230,39454,islandpath_dimob
NC_007005.1,1643630,1675573,31943,islandpath_dimob
NC_007005.1,842578,857875,15297,islandpath_dimob
NC_007005.1,1603566,1619571,16005,islandpath_dimob
NC_007005.1,102361,126359,23998,islandpath_dimob
NC_010501.1,5735452,5753604,18152,islandpath_dimob
NC_010501.1,4386485,4394891,8406,islandpath_dimob
NC_010501.1,4990422,5011043,20621,islandpath_dimob
NC_010501.1,3992949,4009097,16148,islandpath_dimob
NC_010501.1,2603332,2611151,7819,islandpath_dimob
NC_010501.1,2613636,2619106,5470,islandpath_dimob
NC_010501.1,2805870,2840241,34371,islandpath_dimob
NC_010501.1,2515543,2532862,17319,islandpath_dimob
NC_010501.1,911510,935662,24152,islandpath_dimob
NC_010501.1,745878,761442,15564,islandpath_dimob
NC_010501.1,3081,21845,18764,islandpath_dimob
NC_004578.1,6092960,6109113,16153,islandpath_dimob
NC_004578.1,6074827,6083984,9157,islandpath_dimob
NC_004578.1,5922182,5936456,14274,islandpath_dimob
NC_004578.1,5399781,5410536,10755,islandpath_dimob
NC_004578.1,5342751,5396701,53950,islandpath_dimob
NC_004578.1,5329495,5338131,8636,islandpath_dimob
NC_004578.1,5272223,5310283,38060,islandpath_dimob
NC_004578.1,5195601,5228768,33167,islandpath_dimob
NC_004578.1,5050154,5061975,11821,islandpath_dimob
NC_004578.1,4869673,4880729,11056,islandpath_dimob
NC_004578.1,4943788,4955784,11996,islandpath_dimob
NC_004578.1,4798233,4816420,18187,islandpath_dimob
NC_004578.1,4517031,4527565,10534,islandpath_dimob
NC_004578.1,4440168,4454330,14162,islandpath_dimob
NC_004578.1,3823859,3833702,9843,islandpath_dimob
NC_004578.1,3609072,3650250,41178,islandpath_dimob
NC_004578.1,3195189,3219616,24427,islandpath_dimob
NC_004578.1,2674612,2689502,14890,islandpath_dimob
NC_004578.1,2637519,2646196,8677,islandpath_dimob
NC_004578.1,1194524,1212802,18278,islandpath_dimob
NC_004578.1,2450057,2481192,31135,islandpath_dimob
NC_004578.1,574045,586021,11976,islandpath_dimob
NC_004578.1,639401,648244,8843,islandpath_dimob
NC_004578.1,317789,323853,6064,islandpath_dimob
NC_004578.1,217453,235525,18072,islandpath_dimob
NC_004578.1,20741,44310,23569,islandpath_dimob
NC_004578.1,3039,18863,15824,islandpath_dimob
NC_002978.6,599455,635554,36099,islandpath_dimob
NC_002978.6,488400,514650,26250,islandpath_dimob
NC_002978.6,262919,283525,20606,islandpath_dimob
NC_002978.6,45770,52043,6273,islandpath_dimob
NC_002978.6,237751,253018,15267,islandpath_dimob
NC_006085.1,2276028,2282435,6407,islandpath_dimob
NC_006085.1,922028,951233,29205,islandpath_dimob
NC_009337.1,743117,755386,12269,islandpath_dimob
NC_009337.1,161211,172587,11376,islandpath_dimob
NC_009337.1,701062,725242,24180,islandpath_dimob
NC_009337.1,128661,139491,10830,islandpath_dimob
NC_009337.1,76504,106048,29544,islandpath_dimob
NC_008268.1,7768655,7775909,7254,islandpath_dimob
NC_008268.1,7580901,7592268,11367,islandpath_dimob
NC_008268.1,7728633,7736171,7538,islandpath_dimob
NC_008268.1,7070736,7078376,7640,islandpath_dimob
NC_008268.1,7484815,7525780,40965,islandpath_dimob
NC_008268.1,6740749,6748647,7898,islandpath_dimob
NC_008268.1,7053905,7066595,12690,islandpath_dimob
NC_008268.1,5564373,5570772,6399,islandpath_dimob
NC_008268.1,3423888,3432067,8179,islandpath_dimob
NC_008268.1,3435990,3454811,18821,islandpath_dimob
NC_008268.1,3355618,3376747,21129,islandpath_dimob
NC_008268.1,3281877,3291516,9639,islandpath_dimob
NC_008268.1,3341137,3351929,10792,islandpath_dimob
NC_008268.1,3169051,3179505,10454,islandpath_dimob
NC_008268.1,3251255,3275958,24703,islandpath_dimob
NC_008268.1,2910103,2921130,11027,islandpath_dimob
NC_008268.1,2211678,2217660,5982,islandpath_dimob
NC_008268.1,797110,809843,12733,islandpath_dimob
NC_008268.1,1752668,1775522,22854,islandpath_dimob
NC_008268.1,735049,752621,17572,islandpath_dimob
NC_008268.1,676432,684028,7596,islandpath_dimob
NC_008268.1,536993,548618,11625,islandpath_dimob
NC_008268.1,572304,593866,21562,islandpath_dimob
NC_008268.1,381867,389866,7999,islandpath_dimob
NC_008268.1,113149,125981,12832,islandpath_dimob
NC_007482.1,611046,628829,17783,islandpath_dimob
NC_007482.1,256713,269456,12743,islandpath_dimob
NC_008709.1,3821584,3838198,16614,islandpath_dimob
NC_008709.1,3623602,3638920,15318,islandpath_dimob
NC_008709.1,3016667,3023323,6656,islandpath_dimob
NC_008709.1,2895981,2942323,46342,islandpath_dimob
NC_008709.1,1987142,1997551,10409,islandpath_dimob
NC_008709.1,1902500,1914169,11669,islandpath_dimob
NC_008709.1,977598,988891,11293,islandpath_dimob
NC_008709.1,16156,22963,6807,islandpath_dimob
NC_008709.1,302809,330783,27974,islandpath_dimob
NC_008709.1,513326,525708,12382,islandpath_dimob
NC_007973.1,3245220,3262584,17364,islandpath_dimob
NC_007973.1,3400733,3406530,5797,islandpath_dimob
NC_007973.1,3623194,3646802,23608,islandpath_dimob
NC_007973.1,3077715,3105634,27919,islandpath_dimob
NC_007973.1,2611675,2619227,7552,islandpath_dimob
NC_007973.1,2769981,2787460,17479,islandpath_dimob
NC_007973.1,2589414,2609954,20540,islandpath_dimob
NC_007973.1,2351526,2382693,31167,islandpath_dimob
NC_007973.1,2167506,2185815,18309,islandpath_dimob
NC_007973.1,2156038,2165957,9919,islandpath_dimob
NC_007973.1,1889915,1900624,10709,islandpath_dimob
NC_007973.1,1790276,1803919,13643,islandpath_dimob
NC_007973.1,1620015,1631142,11127,islandpath_dimob
NC_007973.1,1587874,1616368,28494,islandpath_dimob
NC_007973.1,1401180,1433825,32645,islandpath_dimob
NC_007973.1,505737,513483,7746,islandpath_dimob
NC_007969.1,2214193,2221516,7323,islandpath_dimob
NC_007969.1,2880692,2918371,37679,islandpath_dimob
NC_007969.1,1967118,1988082,20964,islandpath_dimob
NC_007969.1,1652244,1681073,28829,islandpath_dimob
NC_007969.1,1637249,1644086,6837,islandpath_dimob
NC_007969.1,1075213,1149375,74162,islandpath_dimob
NC_007969.1,723135,754762,31627,islandpath_dimob
NC_008313.1,1996137,2007302,11165,islandpath_dimob
NC_008313.1,2687223,2709852,22629,islandpath_dimob
NC_008313.1,965025,974906,9881,islandpath_dimob
NC_008313.1,890929,904790,13861,islandpath_dimob
NC_009524.1,1820717,1826870,6153,islandpath_dimob
NC_009524.1,2405292,2430067,24775,islandpath_dimob
NC_009524.1,1799366,1808223,8857,islandpath_dimob
NC_009524.1,1645169,1680208,35039,islandpath_dimob
NC_009524.1,1374017,1384182,10165,islandpath_dimob
NC_009524.1,1307949,1333106,25157,islandpath_dimob
NC_009524.1,1254205,1277043,22838,islandpath_dimob
NC_009524.1,1215181,1238483,23302,islandpath_dimob
NC_009524.1,864733,873578,8845,islandpath_dimob
NC_009524.1,308231,319434,11203,islandpath_dimob
NC_009524.1,843371,858570,15199,islandpath_dimob
NC_007347.1,2417745,2434150,16405,islandpath_dimob
NC_007347.1,3618693,3629252,10559,islandpath_dimob
NC_009524.1,223321,232726,9405,islandpath_dimob
NC_009524.1,266107,292751,26644,islandpath_dimob
NC_007347.1,573562,584916,11354,islandpath_dimob
NC_007347.1,3726,24998,21272,islandpath_dimob
NC_003295.1,1818878,1833372,14494,islandpath_dimob
NC_003295.1,2111733,2125720,13987,islandpath_dimob
NC_003295.1,3429949,3439468,9519,islandpath_dimob
NC_003295.1,1538427,1542935,4508,islandpath_dimob
NC_003295.1,1592504,1605754,13250,islandpath_dimob
NC_003295.1,1002770,1018473,15703,islandpath_dimob
NC_003295.1,860216,876751,16535,islandpath_dimob
NC_003295.1,266545,285119,18574,islandpath_dimob
NC_008314.1,2688819,2712109,23290,islandpath_dimob
NC_008314.1,490910,502696,11786,islandpath_dimob
NC_008314.1,506403,534098,27695,islandpath_dimob
NC_007348.1,2108096,2135637,27541,islandpath_dimob
NC_008380.1,2449372,2455585,6213,islandpath_dimob
NC_008380.1,4966590,4982857,16267,islandpath_dimob
NC_008380.1,2288144,2299976,11832,islandpath_dimob
NC_008380.1,2233156,2269397,36241,islandpath_dimob
NC_008380.1,1963058,2002976,39918,islandpath_dimob
NC_008380.1,901614,908837,7223,islandpath_dimob
NC_008380.1,851459,899514,48055,islandpath_dimob
NC_010168.1,2963624,2970760,7136,islandpath_dimob
NC_010168.1,3012109,3018393,6284,islandpath_dimob
NC_008380.1,492347,506988,14641,islandpath_dimob
NC_010168.1,2559943,2567973,8030,islandpath_dimob
NC_010168.1,2494210,2506773,12563,islandpath_dimob
NC_010168.1,2198907,2202653,3746,islandpath_dimob
NC_010168.1,2299853,2305408,5555,islandpath_dimob
NC_010168.1,2343865,2357261,13396,islandpath_dimob
NC_010168.1,1874428,1880258,5830,islandpath_dimob
NC_010168.1,1922346,1951909,29563,islandpath_dimob
NC_010168.1,1474172,1484679,10507,islandpath_dimob
NC_010168.1,1430900,1435741,4841,islandpath_dimob
NC_010168.1,1397877,1408420,10543,islandpath_dimob
NC_010168.1,1165802,1169998,4196,islandpath_dimob
NC_010168.1,1375017,1382096,7079,islandpath_dimob
NC_010168.1,936431,950900,14469,islandpath_dimob
NC_010168.1,1142211,1150390,8179,islandpath_dimob
NC_010168.1,829497,836465,6968,islandpath_dimob
NC_010168.1,708441,716488,8047,islandpath_dimob
NC_010168.1,508271,516058,7787,islandpath_dimob
NC_010168.1,551593,563969,12376,islandpath_dimob
NC_010168.1,621712,632374,10662,islandpath_dimob
NC_010168.1,370449,377600,7151,islandpath_dimob
NC_010168.1,492115,497433,5318,islandpath_dimob
NC_010168.1,107480,115546,8066,islandpath_dimob
NC_000868.1,387987,402344,14357,islandpath_dimob
NC_000868.1,791043,796432,5389,islandpath_dimob
NC_009073.1,1787744,1794705,6961,islandpath_dimob
NC_007974.1,2140034,2175209,35175,islandpath_dimob
NC_007974.1,2054704,2135708,81004,islandpath_dimob
NC_007974.1,157297,164702,7405,islandpath_dimob
NC_008701.1,1788513,1800982,12469,islandpath_dimob
NC_008701.1,1395324,1402368,7044,islandpath_dimob
NC_008701.1,1667994,1675751,7757,islandpath_dimob
NC_008701.1,1342714,1359078,16364,islandpath_dimob
NC_008701.1,1317982,1326401,8419,islandpath_dimob
NC_008701.1,1271487,1286278,14791,islandpath_dimob
NC_008701.1,1155441,1164314,8873,islandpath_dimob
NC_007204.1,2187432,2197223,9791,islandpath_dimob
NC_008701.1,230368,243580,13212,islandpath_dimob
NC_007204.1,1178979,1198671,19692,islandpath_dimob
NC_007204.1,1655019,1677429,22410,islandpath_dimob
NC_007204.1,1047081,1058830,11749,islandpath_dimob
NC_007204.1,14996,24554,9558,islandpath_dimob
NC_007204.1,516806,526062,9256,islandpath_dimob
NC_007204.1,756847,795784,38937,islandpath_dimob
NC_009428.1,2156745,2165852,9107,islandpath_dimob
NC_009428.1,1857250,1869319,12069,islandpath_dimob
NC_009428.1,1840695,1848108,7413,islandpath_dimob
NC_009428.1,839118,848902,9784,islandpath_dimob
NC_009428.1,1302674,1316120,13446,islandpath_dimob
NC_009428.1,1444850,1458655,13805,islandpath_dimob
NC_009428.1,807580,821716,14136,islandpath_dimob
NC_009428.1,750041,789577,39536,islandpath_dimob
NC_009428.1,730081,743932,13851,islandpath_dimob
NC_009428.1,305315,312629,7314,islandpath_dimob
NC_009428.1,161525,171323,9798,islandpath_dimob
NC_009428.1,136934,154907,17973,islandpath_dimob
NC_009428.1,109522,117083,7561,islandpath_dimob
NC_007761.1,3048283,3069335,21052,islandpath_dimob
NC_007761.1,2046568,2112905,66337,islandpath_dimob
NC_007761.1,785919,815840,29921,islandpath_dimob
NC_007761.1,246037,265285,19248,islandpath_dimob
NC_003364.1,2116051,2128830,12779,islandpath_dimob
NC_007493.1,2343421,2355185,11764,islandpath_dimob
NC_003364.1,1902925,1917497,14572,islandpath_dimob
NC_007493.1,1920763,1945898,25135,islandpath_dimob
NC_007493.1,1849677,1862717,13040,islandpath_dimob
NC_007493.1,1676870,1706530,29660,islandpath_dimob
NC_007493.1,971386,989156,17770,islandpath_dimob
NC_007493.1,632780,649084,16304,islandpath_dimob
NC_000961.1,365272,375697,10425,islandpath_dimob
NC_000961.1,1061483,1066943,5460,islandpath_dimob
NC_007493.1,215067,229655,14588,islandpath_dimob
NC_009049.1,2388808,2406759,17951,islandpath_dimob
NC_009049.1,2136783,2157341,20558,islandpath_dimob
NC_009049.1,623663,638683,15020,islandpath_dimob
NC_009049.1,1937185,1977711,40526,islandpath_dimob
NC_003413.1,909057,915828,6771,islandpath_dimob
NC_003413.1,1833103,1842158,9055,islandpath_dimob
NC_003413.1,766356,789585,23229,islandpath_dimob
NC_003413.1,753020,757328,4308,islandpath_dimob
NC_002488.3,1638946,1705778,66832,islandpath_dimob
NC_002488.3,600877,616466,15589,islandpath_dimob
NC_010577.1,1188771,1207841,19070,islandpath_dimob
NC_010513.1,1738747,1752864,14117,islandpath_dimob
NC_010513.1,969530,991095,21565,islandpath_dimob
NC_007925.1,4508167,4518621,10454,islandpath_dimob
NC_007925.1,4060635,4077870,17235,islandpath_dimob
NC_007925.1,4357953,4393757,35804,islandpath_dimob
NC_007925.1,3317714,3385850,68136,islandpath_dimob
NC_007925.1,1090686,1102316,11630,islandpath_dimob
NC_007925.1,853679,866323,12644,islandpath_dimob
NC_007925.1,701738,710524,8786,islandpath_dimob
NC_007925.1,789059,801364,12305,islandpath_dimob
NC_007925.1,134177,163330,29153,islandpath_dimob
NC_007958.1,4369058,4389856,20798,islandpath_dimob
NC_007958.1,4049364,4091073,41709,islandpath_dimob
NC_007958.1,2538804,2557171,18367,islandpath_dimob
NC_007958.1,928925,933618,4693,islandpath_dimob
NC_007958.1,2363594,2438933,75339,islandpath_dimob
NC_007958.1,831935,853884,21949,islandpath_dimob
NC_007958.1,27805,49802,21997,islandpath_dimob
NC_007778.1,5105697,5118158,12461,islandpath_dimob
NC_007778.1,3972612,3989785,17173,islandpath_dimob
NC_007778.1,3779834,3807596,27762,islandpath_dimob
NC_007778.1,3467312,3505351,38039,islandpath_dimob
NC_007778.1,2882453,2914742,32289,islandpath_dimob
NC_007778.1,1839424,1874223,34799,islandpath_dimob
NC_007778.1,1057231,1074576,17345,islandpath_dimob
NC_009523.1,5113102,5123434,10332,islandpath_dimob
NC_009523.1,4451800,4458415,6615,islandpath_dimob
NC_009523.1,2127680,2143358,15678,islandpath_dimob
NC_009523.1,3923861,3934514,10653,islandpath_dimob
NC_009523.1,4228717,4271042,42325,islandpath_dimob
NC_009523.1,1792378,1807016,14638,islandpath_dimob
NC_009523.1,1031844,1047517,15673,islandpath_dimob
NC_009523.1,903523,921856,18333,islandpath_dimob
NC_009523.1,376621,394231,17610,islandpath_dimob
NC_009523.1,781942,795544,13602,islandpath_dimob
NC_009523.1,115647,124669,9022,islandpath_dimob
NC_007494.1,723947,737157,13210,islandpath_dimob
NC_007494.1,620593,635979,15386,islandpath_dimob
NC_007494.1,31225,47048,15823,islandpath_dimob
NC_005296.1,5115658,5130197,14539,islandpath_dimob
NC_005296.1,3372218,3380194,7976,islandpath_dimob
NC_005296.1,4034099,4048295,14196,islandpath_dimob
NC_005296.1,2119814,2145038,25224,islandpath_dimob
NC_005296.1,850515,859066,8551,islandpath_dimob
NC_005296.1,1403337,1414740,11403,islandpath_dimob
NC_008435.1,4418076,4425692,7616,islandpath_dimob
NC_008435.1,2678847,2758286,79439,islandpath_dimob
NC_008435.1,2651952,2674904,22952,islandpath_dimob
NC_008435.1,2372063,2415146,43083,islandpath_dimob
NC_008435.1,1753365,1762155,8790,islandpath_dimob
NC_008435.1,1254883,1276397,21514,islandpath_dimob
NC_008435.1,1135499,1158511,23012,islandpath_dimob
NC_008435.1,607067,622481,15414,islandpath_dimob
NC_008435.1,576739,584554,7815,islandpath_dimob
NC_007643.1,4283768,4293281,9513,islandpath_dimob
NC_007643.1,3804260,3829933,25673,islandpath_dimob
NC_007643.1,3030549,3045580,15031,islandpath_dimob
NC_007643.1,973941,981179,7238,islandpath_dimob
NC_009142.1,5703612,5708126,4514,islandpath_dimob
NC_009142.1,6110623,6233695,123072,islandpath_dimob
NC_009142.1,5679998,5701701,21703,islandpath_dimob
NC_009142.1,5665429,5674895,9466,islandpath_dimob
NC_009142.1,5511469,5563557,52088,islandpath_dimob
NC_009142.1,5425766,5437762,11996,islandpath_dimob
NC_009142.1,5367861,5378913,11052,islandpath_dimob
NC_009142.1,2900156,2906126,5970,islandpath_dimob
NC_009142.1,4004673,4013034,8361,islandpath_dimob
NC_009142.1,4043917,4086740,42823,islandpath_dimob
NC_009142.1,2815673,2837957,22284,islandpath_dimob
NC_009142.1,2768330,2800074,31744,islandpath_dimob
NC_009142.1,2732279,2747122,14843,islandpath_dimob
NC_009142.1,2513127,2524177,11050,islandpath_dimob
NC_009142.1,2496330,2511033,14703,islandpath_dimob
NC_009142.1,519503,525913,6410,islandpath_dimob
NC_009142.1,835768,843412,7644,islandpath_dimob
NC_009142.1,269255,282255,13000,islandpath_dimob
NC_008209.1,3895329,3923819,28490,islandpath_dimob
NC_008209.1,3307640,3336480,28840,islandpath_dimob
NC_008209.1,2926061,2950652,24591,islandpath_dimob
NC_008209.1,2361034,2383438,22404,islandpath_dimob
NC_008209.1,2130698,2143021,12323,islandpath_dimob
NC_008209.1,1069314,1112258,42944,islandpath_dimob
NC_008209.1,254846,259515,4669,islandpath_dimob
NC_008209.1,764583,796622,32039,islandpath_dimob
NC_008209.1,149533,165567,16034,islandpath_dimob
NC_009767.1,5647624,5657411,9787,islandpath_dimob
NC_009767.1,3713986,3726585,12599,islandpath_dimob
NC_009767.1,1317212,1330565,13353,islandpath_dimob
NC_009767.1,809533,821904,12371,islandpath_dimob
NC_009767.1,499809,524505,24696,islandpath_dimob
NC_009050.1,817252,861685,44433,islandpath_dimob
NC_009050.1,396175,402911,6736,islandpath_dimob
NC_009050.1,253796,290732,36936,islandpath_dimob
NC_009050.1,210364,240038,29674,islandpath_dimob
NC_009953.1,5142742,5153383,10641,islandpath_dimob
NC_009953.1,4741115,4766759,25644,islandpath_dimob
NC_009953.1,4248153,4264921,16768,islandpath_dimob
NC_009953.1,4117063,4132200,15137,islandpath_dimob
NC_009953.1,3515483,3527433,11950,islandpath_dimob
NC_009953.1,3447754,3456659,8905,islandpath_dimob
NC_009953.1,3430210,3440161,9951,islandpath_dimob
NC_009953.1,3376437,3391557,15120,islandpath_dimob
NC_009953.1,2848705,2861187,12482,islandpath_dimob
NC_009953.1,2216046,2234491,18445,islandpath_dimob
NC_009953.1,2276929,2302094,25165,islandpath_dimob
NC_009883.1,1407016,1412147,5131,islandpath_dimob
NC_009953.1,1815283,1828879,13596,islandpath_dimob
NC_009883.1,1120323,1125764,5441,islandpath_dimob
NC_009883.1,1324895,1340023,15128,islandpath_dimob
NC_009883.1,1047527,1055288,7761,islandpath_dimob
NC_009883.1,1060506,1073445,12939,islandpath_dimob
NC_009883.1,304406,309693,5287,islandpath_dimob
NC_010067.1,4517407,4532796,15389,islandpath_dimob
NC_010067.1,4423009,4434182,11173,islandpath_dimob
NC_010067.1,3001373,3015636,14263,islandpath_dimob
NC_010067.1,3207340,3218325,10985,islandpath_dimob
NC_010067.1,2079914,2087464,7550,islandpath_dimob
NC_010067.1,2494444,2597444,103000,islandpath_dimob
NC_010067.1,917381,932552,15171,islandpath_dimob
NC_010067.1,193383,218219,24836,islandpath_dimob
NC_010067.1,56215,70598,14383,islandpath_dimob
NC_009881.1,124081,127080,2999,islandpath_dimob
NC_009881.1,393606,398335,4729,islandpath_dimob
NC_009881.1,763782,769331,5549,islandpath_dimob
NC_009879.1,1070637,1092914,22277,islandpath_dimob
NC_009900.1,1247016,1280343,33327,islandpath_dimob
NC_009900.1,955640,966828,11188,islandpath_dimob
NC_009900.1,1090038,1107306,17268,islandpath_dimob
NC_009900.1,703556,764231,60675,islandpath_dimob
NC_009832.1,5008691,5032097,23406,islandpath_dimob
NC_009832.1,4585117,4595562,10445,islandpath_dimob
NC_009832.1,4606845,4617733,10888,islandpath_dimob
NC_009832.1,4534439,4543242,8803,islandpath_dimob
NC_009832.1,4559024,4578792,19768,islandpath_dimob
NC_009832.1,3150813,3159094,8281,islandpath_dimob
NC_009832.1,3446788,3454644,7856,islandpath_dimob
NC_009832.1,1671191,1684810,13619,islandpath_dimob
NC_009832.1,2215417,2244938,29521,islandpath_dimob
NC_009832.1,418454,454140,35686,islandpath_dimob
NC_009832.1,400801,413643,12842,islandpath_dimob
NC_009832.1,239457,247202,7745,islandpath_dimob
NC_009832.1,112505,127553,15048,islandpath_dimob
NC_007109.1,1365429,1379977,14548,islandpath_dimob
NC_007109.1,1022421,1036156,13735,islandpath_dimob
NC_007109.1,398474,420532,22058,islandpath_dimob
NC_007109.1,976396,993889,17493,islandpath_dimob
NC_007109.1,359753,369142,9389,islandpath_dimob
NC_007109.1,319208,337392,18184,islandpath_dimob
NC_003197.1,4556471,4563338,6867,islandpath_dimob
NC_007109.1,113044,118757,5713,islandpath_dimob
NC_003197.1,3183786,3197287,13501,islandpath_dimob
NC_003197.1,2900439,2913162,12723,islandpath_dimob
NC_003197.1,2869930,2892111,22181,islandpath_dimob
NC_003197.1,2844430,2865798,21368,islandpath_dimob
NC_003197.1,2765552,2775606,10054,islandpath_dimob
NC_003197.1,2731356,2755602,24246,islandpath_dimob
NC_003197.1,1111509,1143714,32205,islandpath_dimob
NC_003197.1,1098231,1109535,11304,islandpath_dimob
NC_003197.1,781628,794713,13085,islandpath_dimob
NC_003197.1,323861,351350,27489,islandpath_dimob
NC_009882.1,693259,699033,5774,islandpath_dimob
NC_008577.1,4615050,4640873,25823,islandpath_dimob
NC_008577.1,4539288,4553277,13989,islandpath_dimob
NC_008577.1,3142399,3151269,8870,islandpath_dimob
NC_008577.1,2510700,2535400,24700,islandpath_dimob
NC_008577.1,2125456,2143711,18255,islandpath_dimob
NC_008577.1,1457124,1503396,46272,islandpath_dimob
NC_006511.1,3001416,3014907,13491,islandpath_dimob
NC_006511.1,4462606,4488653,26047,islandpath_dimob
NC_006511.1,2662208,2715555,53347,islandpath_dimob
NC_006511.1,2545075,2580689,35614,islandpath_dimob
NC_003198.1,4521572,4539169,17597,islandpath_dimob
NC_006511.1,2475292,2529038,53746,islandpath_dimob
NC_003198.1,4483138,4508108,24970,islandpath_dimob
NC_003198.1,4404481,4479514,75033,islandpath_dimob
NC_003198.1,4223814,4247533,23719,islandpath_dimob
NC_003198.1,3519664,3548972,29308,islandpath_dimob
NC_003198.1,3040737,3064290,23553,islandpath_dimob
NC_003198.1,2760478,2768771,8293,islandpath_dimob
NC_003198.1,1912212,1920788,8576,islandpath_dimob
NC_003198.1,1921745,1934286,12541,islandpath_dimob
NC_003198.1,1778007,1791815,13808,islandpath_dimob
NC_003198.1,1010087,1018788,8701,islandpath_dimob
NC_003198.1,1539263,1572916,33653,islandpath_dimob
NC_003198.1,757169,768668,11499,islandpath_dimob
NC_004631.1,4504381,4524245,19864,islandpath_dimob
NC_004631.1,4466730,4491694,24964,islandpath_dimob
NC_004631.1,4389131,4463106,73975,islandpath_dimob
NC_004631.1,4208461,4232181,23720,islandpath_dimob
NC_004631.1,3505322,3534632,29310,islandpath_dimob
NC_004631.1,3026632,3047157,20525,islandpath_dimob
NC_004631.1,1889942,1896796,6854,islandpath_dimob
NC_004631.1,1958988,1970456,11468,islandpath_dimob
NC_004631.1,2738155,2754628,16473,islandpath_dimob
NC_004631.1,1408221,1441763,33542,islandpath_dimob
NC_003143.1,3836033,3845833,9800,islandpath_dimob
NC_003143.1,3894689,3911216,16527,islandpath_dimob
NC_003143.1,3946669,3952265,5596,islandpath_dimob
NC_003143.1,4134829,4141476,6647,islandpath_dimob
NC_003143.1,4194309,4216627,22318,islandpath_dimob
NC_004631.1,1189317,1203386,14069,islandpath_dimob
NC_003143.1,2120131,2130442,10311,islandpath_dimob
NC_003143.1,2133515,2138996,5481,islandpath_dimob
NC_003143.1,2384246,2392465,8219,islandpath_dimob
NC_003143.1,3198264,3203086,4822,islandpath_dimob
NC_003143.1,1928942,1938374,9432,islandpath_dimob
NC_003143.1,1617650,1623102,5452,islandpath_dimob
NC_003143.1,1808703,1818626,9923,islandpath_dimob
NC_003143.1,1266799,1281048,14249,islandpath_dimob
NC_003143.1,1238515,1245365,6850,islandpath_dimob
NC_003143.1,1087814,1092737,4923,islandpath_dimob
NC_003143.1,803710,811193,7483,islandpath_dimob
NC_003143.1,608215,617946,9731,islandpath_dimob
NC_003143.1,745740,758074,12334,islandpath_dimob
NC_003143.1,398748,412054,13306,islandpath_dimob
NC_003143.1,34729,41137,6408,islandpath_dimob
NC_003143.1,210924,238532,27608,islandpath_dimob
NC_008148.1,3070903,3076712,5809,islandpath_dimob
NC_008148.1,3034172,3047738,13566,islandpath_dimob
NC_008148.1,2505229,2541963,36734,islandpath_dimob
NC_008148.1,2232824,2251955,19131,islandpath_dimob
NC_008148.1,1874063,1889903,15840,islandpath_dimob
NC_008321.1,3321970,3333409,11439,islandpath_dimob
NC_008321.1,3819576,3840818,21242,islandpath_dimob
NC_008321.1,2666106,2680718,14612,islandpath_dimob
NC_008321.1,2922601,2935558,12957,islandpath_dimob
NC_008321.1,2279417,2292168,12751,islandpath_dimob
NC_008321.1,2007098,2040508,33410,islandpath_dimob
NC_007677.1,1131732,1145556,13824,islandpath_dimob
NC_007677.1,1357855,1401115,43260,islandpath_dimob
NC_007677.1,797148,833663,36515,islandpath_dimob
NC_007677.1,768344,788594,20250,islandpath_dimob
NC_007677.1,288749,315055,26306,islandpath_dimob
NC_007677.1,241849,269788,27939,islandpath_dimob
NC_009380.1,4548605,4565090,16485,islandpath_dimob
NC_009380.1,3322870,3331730,8860,islandpath_dimob
NC_009380.1,3096728,3103215,6487,islandpath_dimob
NC_009380.1,2241299,2248397,7098,islandpath_dimob
NC_009380.1,2641252,2649140,7888,islandpath_dimob
NC_009380.1,584165,631099,46934,islandpath_dimob
NC_008150.1,4378517,4390948,12431,islandpath_dimob
NC_009380.1,64800,82953,18153,islandpath_dimob
NC_008150.1,4026678,4031883,5205,islandpath_dimob
NC_008150.1,4051184,4072934,21750,islandpath_dimob
NC_008150.1,3940169,3950713,10544,islandpath_dimob
NC_008150.1,3574799,3582461,7662,islandpath_dimob
NC_008150.1,3589182,3617550,28368,islandpath_dimob
NC_008150.1,3412365,3419420,7055,islandpath_dimob
NC_008150.1,3499117,3506585,7468,islandpath_dimob
NC_008150.1,3268482,3278283,9801,islandpath_dimob
NC_008150.1,2581539,2586635,5096,islandpath_dimob
NC_008150.1,2997826,3010853,13027,islandpath_dimob
NC_008150.1,3040357,3059605,19248,islandpath_dimob
NC_008150.1,2164313,2172906,8593,islandpath_dimob
NC_008150.1,2039469,2054100,14631,islandpath_dimob
NC_008150.1,1415742,1421775,6033,islandpath_dimob
NC_008150.1,1655625,1663713,8088,islandpath_dimob
NC_008150.1,1303949,1313245,9296,islandpath_dimob
NC_008150.1,597441,605449,8008,islandpath_dimob
NC_008150.1,655058,662101,7043,islandpath_dimob
NC_008150.1,53744,67140,13396,islandpath_dimob
NC_008150.1,102592,105557,2965,islandpath_dimob
NC_006905.1,4648534,4662230,13696,islandpath_dimob
NC_006905.1,4492725,4501108,8383,islandpath_dimob
NC_006905.1,3889209,3899741,10532,islandpath_dimob
NC_006905.1,3787219,3795477,8258,islandpath_dimob
NC_006905.1,2861272,2870368,9096,islandpath_dimob
NC_006905.1,2780925,2792505,11580,islandpath_dimob
NC_006905.1,2638506,2645123,6617,islandpath_dimob
NC_006905.1,2242896,2252930,10034,islandpath_dimob
NC_006905.1,1325337,1348846,23509,islandpath_dimob
NC_006905.1,1967742,1988508,20766,islandpath_dimob
NC_006905.1,1307030,1323930,16900,islandpath_dimob
NC_006905.1,1048942,1054948,6006,islandpath_dimob
NC_006905.1,1082112,1094969,12857,islandpath_dimob
NC_006905.1,953021,962374,9353,islandpath_dimob
NC_006905.1,371391,415597,44206,islandpath_dimob
NC_006905.1,318260,355369,37109,islandpath_dimob
NC_010159.1,4467766,4473492,5726,islandpath_dimob
NC_010159.1,4436844,4452396,15552,islandpath_dimob
NC_010159.1,4241406,4258558,17152,islandpath_dimob
NC_010159.1,4031006,4037473,6467,islandpath_dimob
NC_010159.1,3895112,3906674,11562,islandpath_dimob
NC_010159.1,3116571,3131565,14994,islandpath_dimob
NC_010159.1,2931170,2950204,19034,islandpath_dimob
NC_010159.1,2289984,2298649,8665,islandpath_dimob
NC_010159.1,2276973,2288850,11877,islandpath_dimob
NC_010159.1,2268218,2275434,7216,islandpath_dimob
NC_010159.1,2110151,2116710,6559,islandpath_dimob
NC_010159.1,2158521,2195045,36524,islandpath_dimob
NC_010159.1,1422667,1430646,7979,islandpath_dimob
NC_010159.1,1288520,1313311,24791,islandpath_dimob
NC_010159.1,899061,906151,7090,islandpath_dimob
NC_010159.1,670895,679751,8856,islandpath_dimob
NC_010159.1,626082,639346,13264,islandpath_dimob
NC_010159.1,327883,333751,5868,islandpath_dimob
NC_010159.1,600025,621509,21484,islandpath_dimob
NC_010159.1,265690,277314,11624,islandpath_dimob
NC_010159.1,189360,194425,5065,islandpath_dimob
NC_010159.1,217949,230907,12958,islandpath_dimob
NC_010159.1,140527,158363,17836,islandpath_dimob
NC_009381.1,4297175,4317650,20475,islandpath_dimob
NC_009381.1,4117224,4123727,6503,islandpath_dimob
NC_009381.1,4071736,4083519,11783,islandpath_dimob
NC_009381.1,3191602,3197236,5634,islandpath_dimob
NC_009381.1,3685455,3704923,19468,islandpath_dimob
NC_009381.1,2957071,2963078,6007,islandpath_dimob
NC_009381.1,2945966,2954137,8171,islandpath_dimob
NC_009381.1,1364277,1410213,45936,islandpath_dimob
NC_009381.1,465168,475703,10535,islandpath_dimob
NC_009381.1,527308,538925,11617,islandpath_dimob
NC_009381.1,1141446,1152170,10724,islandpath_dimob
NC_005810.1,4311511,4323771,12260,islandpath_dimob
NC_009381.1,137435,165043,27608,islandpath_dimob
NC_005810.1,4005365,4013313,7948,islandpath_dimob
NC_005810.1,3967580,3985955,18375,islandpath_dimob
NC_005810.1,3924570,3931424,6854,islandpath_dimob
NC_005810.1,3454718,3473333,18615,islandpath_dimob
NC_005810.1,3338213,3354004,15791,islandpath_dimob
NC_005810.1,3391030,3403147,12117,islandpath_dimob
NC_005810.1,803023,809013,5990,islandpath_dimob
NC_005810.1,1136435,1144414,7979,islandpath_dimob
NC_005810.1,1147239,1152073,4834,islandpath_dimob
NC_005810.1,3028950,3034142,5192,islandpath_dimob
NC_005810.1,3206631,3210762,4131,islandpath_dimob
NC_005810.1,687884,698084,10200,islandpath_dimob
NC_005810.1,622481,638428,15947,islandpath_dimob
NC_005810.1,241395,256114,14719,islandpath_dimob
NC_005810.1,582105,587029,4924,islandpath_dimob
NC_005810.1,34524,40932,6408,islandpath_dimob
NC_005810.1,209609,237244,27635,islandpath_dimob
NC_008536.1,9566385,9587175,20790,islandpath_dimob
NC_008536.1,9534952,9550031,15079,islandpath_dimob
NC_008536.1,9100714,9108647,7933,islandpath_dimob
NC_008536.1,8620735,8655975,35240,islandpath_dimob
NC_008536.1,8529327,8562117,32790,islandpath_dimob
NC_008536.1,8020089,8025698,5609,islandpath_dimob
NC_008536.1,7653341,7669698,16357,islandpath_dimob
NC_008536.1,6752381,6766166,13785,islandpath_dimob
NC_008536.1,7570072,7594025,23953,islandpath_dimob
NC_008536.1,6480106,6487305,7199,islandpath_dimob
NC_008536.1,6005611,6013524,7913,islandpath_dimob
NC_008536.1,4184839,4194353,9514,islandpath_dimob
NC_008536.1,3987334,3999813,12479,islandpath_dimob
NC_008536.1,3723085,3732411,9326,islandpath_dimob
NC_008536.1,3196271,3209976,13705,islandpath_dimob
NC_008536.1,3673300,3681988,8688,islandpath_dimob
NC_008536.1,1171121,1184063,12942,islandpath_dimob
NC_008536.1,433987,447606,13619,islandpath_dimob
NC_008536.1,766166,812885,46719,islandpath_dimob
NC_004088.1,4431805,4459636,27831,islandpath_dimob
NC_004088.1,4003106,4011163,8057,islandpath_dimob
NC_004088.1,4207042,4223710,16668,islandpath_dimob
NC_004088.1,3388332,3397045,8713,islandpath_dimob
NC_004088.1,2678272,2683283,5011,islandpath_dimob
NC_004088.1,2645673,2675955,30282,islandpath_dimob
NC_004088.1,1922708,1936648,13940,islandpath_dimob
NC_004088.1,1274181,1284068,9887,islandpath_dimob
NC_004088.1,832636,843374,10738,islandpath_dimob
NC_004088.1,726319,730839,4520,islandpath_dimob
NC_004088.1,767526,783473,15947,islandpath_dimob
NC_004088.1,50781,56490,5709,islandpath_dimob
NC_004088.1,519395,552417,33022,islandpath_dimob
NC_009997.1,5211991,5224037,12046,islandpath_dimob
NC_009997.1,5195012,5209996,14984,islandpath_dimob
NC_009997.1,4108853,4114156,5303,islandpath_dimob
NC_009997.1,4373838,4382028,8190,islandpath_dimob
NC_009997.1,3997449,4017464,20015,islandpath_dimob
NC_009997.1,3644450,3650129,5679,islandpath_dimob
NC_009997.1,2705614,2712329,6715,islandpath_dimob
NC_009997.1,2664740,2678887,14147,islandpath_dimob
NC_009997.1,2642364,2659871,17507,islandpath_dimob
NC_009997.1,2395002,2419675,24673,islandpath_dimob
NC_009997.1,2344791,2382177,37386,islandpath_dimob
NC_009997.1,2073385,2087317,13932,islandpath_dimob
NC_009997.1,2004085,2028153,24068,islandpath_dimob
NC_009997.1,993046,1010738,17692,islandpath_dimob
NC_009997.1,930674,946696,16022,islandpath_dimob
NC_009997.1,715701,754793,39092,islandpath_dimob
NC_009997.1,676559,703043,26484,islandpath_dimob
NC_008322.1,4610557,4622181,11624,islandpath_dimob
NC_008322.1,1174695,1208242,33547,islandpath_dimob
NC_008322.1,2083608,2123874,40266,islandpath_dimob
NC_009052.1,5094094,5103467,9373,islandpath_dimob
NC_008322.1,381578,390756,9178,islandpath_dimob
NC_009052.1,5049840,5060748,10908,islandpath_dimob
NC_009052.1,5040752,5047682,6930,islandpath_dimob
NC_009052.1,4853182,4882470,29288,islandpath_dimob
NC_009052.1,4209563,4224273,14710,islandpath_dimob
NC_009052.1,4640840,4652355,11515,islandpath_dimob
NC_009052.1,4121269,4140258,18989,islandpath_dimob
NC_009052.1,3670221,3681100,10879,islandpath_dimob
NC_009052.1,3103020,3118250,15230,islandpath_dimob
NC_009052.1,2527424,2542470,15046,islandpath_dimob
NC_009052.1,2691659,2703072,11413,islandpath_dimob
NC_009052.1,2114773,2125612,10839,islandpath_dimob
NC_009052.1,2247144,2267097,19953,islandpath_dimob
NC_009052.1,1836864,1861850,24986,islandpath_dimob
NC_009052.1,1444281,1457372,13091,islandpath_dimob
NC_009052.1,1313781,1322885,9104,islandpath_dimob
NC_009052.1,1218350,1228932,10582,islandpath_dimob
NC_009052.1,916704,925341,8637,islandpath_dimob
NC_009052.1,672343,683929,11586,islandpath_dimob
NC_009052.1,815943,825683,9740,islandpath_dimob
NC_008750.1,4575355,4587754,12399,islandpath_dimob
NC_008750.1,4676441,4701165,24724,islandpath_dimob
NC_008750.1,3660143,3665141,4998,islandpath_dimob
NC_008750.1,4254170,4271353,17183,islandpath_dimob
NC_008750.1,2865008,2872538,7530,islandpath_dimob
NC_008750.1,2984387,3007443,23056,islandpath_dimob
NC_008750.1,2821017,2852551,31534,islandpath_dimob
NC_008750.1,2538573,2555063,16490,islandpath_dimob
NC_008750.1,2346735,2354773,8038,islandpath_dimob
NC_008750.1,2336907,2344970,8063,islandpath_dimob
NC_008750.1,2120986,2126273,5287,islandpath_dimob
NC_008750.1,1267827,1290714,22887,islandpath_dimob
NC_008750.1,1227478,1265510,38032,islandpath_dimob
NC_008750.1,365401,377530,12129,islandpath_dimob
NC_008750.1,382646,393819,11173,islandpath_dimob
NC_008750.1,452703,465413,12710,islandpath_dimob
NC_008750.1,471121,477924,6803,islandpath_dimob
NC_009665.1,5079189,5104448,25259,islandpath_dimob
NC_009665.1,4262310,4270459,8149,islandpath_dimob
NC_009665.1,3992843,4011971,19128,islandpath_dimob
NC_009665.1,3869907,3894928,25021,islandpath_dimob
NC_009665.1,3052815,3060517,7702,islandpath_dimob
NC_009665.1,2342360,2347988,5628,islandpath_dimob
NC_009665.1,2599335,2607179,7844,islandpath_dimob
NC_009665.1,2211363,2245247,33884,islandpath_dimob
NC_009665.1,2031989,2047296,15307,islandpath_dimob
NC_009665.1,681381,722113,40732,islandpath_dimob
NC_009665.1,642271,668726,26455,islandpath_dimob
NC_008700.1,4089221,4102445,13224,islandpath_dimob
NC_008700.1,1632573,1647557,14984,islandpath_dimob
NC_008700.1,734877,748385,13508,islandpath_dimob
NC_008700.1,373545,387450,13905,islandpath_dimob
NC_009901.1,4821527,4841434,19907,islandpath_dimob
NC_009901.1,3196060,3204112,8052,islandpath_dimob
NC_009901.1,2737834,2754312,16478,islandpath_dimob
NC_009901.1,2431163,2447783,16620,islandpath_dimob
NC_009901.1,1815277,1823349,8072,islandpath_dimob
NC_009901.1,420187,462428,42241,islandpath_dimob
NC_006155.1,4615371,4637633,22262,islandpath_dimob
NC_006155.1,4382166,4407854,25688,islandpath_dimob
NC_006155.1,3690338,3717308,26970,islandpath_dimob
NC_006155.1,2222911,2232757,9846,islandpath_dimob
NC_009708.1,4379756,4406157,26401,islandpath_dimob
NC_006155.1,2121615,2130148,8533,islandpath_dimob
NC_006155.1,2152792,2163273,10481,islandpath_dimob
NC_006155.1,2204649,2221252,16603,islandpath_dimob
NC_009708.1,4341714,4373035,31321,islandpath_dimob
NC_009708.1,910972,937110,26138,islandpath_dimob
NC_010334.1,4930944,4951866,20922,islandpath_dimob
NC_010334.1,2755418,2775007,19589,islandpath_dimob
NC_010334.1,2136220,2153848,17628,islandpath_dimob
NC_010334.1,1581170,1588795,7625,islandpath_dimob
NC_007954.1,4290121,4297673,7552,islandpath_dimob
NC_010334.1,613404,634089,20685,islandpath_dimob
NC_007954.1,3876390,3887459,11069,islandpath_dimob
NC_007954.1,3892861,3899634,6773,islandpath_dimob
NC_007954.1,3576697,3591988,15291,islandpath_dimob
NC_007954.1,3534254,3549604,15350,islandpath_dimob
NC_007954.1,2903631,2912463,8832,islandpath_dimob
NC_007954.1,2881246,2890082,8836,islandpath_dimob
NC_007954.1,1828451,1835622,7171,islandpath_dimob
NC_007954.1,1350166,1370757,20591,islandpath_dimob
NC_007954.1,341656,354158,12502,islandpath_dimob
NC_009831.1,5206472,5218922,12450,islandpath_dimob
NC_009831.1,4464360,4475188,10828,islandpath_dimob
NC_009831.1,3623742,3654661,30919,islandpath_dimob
NC_009831.1,3272233,3294071,21838,islandpath_dimob
NC_009831.1,2701332,2710786,9454,islandpath_dimob
NC_009831.1,1545552,1564581,19029,islandpath_dimob
NC_009831.1,776279,789168,12889,islandpath_dimob
NC_009831.1,412080,425414,13334,islandpath_dimob
NC_008345.1,4777646,4790308,12662,islandpath_dimob
NC_008345.1,4508651,4519796,11145,islandpath_dimob
NC_008345.1,4129065,4162506,33441,islandpath_dimob
NC_008345.1,3756977,3766994,10017,islandpath_dimob
NC_008345.1,4059691,4124901,65210,islandpath_dimob
NC_008345.1,3110708,3130572,19864,islandpath_dimob
NC_008345.1,2175813,2188386,12573,islandpath_dimob
NC_008345.1,1963119,1986277,23158,islandpath_dimob
NC_008345.1,807538,817590,10052,islandpath_dimob
NC_008345.1,879404,885304,5900,islandpath_dimob
NC_008345.1,1439249,1458288,19039,islandpath_dimob
NC_004347.1,4011546,4024809,13263,islandpath_dimob
NC_004347.1,3696497,3707702,11205,islandpath_dimob
NC_004347.1,3671364,3683094,11730,islandpath_dimob
NC_004347.1,2788310,2793582,5272,islandpath_dimob
NC_004347.1,3100278,3113276,12998,islandpath_dimob
NC_004347.1,2468268,2475126,6858,islandpath_dimob
NC_004347.1,2578794,2593058,14264,islandpath_dimob
NC_004347.1,2234795,2242009,7214,islandpath_dimob
NC_004347.1,2047779,2057544,9765,islandpath_dimob
NC_004347.1,1166905,1174656,7751,islandpath_dimob
NC_004347.1,1507549,1511074,3525,islandpath_dimob
NC_004347.1,223639,262657,39018,islandpath_dimob
NC_004347.1,679107,683536,4429,islandpath_dimob
NC_004347.1,1040789,1059871,19082,islandpath_dimob
NC_009438.1,4621775,4627801,6026,islandpath_dimob
NC_009438.1,4450305,4462548,12243,islandpath_dimob
NC_009438.1,4556703,4586776,30073,islandpath_dimob
NC_009438.1,4418126,4427973,9847,islandpath_dimob
NC_009438.1,3380923,3395066,14143,islandpath_dimob
NC_009438.1,261631,286681,25050,islandpath_dimob
NC_009438.1,1560984,1571233,10249,islandpath_dimob
NC_009438.1,2479019,2494082,15063,islandpath_dimob
NC_009438.1,3031547,3039227,7680,islandpath_dimob
NC_009438.1,3343938,3361816,17878,islandpath_dimob
NC_009438.1,216842,241353,24511,islandpath_dimob
NC_010506.1,3585536,3594614,9078,islandpath_dimob
NC_010506.1,4267620,4271319,3699,islandpath_dimob
NC_009438.1,176938,190410,13472,islandpath_dimob
NC_009438.1,192106,198349,6243,islandpath_dimob
NC_009438.1,201949,208011,6062,islandpath_dimob
NC_010506.1,675694,705001,29307,islandpath_dimob
NC_009092.1,4548187,4570855,22668,islandpath_dimob
NC_009092.1,2644167,2659058,14891,islandpath_dimob
NC_009092.1,1451566,1464014,12448,islandpath_dimob
NC_009092.1,1131481,1147743,16262,islandpath_dimob
NC_008258.1,4430858,4437247,6389,islandpath_dimob
NC_008258.1,4495873,4500722,4849,islandpath_dimob
NC_008258.1,4028375,4037104,8729,islandpath_dimob
NC_008258.1,3947316,3964053,16737,islandpath_dimob
NC_008258.1,3587416,3599699,12283,islandpath_dimob
NC_008258.1,3557910,3565599,7689,islandpath_dimob
NC_008258.1,2911151,2916698,5547,islandpath_dimob
NC_008258.1,3383454,3408580,25126,islandpath_dimob
NC_008258.1,2755906,2803386,47480,islandpath_dimob
NC_008258.1,2549919,2556846,6927,islandpath_dimob
NC_008258.1,2679264,2689990,10726,islandpath_dimob
NC_008258.1,2465095,2475983,10888,islandpath_dimob
NC_008258.1,2216191,2226346,10155,islandpath_dimob
NC_008258.1,2049738,2060905,11167,islandpath_dimob
NC_008258.1,2082006,2090057,8051,islandpath_dimob
NC_008258.1,2041762,2046568,4806,islandpath_dimob
NC_008258.1,1911905,1951931,40026,islandpath_dimob
NC_008258.1,1413703,1424902,11199,islandpath_dimob
NC_008258.1,1428553,1438281,9728,islandpath_dimob
NC_008258.1,1629656,1638197,8541,islandpath_dimob
NC_008258.1,1110355,1124948,14593,islandpath_dimob
NC_008258.1,990605,994410,3805,islandpath_dimob
NC_008258.1,933511,943995,10484,islandpath_dimob
NC_008258.1,754528,758876,4348,islandpath_dimob
NC_008258.1,771497,782296,10799,islandpath_dimob
NC_008258.1,660666,668703,8037,islandpath_dimob
NC_008258.1,323617,333588,9971,islandpath_dimob
NC_008258.1,417625,424450,6825,islandpath_dimob
NC_008258.1,266174,293818,27644,islandpath_dimob
NC_004337.1,4529396,4533646,4250,islandpath_dimob
NC_008258.1,230323,262135,31812,islandpath_dimob
NC_004337.1,4505491,4515198,9707,islandpath_dimob
NC_004337.1,4462273,4468662,6389,islandpath_dimob
NC_004337.1,3816151,3831354,15203,islandpath_dimob
NC_004337.1,3597499,3607168,9669,islandpath_dimob
NC_004337.1,3177915,3184375,6460,islandpath_dimob
NC_004337.1,3421571,3446697,25126,islandpath_dimob
NC_004337.1,2948063,2958583,10520,islandpath_dimob
NC_004337.1,3052737,3106243,53506,islandpath_dimob
NC_004337.1,2684935,2694667,9732,islandpath_dimob
NC_004337.1,2175860,2180727,4867,islandpath_dimob
NC_004337.1,2457387,2464795,7408,islandpath_dimob
NC_004337.1,2555442,2560807,5365,islandpath_dimob
NC_004337.1,2006678,2012984,6306,islandpath_dimob
NC_004337.1,2055197,2062113,6916,islandpath_dimob
NC_004337.1,1917075,1936187,19112,islandpath_dimob
NC_004337.1,1624835,1639746,14911,islandpath_dimob
NC_004337.1,1418245,1427754,9509,islandpath_dimob
NC_004337.1,1401173,1406217,5044,islandpath_dimob
NC_004337.1,1092317,1103027,10710,islandpath_dimob
NC_004337.1,905396,917647,12251,islandpath_dimob
NC_004337.1,723734,747731,23997,islandpath_dimob
NC_004337.1,311785,326392,14607,islandpath_dimob
NC_004337.1,618203,624307,6104,islandpath_dimob
NC_004337.1,709982,722313,12331,islandpath_dimob
NC_004337.1,262369,267850,5481,islandpath_dimob
NC_004337.1,278377,285544,7167,islandpath_dimob
NC_004337.1,233558,251367,17809,islandpath_dimob
NC_004741.1,4454466,4460855,6389,islandpath_dimob
NC_004741.1,4521555,4525805,4250,islandpath_dimob
NC_004741.1,4139227,4146370,7143,islandpath_dimob
NC_004741.1,4325571,4352175,26604,islandpath_dimob
NC_004741.1,3940059,3959836,19777,islandpath_dimob
NC_004741.1,2677218,2688111,10893,islandpath_dimob
NC_004741.1,2941000,2952008,11008,islandpath_dimob
NC_004741.1,3044913,3093410,48497,islandpath_dimob
NC_004741.1,2594630,2609390,14760,islandpath_dimob
NC_004741.1,2059275,2069966,10691,islandpath_dimob
NC_004741.1,2208710,2215406,6696,islandpath_dimob
NC_004741.1,2533861,2541585,7724,islandpath_dimob
NC_004741.1,2017747,2029751,12004,islandpath_dimob
NC_004741.1,1902988,1919359,16371,islandpath_dimob
NC_004741.1,1849316,1856772,7456,islandpath_dimob
NC_004741.1,1662705,1678718,16013,islandpath_dimob
NC_004741.1,1612576,1622914,10338,islandpath_dimob
NC_004741.1,1454983,1461941,6958,islandpath_dimob
NC_004741.1,1095210,1105919,10709,islandpath_dimob
NC_004741.1,1006747,1013648,6901,islandpath_dimob
NC_004741.1,925997,940853,14856,islandpath_dimob
NC_004741.1,894153,904821,10668,islandpath_dimob
NC_004741.1,908098,917348,9250,islandpath_dimob
NC_004741.1,379603,385929,6326,islandpath_dimob
NC_004741.1,705209,720365,15156,islandpath_dimob
NC_004741.1,315635,325874,10239,islandpath_dimob
NC_004741.1,281123,289082,7959,islandpath_dimob
NC_004741.1,232687,254697,22010,islandpath_dimob
NC_007613.1,4382137,4422050,39913,islandpath_dimob
NC_007613.1,4322253,4333992,11739,islandpath_dimob
NC_007613.1,4191400,4206344,14944,islandpath_dimob
NC_007613.1,3567325,3572343,5018,islandpath_dimob
NC_007613.1,3750137,3758597,8460,islandpath_dimob
NC_007613.1,3243809,3252298,8489,islandpath_dimob
NC_007613.1,3286716,3314447,27731,islandpath_dimob
NC_007613.1,2157694,2168974,11280,islandpath_dimob
NC_007613.1,2520775,2528258,7483,islandpath_dimob
NC_007613.1,2656688,2664654,7966,islandpath_dimob
NC_007613.1,1730367,1735396,5029,islandpath_dimob
NC_007613.1,1902886,1909948,7062,islandpath_dimob
NC_007613.1,2030858,2056695,25837,islandpath_dimob
NC_007613.1,1679167,1696315,17148,islandpath_dimob
NC_007613.1,1603974,1625165,21191,islandpath_dimob
NC_007613.1,1594773,1599804,5031,islandpath_dimob
NC_007613.1,1580834,1585453,4619,islandpath_dimob
NC_007613.1,1281874,1285771,3897,islandpath_dimob
NC_007613.1,1335181,1339492,4311,islandpath_dimob
NC_007613.1,1346683,1358247,11564,islandpath_dimob
NC_007613.1,1248693,1260786,12093,islandpath_dimob
NC_007613.1,1178074,1205527,27453,islandpath_dimob
NC_007613.1,1136353,1143910,7557,islandpath_dimob
NC_007613.1,1038156,1064898,26742,islandpath_dimob
NC_007613.1,765949,788835,22886,islandpath_dimob
NC_007613.1,642937,669613,26676,islandpath_dimob
NC_007613.1,278435,284297,5862,islandpath_dimob
NC_007613.1,412963,423342,10379,islandpath_dimob
NC_007613.1,231357,255405,24048,islandpath_dimob
NC_007384.1,4578056,4590776,12720,islandpath_dimob
NC_007384.1,4268985,4280872,11887,islandpath_dimob
NC_007384.1,3817981,3825760,7779,islandpath_dimob
NC_007384.1,4089951,4124659,34708,islandpath_dimob
NC_007384.1,3754672,3780866,26194,islandpath_dimob
NC_010465.1,4589059,4598516,9457,islandpath_dimob
NC_007384.1,3611234,3639418,28184,islandpath_dimob
NC_010465.1,3186306,3190980,4674,islandpath_dimob
NC_007384.1,3481514,3499049,17535,islandpath_dimob
NC_010465.1,2535587,2540400,4813,islandpath_dimob
NC_007384.1,3156731,3166333,9602,islandpath_dimob
NC_007384.1,2932774,2956693,23919,islandpath_dimob
NC_007384.1,2921202,2929025,7823,islandpath_dimob
NC_010465.1,1858702,1867705,9003,islandpath_dimob
NC_010465.1,898559,905373,6814,islandpath_dimob
NC_007384.1,2910556,2916441,5885,islandpath_dimob
NC_010465.1,1435898,1451292,15394,islandpath_dimob
NC_007384.1,2890984,2904794,13810,islandpath_dimob
NC_010465.1,308641,336222,27581,islandpath_dimob
NC_007384.1,2831037,2843334,12297,islandpath_dimob
NC_010465.1,66852,77594,10742,islandpath_dimob
NC_007384.1,2802733,2816104,13371,islandpath_dimob
NC_007384.1,2569957,2581507,11550,islandpath_dimob
NC_007384.1,2355671,2364171,8500,islandpath_dimob
NC_007384.1,2256213,2264119,7906,islandpath_dimob
NC_007384.1,2279900,2289367,9467,islandpath_dimob
NC_007384.1,2238476,2253755,15279,islandpath_dimob
NC_007384.1,1146563,1155963,9400,islandpath_dimob
NC_007384.1,1328407,1349581,21174,islandpath_dimob
NC_007384.1,1361417,1369145,7728,islandpath_dimob
NC_007384.1,1387516,1396312,8796,islandpath_dimob
NC_007384.1,1696565,1702701,6136,islandpath_dimob
NC_007384.1,1762656,1783843,21187,islandpath_dimob
NC_007384.1,1857248,1874448,17200,islandpath_dimob
NC_007384.1,1985869,1995222,9353,islandpath_dimob
NC_007384.1,2004171,2024450,20279,islandpath_dimob
NC_007384.1,766100,774039,7939,islandpath_dimob
NC_007384.1,1087307,1104068,16761,islandpath_dimob
NC_007384.1,690475,699922,9447,islandpath_dimob
NC_007384.1,734741,744119,9378,islandpath_dimob
NC_007384.1,443269,456503,13234,islandpath_dimob
NC_007384.1,255189,261173,5984,islandpath_dimob
NC_007384.1,267859,287091,19232,islandpath_dimob
NC_009464.1,3146231,3152614,6383,islandpath_dimob
NC_009464.1,2691361,2721998,30637,islandpath_dimob
NC_009464.1,2375582,2387379,11797,islandpath_dimob
NC_009464.1,2019878,2035252,15374,islandpath_dimob
NC_009464.1,1485402,1512492,27090,islandpath_dimob
NC_009464.1,937674,948452,10778,islandpath_dimob
NC_009925.1,6328118,6347976,19858,islandpath_dimob
NC_008044.1,1387735,1417928,30193,islandpath_dimob
NC_008044.1,3134929,3140828,5899,islandpath_dimob
NC_009464.1,234557,238996,4439,islandpath_dimob
NC_009464.1,383057,399007,15950,islandpath_dimob
NC_009925.1,6270665,6282039,11374,islandpath_dimob
NC_009925.1,6309136,6322611,13475,islandpath_dimob
NC_009925.1,5895553,5908184,12631,islandpath_dimob
NC_009925.1,6103438,6110128,6690,islandpath_dimob
NC_009925.1,6166350,6173219,6869,islandpath_dimob
NC_009925.1,6198543,6210246,11703,islandpath_dimob
NC_009925.1,6231816,6237623,5807,islandpath_dimob
NC_009925.1,6253059,6269733,16674,islandpath_dimob
NC_009925.1,5718222,5723560,5338,islandpath_dimob
NC_009925.1,5735889,5748875,12986,islandpath_dimob
NC_009925.1,4307984,4321322,13338,islandpath_dimob
NC_009925.1,5350293,5357958,7665,islandpath_dimob
NC_009925.1,4216843,4222515,5672,islandpath_dimob
NC_009925.1,4244338,4253059,8721,islandpath_dimob
NC_009925.1,3911588,3928447,16859,islandpath_dimob
NC_009925.1,3735095,3757545,22450,islandpath_dimob
NC_009925.1,3237133,3245377,8244,islandpath_dimob
NC_009925.1,3305252,3319196,13944,islandpath_dimob
NC_009925.1,3044188,3050815,6627,islandpath_dimob
NC_009925.1,2402876,2413352,10476,islandpath_dimob
NC_009925.1,2267634,2277806,10172,islandpath_dimob
NC_009925.1,2280901,2286857,5956,islandpath_dimob
NC_009925.1,2086692,2092102,5410,islandpath_dimob
NC_009925.1,1289002,1302483,13481,islandpath_dimob
NC_009925.1,1312229,1324719,12490,islandpath_dimob
NC_009925.1,1330958,1336215,5257,islandpath_dimob
NC_009925.1,1502735,1508058,5323,islandpath_dimob
NC_009925.1,1581751,1587634,5883,islandpath_dimob
NC_009925.1,1620586,1638289,17703,islandpath_dimob
NC_009925.1,1001557,1011515,9958,islandpath_dimob
NC_009925.1,56869,62795,5926,islandpath_dimob
NC_009925.1,98430,102741,4311,islandpath_dimob
NC_009925.1,122479,128047,5568,islandpath_dimob
NC_009925.1,464205,472516,8311,islandpath_dimob
NC_009925.1,667955,674431,6476,islandpath_dimob
NC_009925.1,716913,721078,4165,islandpath_dimob
NC_007606.1,4294439,4305062,10623,islandpath_dimob
NC_007606.1,4197529,4202865,5336,islandpath_dimob
NC_007606.1,4123378,4133539,10161,islandpath_dimob
NC_007606.1,3372025,3374914,2889,islandpath_dimob
NC_007606.1,3465068,3484589,19521,islandpath_dimob
NC_007606.1,3591158,3603844,12686,islandpath_dimob
NC_007606.1,3759005,3774844,15839,islandpath_dimob
NC_007606.1,2552640,2561790,9150,islandpath_dimob
NC_007606.1,2632706,2638437,5731,islandpath_dimob
NC_007606.1,3221146,3245799,24653,islandpath_dimob
NC_007606.1,1746264,1752652,6388,islandpath_dimob
NC_007606.1,1758910,1764911,6001,islandpath_dimob
NC_007606.1,1807296,1823839,16543,islandpath_dimob
NC_007606.1,1936984,1950109,13125,islandpath_dimob
NC_007606.1,2213022,2217584,4562,islandpath_dimob
NC_007606.1,2358990,2370484,11494,islandpath_dimob
NC_007606.1,1357698,1362386,4688,islandpath_dimob
NC_007606.1,1526379,1533409,7030,islandpath_dimob
NC_007606.1,1324726,1336532,11806,islandpath_dimob
NC_007606.1,1278706,1290888,12182,islandpath_dimob
NC_007606.1,1216727,1223757,7030,islandpath_dimob
NC_007606.1,1107897,1116017,8120,islandpath_dimob
NC_007606.1,994083,1003152,9069,islandpath_dimob
NC_007606.1,968584,976452,7868,islandpath_dimob
NC_007606.1,949614,963592,13978,islandpath_dimob
NC_007606.1,876252,884412,8160,islandpath_dimob
NC_007606.1,672583,683401,10818,islandpath_dimob
NC_007606.1,479725,487812,8087,islandpath_dimob
NC_007606.1,553058,559356,6298,islandpath_dimob
NC_007606.1,641581,655663,14082,islandpath_dimob
NC_007606.1,400309,416936,16627,islandpath_dimob
NC_007606.1,140713,152101,11388,islandpath_dimob
NC_006526.1,1981991,2009383,27392,islandpath_dimob
NC_006526.1,1945693,1967454,21761,islandpath_dimob
NC_006526.1,1472614,1483984,11370,islandpath_dimob
NC_003911.11,3871988,3884748,12760,islandpath_dimob
NC_003911.11,2043404,2057926,14522,islandpath_dimob
NC_003911.11,2866564,2932923,66359,islandpath_dimob
NC_003911.11,1272318,1310960,38642,islandpath_dimob
NC_003911.11,1081213,1107015,25802,islandpath_dimob
NC_003911.11,641836,654010,12174,islandpath_dimob
NC_008752.1,4214244,4221514,7270,islandpath_dimob
NC_008752.1,5115452,5123620,8168,islandpath_dimob
NC_003911.11,483607,503429,19822,islandpath_dimob
NC_008752.1,3685899,3694957,9058,islandpath_dimob
NC_008752.1,3512697,3523530,10833,islandpath_dimob
NC_008752.1,3603569,3612795,9226,islandpath_dimob
NC_008752.1,2973985,2991030,17045,islandpath_dimob
NC_008752.1,2642277,2648154,5877,islandpath_dimob
NC_008752.1,2731714,2738715,7001,islandpath_dimob
NC_008752.1,2939376,2969247,29871,islandpath_dimob
NC_008752.1,2614688,2634213,19525,islandpath_dimob
NC_008752.1,2340070,2353816,13746,islandpath_dimob
NC_008752.1,1173422,1184073,10651,islandpath_dimob
NC_008752.1,1716978,1724885,7907,islandpath_dimob
NC_008752.1,2062087,2073275,11188,islandpath_dimob
NC_008752.1,762469,769417,6948,islandpath_dimob
NC_008752.1,733147,746522,13375,islandpath_dimob
NC_008752.1,588298,594892,6594,islandpath_dimob
NC_008752.1,420283,434183,13900,islandpath_dimob
NC_008570.1,3233436,3265912,32476,islandpath_dimob
NC_008570.1,2225457,2247460,22003,islandpath_dimob
NC_003047.1,2178070,2187110,9040,islandpath_dimob
NC_003047.1,3355323,3440422,85099,islandpath_dimob
NC_008782.1,3220654,3247498,26844,islandpath_dimob
NC_008782.1,3558135,3567508,9373,islandpath_dimob
NC_003047.1,538087,556690,18603,islandpath_dimob
NC_003047.1,656466,677767,21301,islandpath_dimob
NC_003047.1,1148609,1163436,14827,islandpath_dimob
NC_008782.1,2797589,2824026,26437,islandpath_dimob
NC_008782.1,3112658,3134404,21746,islandpath_dimob
NC_008782.1,2609866,2620654,10788,islandpath_dimob
NC_008782.1,2319092,2369252,50160,islandpath_dimob
NC_008782.1,2284331,2300850,16519,islandpath_dimob
NC_008782.1,1517557,1523598,6041,islandpath_dimob
NC_008782.1,1607896,1619031,11135,islandpath_dimob
NC_008782.1,1943302,1955650,12348,islandpath_dimob
NC_008782.1,1494672,1501913,7241,islandpath_dimob
NC_008009.1,5063351,5077163,13812,islandpath_dimob
NC_008009.1,5033693,5059461,25768,islandpath_dimob
NC_008009.1,4675669,4690234,14565,islandpath_dimob
NC_008009.1,3654510,3664047,9537,islandpath_dimob
NC_008009.1,3742509,3750579,8070,islandpath_dimob
NC_008009.1,4433046,4448194,15148,islandpath_dimob
NC_008009.1,3400408,3414004,13596,islandpath_dimob
NC_008009.1,2891676,2913938,22262,islandpath_dimob
NC_008009.1,2470404,2482071,11667,islandpath_dimob
NC_008009.1,1898812,1915729,16917,islandpath_dimob
NC_005966.1,54987,59258,4271,islandpath_dimob
NC_005966.1,1798278,1812223,13945,islandpath_dimob
NC_005966.1,2726463,2739158,12695,islandpath_dimob
NC_009484.1,2706165,2717812,11647,islandpath_dimob
NC_009484.1,1631038,1641406,10368,islandpath_dimob
NC_009484.1,2663764,2686640,22876,islandpath_dimob
NC_009484.1,1431994,1448360,16366,islandpath_dimob
NC_009484.1,1295790,1313812,18022,islandpath_dimob
NC_009484.1,775370,787562,12192,islandpath_dimob
NC_009484.1,866992,908823,41831,islandpath_dimob
NC_009484.1,323467,335993,12526,islandpath_dimob
NC_009484.1,102506,129008,26502,islandpath_dimob
NC_009348.1,4625928,4640552,14624,islandpath_dimob
NC_009348.1,4341785,4379582,37797,islandpath_dimob
NC_009348.1,3821174,3836292,15118,islandpath_dimob
NC_009348.1,3264629,3274474,9845,islandpath_dimob
NC_009348.1,2732737,2751699,18962,islandpath_dimob
NC_009348.1,2609149,2615091,5942,islandpath_dimob
NC_009348.1,2250436,2262518,12082,islandpath_dimob
NC_009348.1,2353993,2376569,22576,islandpath_dimob
NC_009348.1,2038628,2047757,9129,islandpath_dimob
NC_009348.1,2137080,2155039,17959,islandpath_dimob
NC_009348.1,1747232,1758033,10801,islandpath_dimob
NC_009348.1,1677618,1693316,15698,islandpath_dimob
NC_009348.1,1667956,1675690,7734,islandpath_dimob
NC_009348.1,1480996,1532484,51488,islandpath_dimob
NC_009348.1,1077134,1089086,11952,islandpath_dimob
NC_010410.1,3663145,3685500,22355,islandpath_dimob
NC_010410.1,3608899,3657677,48778,islandpath_dimob
NC_010410.1,2723252,2741111,17859,islandpath_dimob
NC_010410.1,2686598,2697551,10953,islandpath_dimob
NC_010410.1,2492219,2500578,8359,islandpath_dimob
NC_010410.1,1819600,1827322,7722,islandpath_dimob
NC_010410.1,2395642,2406996,11354,islandpath_dimob
NC_010410.1,1307530,1315140,7610,islandpath_dimob
NC_007712.1,3240764,3253630,12866,islandpath_dimob
NC_007712.1,3088698,3110694,21996,islandpath_dimob
NC_007712.1,3069862,3076071,6209,islandpath_dimob
NC_007712.1,1949040,1961098,12058,islandpath_dimob
NC_007712.1,2034966,2060994,26028,islandpath_dimob
NC_007712.1,1710501,1722028,11527,islandpath_dimob
NC_007712.1,1377753,1410849,33096,islandpath_dimob
NC_007712.1,1311825,1343396,31571,islandpath_dimob
NC_007712.1,1253471,1298043,44572,islandpath_dimob
NC_007712.1,1204603,1248080,43477,islandpath_dimob
NC_007712.1,1189540,1197189,7649,islandpath_dimob
NC_007712.1,523177,535045,11868,islandpath_dimob
NC_007712.1,156879,185776,28897,islandpath_dimob
NC_009085.1,2942178,2987230,45052,islandpath_dimob
NC_009085.1,1741767,1748770,7003,islandpath_dimob
NC_009085.1,785567,815008,29441,islandpath_dimob
NC_009085.1,672113,732184,60071,islandpath_dimob
NC_010400.1,3295602,3310820,15218,islandpath_dimob
NC_010400.1,3264003,3279516,15513,islandpath_dimob
NC_010400.1,3096423,3109218,12795,islandpath_dimob
NC_010400.1,2538724,2544057,5333,islandpath_dimob
NC_010400.1,3066260,3086807,20547,islandpath_dimob
NC_010400.1,2482570,2509007,26437,islandpath_dimob
NC_010400.1,2388804,2397600,8796,islandpath_dimob
NC_010400.1,1435023,1442683,7660,islandpath_dimob
NC_010400.1,2127267,2152959,25692,islandpath_dimob
NC_010400.1,707463,739737,32274,islandpath_dimob
NC_010400.1,698241,704545,6304,islandpath_dimob
NC_008260.1,2795286,2807752,12466,islandpath_dimob
NC_008260.1,2346017,2378711,32694,islandpath_dimob
NC_008260.1,238846,244827,5981,islandpath_dimob
NC_007413.1,5140200,5152356,12156,islandpath_dimob
NC_007413.1,4321578,4334604,13026,islandpath_dimob
NC_007413.1,4024118,4074991,50873,islandpath_dimob
NC_007413.1,3840060,3854025,13965,islandpath_dimob
NC_007413.1,3681566,3696963,15397,islandpath_dimob
NC_007413.1,2050979,2062321,11342,islandpath_dimob
NC_007413.1,2313465,2317804,4339,islandpath_dimob
NC_007413.1,2335095,2348521,13426,islandpath_dimob
NC_007413.1,3153032,3187125,34093,islandpath_dimob
NC_007413.1,334202,347539,13337,islandpath_dimob
NC_009675.1,4945864,4956918,11054,islandpath_dimob
NC_009675.1,3238025,3248776,10751,islandpath_dimob
NC_009675.1,3828676,3852084,23408,islandpath_dimob
NC_009675.1,3070170,3083640,13470,islandpath_dimob
NC_009675.1,2625450,2697607,72157,islandpath_dimob
NC_009675.1,1001366,1011749,10383,islandpath_dimob
NC_008340.1,2609445,2647769,38324,islandpath_dimob
NC_008340.1,2039018,2059791,20773,islandpath_dimob
NC_008340.1,1741241,1770222,28981,islandpath_dimob
NC_008340.1,1312090,1321512,9422,islandpath_dimob
NC_008340.1,1233858,1248666,14808,islandpath_dimob
NC_008340.1,874678,887241,12563,islandpath_dimob
NC_008340.1,685509,696535,11026,islandpath_dimob
NC_008340.1,423528,438048,14520,islandpath_dimob
NC_010278.1,2211981,2219584,7603,islandpath_dimob
NC_008340.1,122281,152499,30218,islandpath_dimob
NC_010278.1,1572097,1581584,9487,islandpath_dimob
NC_010278.1,1051531,1071303,19772,islandpath_dimob
NC_003062.2,1173774,1186048,12274,islandpath_dimob
NC_010278.1,1021713,1031297,9584,islandpath_dimob
NC_003062.2,427504,469733,42229,islandpath_dimob
NC_009053.1,2244967,2254645,9678,islandpath_dimob
NC_009053.1,1085816,1102423,16607,islandpath_dimob
NC_009053.1,1057930,1067065,9135,islandpath_dimob
NC_007760.1,3183260,3196102,12842,islandpath_dimob
NC_009053.1,557226,601741,44515,islandpath_dimob
NC_007760.1,2617388,2641026,23638,islandpath_dimob
NC_009655.1,1544061,1550749,6688,islandpath_dimob
NC_009655.1,1362489,1402482,39993,islandpath_dimob
NC_009922.1,2840274,2858552,18278,islandpath_dimob
NC_009922.1,2383907,2391353,7446,islandpath_dimob
NC_009922.1,801182,813017,11835,islandpath_dimob
NC_009922.1,1147750,1199487,51737,islandpath_dimob
NC_009922.1,658428,666574,8146,islandpath_dimob
NC_010163.1,1079086,1100583,21497,islandpath_dimob
NC_010163.1,607210,645629,38419,islandpath_dimob
NC_000854.2,479416,493787,14371,islandpath_dimob
NC_003063.2,2041332,2065296,23964,islandpath_dimob
NC_003063.2,1749248,1765695,16447,islandpath_dimob
NC_009937.1,4358125,4376535,18410,islandpath_dimob
NC_009937.1,4397170,4411965,14795,islandpath_dimob
NC_009937.1,4423421,4430922,7501,islandpath_dimob
NC_003063.2,924430,947985,23555,islandpath_dimob
NC_009937.1,4096316,4140314,43998,islandpath_dimob
NC_009937.1,3753514,3776825,23311,islandpath_dimob
NC_009937.1,2189730,2228428,38698,islandpath_dimob
NC_009937.1,934783,941750,6967,islandpath_dimob
NC_009937.1,1434028,1441443,7415,islandpath_dimob
NC_009937.1,1444290,1454917,10627,islandpath_dimob
NC_009937.1,249289,259616,10327,islandpath_dimob
NC_008541.1,1989623,1998961,9338,islandpath_dimob
NC_008541.1,1047473,1074091,26618,islandpath_dimob
NC_008541.1,489416,502977,13561,islandpath_dimob
NC_003909.8,5182944,5196511,13567,islandpath_dimob
NC_003909.8,4255907,4265826,9919,islandpath_dimob
NC_003909.8,4333100,4350310,17210,islandpath_dimob
NC_003909.8,3820136,3831087,10951,islandpath_dimob
NC_003909.8,3484611,3496001,11390,islandpath_dimob
NC_003909.8,3434436,3449562,15126,islandpath_dimob
NC_003909.8,429276,437087,7811,islandpath_dimob
NC_003909.8,1053351,1059381,6030,islandpath_dimob
NC_003909.8,2945359,2953178,7819,islandpath_dimob
NC_003909.8,163032,202732,39700,islandpath_dimob
NC_005945.1,3474868,3507571,32703,islandpath_dimob
NC_005945.1,3768655,3780914,12259,islandpath_dimob
NC_005945.1,2473976,2493394,19418,islandpath_dimob
NC_008702.1,2901515,2915770,14255,islandpath_dimob
NC_008702.1,3548093,3557067,8974,islandpath_dimob
NC_008702.1,4065986,4073582,7596,islandpath_dimob
NC_005945.1,996727,1005345,8618,islandpath_dimob
NC_005945.1,2056665,2063837,7172,islandpath_dimob
NC_003997.3,3768155,3775167,7012,islandpath_dimob
NC_008702.1,821109,835420,14311,islandpath_dimob
NC_008702.1,2227005,2250140,23135,islandpath_dimob
NC_003997.3,1723942,1728168,4226,islandpath_dimob
NC_003997.3,2056637,2063809,7172,islandpath_dimob
NC_003997.3,3474166,3505682,31516,islandpath_dimob
NC_003997.3,996832,1005450,8618,islandpath_dimob
NC_008711.1,3435252,3480227,44975,islandpath_dimob
NC_008711.1,1898044,1904153,6109,islandpath_dimob
NC_008711.1,3386677,3396743,10066,islandpath_dimob
NC_008711.1,1458396,1501507,43111,islandpath_dimob
NC_008711.1,428228,451989,23761,islandpath_dimob
NC_004722.1,5091067,5098809,7742,islandpath_dimob
NC_004722.1,5007604,5029970,22366,islandpath_dimob
NC_004722.1,4727186,4733517,6331,islandpath_dimob
NC_004722.1,4981516,4999556,18040,islandpath_dimob
NC_004722.1,4386875,4398131,11256,islandpath_dimob
NC_004722.1,2585051,2634013,48962,islandpath_dimob
NC_004722.1,2536719,2562506,25787,islandpath_dimob
NC_004722.1,1234639,1253507,18868,islandpath_dimob
NC_006513.1,3525940,3540808,14868,islandpath_dimob
NC_006513.1,3599683,3606153,6470,islandpath_dimob
NC_006513.1,3756557,3765167,8610,islandpath_dimob
NC_006513.1,4244673,4251430,6757,islandpath_dimob
NC_004722.1,919389,944506,25117,islandpath_dimob
NC_006513.1,3410752,3447909,37157,islandpath_dimob
NC_006513.1,3088149,3113678,25529,islandpath_dimob
NC_006513.1,2714805,2725381,10576,islandpath_dimob
NC_006513.1,1988577,1994622,6045,islandpath_dimob
NC_006513.1,1926083,1931394,5311,islandpath_dimob
NC_006513.1,1940841,1953593,12752,islandpath_dimob
NC_006513.1,1594127,1599338,5211,islandpath_dimob
NC_006513.1,1699762,1708609,8847,islandpath_dimob
NC_006513.1,1494071,1525429,31358,islandpath_dimob
NC_006513.1,1128263,1140464,12201,islandpath_dimob
NC_006513.1,1184569,1191095,6526,islandpath_dimob
NC_006513.1,1421923,1476318,54395,islandpath_dimob
NC_006513.1,882678,918807,36129,islandpath_dimob
NC_006513.1,792487,802942,10455,islandpath_dimob
NC_006513.1,290682,300985,10303,islandpath_dimob
NC_006513.1,429471,440390,10919,islandpath_dimob
NC_006513.1,185091,193842,8751,islandpath_dimob
NC_006513.1,196352,227320,30968,islandpath_dimob
NC_006513.1,143931,177559,33628,islandpath_dimob
NC_007530.2,3768282,3775294,7012,islandpath_dimob
NC_006513.1,40586,48621,8035,islandpath_dimob
NC_007530.2,1724065,1728291,4226,islandpath_dimob
NC_007530.2,2056761,2063933,7172,islandpath_dimob
NC_007530.2,3474293,3505809,31516,islandpath_dimob
NC_007530.2,996833,1005451,8618,islandpath_dimob
NC_006274.1,4327089,4344801,17712,islandpath_dimob
NC_006274.1,3590867,3602488,11621,islandpath_dimob
NC_006274.1,3556090,3584350,28260,islandpath_dimob
NC_006274.1,2537615,2553062,15447,islandpath_dimob
NC_006274.1,2113689,2120615,6926,islandpath_dimob
NC_009725.1,2078050,2095121,17071,islandpath_dimob
NC_009725.1,3451377,3460293,8916,islandpath_dimob
NC_009725.1,1167536,1177273,9737,islandpath_dimob
NC_009725.1,1990181,1996951,6770,islandpath_dimob
NC_005957.1,3535752,3548574,12822,islandpath_dimob
NC_009725.1,697568,712055,14487,islandpath_dimob
NC_005957.1,3119290,3150211,30921,islandpath_dimob
NC_005957.1,2252708,2259810,7102,islandpath_dimob
NC_005957.1,2281477,2295575,14098,islandpath_dimob
NC_005957.1,2533537,2546526,12989,islandpath_dimob
NC_005957.1,944484,969532,25048,islandpath_dimob
NC_005957.1,1666321,1680847,14526,islandpath_dimob
NC_006582.1,3954376,3966289,11913,islandpath_dimob
NC_006582.1,2981145,2988341,7196,islandpath_dimob
NC_006582.1,3823600,3838996,15396,islandpath_dimob
NC_006582.1,3842215,3853257,11042,islandpath_dimob
NC_006582.1,1301522,1310771,9249,islandpath_dimob
NC_006582.1,1439282,1461263,21981,islandpath_dimob
NC_006582.1,1528639,1542491,13852,islandpath_dimob
NC_006582.1,1266903,1282013,15110,islandpath_dimob
NC_006582.1,1143244,1157778,14534,islandpath_dimob
NC_006582.1,890134,918344,28210,islandpath_dimob
NC_009848.1,1701404,1714502,13098,islandpath_dimob
NC_009848.1,608786,622034,13248,islandpath_dimob
NC_006270.3,3463784,3470259,6475,islandpath_dimob
NC_006270.3,4147629,4176539,28910,islandpath_dimob
NC_006270.3,3204369,3211770,7401,islandpath_dimob
NC_006270.3,3422459,3458681,36222,islandpath_dimob
NC_006270.3,1631355,1640053,8698,islandpath_dimob
NC_006270.3,2664114,2673100,8986,islandpath_dimob
NC_006270.3,1503137,1546879,43742,islandpath_dimob
NC_006270.3,1422752,1427034,4282,islandpath_dimob
NC_006270.3,1432951,1438362,5411,islandpath_dimob
NC_006270.3,919193,936855,17662,islandpath_dimob
NC_006322.1,4149557,4177129,27572,islandpath_dimob
NC_006322.1,3422311,3457750,35439,islandpath_dimob
NC_006322.1,2665444,2671689,6245,islandpath_dimob
NC_006322.1,2854954,2866042,11088,islandpath_dimob
NC_006322.1,3204638,3211622,6984,islandpath_dimob
NC_006322.1,1502988,1549044,46056,islandpath_dimob
NC_006322.1,1432967,1438213,5246,islandpath_dimob
NC_006322.1,918555,936706,18151,islandpath_dimob
NC_009674.1,4032990,4058133,25143,islandpath_dimob
NC_009674.1,2707853,2713180,5327,islandpath_dimob
NC_009674.1,3443548,3451551,8003,islandpath_dimob
NC_009674.1,2444603,2462806,18203,islandpath_dimob
NC_009674.1,2471898,2482430,10532,islandpath_dimob
NC_009674.1,2377150,2396935,19785,islandpath_dimob
NC_009674.1,2237470,2272759,35289,islandpath_dimob
NC_009674.1,2060123,2077138,17015,islandpath_dimob
NC_009674.1,1940328,1953914,13586,islandpath_dimob
NC_009674.1,1101199,1111995,10796,islandpath_dimob
NC_009674.1,1797048,1816832,19784,islandpath_dimob
NC_009674.1,846945,853015,6070,islandpath_dimob
NC_009674.1,532558,542835,10277,islandpath_dimob
NC_009674.1,166762,189244,22482,islandpath_dimob
NC_008600.1,4249724,4264806,15082,islandpath_dimob
NC_009850.1,592569,600280,7711,islandpath_dimob
NC_000918.1,713842,730554,16712,islandpath_dimob
NC_008600.1,3536572,3548830,12258,islandpath_dimob
NC_008600.1,2567245,2583055,15810,islandpath_dimob
NC_008600.1,2355657,2378536,22879,islandpath_dimob
NC_008600.1,1281364,1294505,13141,islandpath_dimob
NC_004663.1,5938387,5947284,8897,islandpath_dimob
NC_004663.1,5889215,5902418,13203,islandpath_dimob
NC_004663.1,5720067,5732533,12466,islandpath_dimob
NC_004663.1,4970597,4983382,12785,islandpath_dimob
NC_004663.1,4003482,4017482,14000,islandpath_dimob
NC_004663.1,3755526,3771734,16208,islandpath_dimob
NC_004663.1,3288978,3297816,8838,islandpath_dimob
NC_004663.1,2928738,2938613,9875,islandpath_dimob
NC_004663.1,2783053,2793331,10278,islandpath_dimob
NC_004663.1,2283457,2293747,10290,islandpath_dimob
NC_004663.1,2342233,2348869,6636,islandpath_dimob
NC_004663.1,2412202,2422428,10226,islandpath_dimob
NC_004663.1,1395443,1400367,4924,islandpath_dimob
NC_004663.1,1846800,1874635,27835,islandpath_dimob
NC_004663.1,1303396,1322556,19160,islandpath_dimob
NC_004663.1,238951,257506,18555,islandpath_dimob
NC_004663.1,1145133,1163114,17981,islandpath_dimob
NC_004663.1,74493,112652,38159,islandpath_dimob
NC_009445.1,7367349,7380670,13321,islandpath_dimob
NC_009445.1,7221686,7237172,15486,islandpath_dimob
NC_009445.1,6723897,6733664,9767,islandpath_dimob
NC_009445.1,6626893,6671865,44972,islandpath_dimob
NC_009445.1,3787823,3793244,5421,islandpath_dimob
NC_009445.1,3405775,3424222,18447,islandpath_dimob
NC_009445.1,3149659,3154158,4499,islandpath_dimob
NC_010184.1,3697637,3705654,8017,islandpath_dimob
NC_009445.1,465097,495852,30755,islandpath_dimob
NC_010184.1,3523817,3534612,10795,islandpath_dimob
NC_010184.1,3486325,3517303,30978,islandpath_dimob
NC_010184.1,3157635,3182138,24503,islandpath_dimob
NC_010184.1,1244345,1258709,14364,islandpath_dimob
NC_010184.1,1263027,1268243,5216,islandpath_dimob
NC_010184.1,972776,987285,14509,islandpath_dimob
NC_010184.1,910649,927991,17342,islandpath_dimob
NC_000964.2,2670291,2695253,24962,islandpath_dimob
NC_000964.2,2656546,2668567,12021,islandpath_dimob
NC_000964.2,2151287,2287258,135971,islandpath_dimob
NC_000964.2,738337,746175,7838,islandpath_dimob
NC_000964.2,2049899,2073357,23458,islandpath_dimob
NC_002927.3,4388362,4411964,23602,islandpath_dimob
NC_002927.3,3833598,3851519,17921,islandpath_dimob
NC_002927.3,3739725,3756529,16804,islandpath_dimob
NC_002927.3,2350347,2359294,8947,islandpath_dimob
NC_002927.3,963886,981885,17999,islandpath_dimob
NC_002927.3,522132,538995,16863,islandpath_dimob
NC_003228.3,4763923,4781425,17502,islandpath_dimob
NC_003228.3,2817874,2837314,19440,islandpath_dimob
NC_003228.3,4691319,4728712,37393,islandpath_dimob
NC_003228.3,1958581,1968323,9742,islandpath_dimob
NC_003228.3,536070,550044,13974,islandpath_dimob
NC_003228.3,1484335,1515595,31260,islandpath_dimob
NC_003228.3,1797901,1805701,7800,islandpath_dimob
NC_006347.1,4821769,4824916,3147,islandpath_dimob
NC_006347.1,4838189,4855692,17503,islandpath_dimob
NC_006347.1,4759680,4797074,37394,islandpath_dimob
NC_006347.1,3956548,3973384,16836,islandpath_dimob
NC_006347.1,3188586,3222081,33495,islandpath_dimob
NC_006347.1,2085452,2090672,5220,islandpath_dimob
NC_006347.1,1604713,1624338,19625,islandpath_dimob
NC_006347.1,587125,599973,12848,islandpath_dimob
NC_006347.1,147511,166566,19055,islandpath_dimob
NC_006347.1,115091,135443,20352,islandpath_dimob
NC_009614.1,4526266,4550627,24361,islandpath_dimob
NC_009614.1,4598467,4635735,37268,islandpath_dimob
NC_009614.1,4332100,4363966,31866,islandpath_dimob
NC_009614.1,4206054,4224216,18162,islandpath_dimob
NC_009614.1,4293396,4303566,10170,islandpath_dimob
NC_009614.1,4121982,4130156,8174,islandpath_dimob
NC_009614.1,4005348,4018160,12812,islandpath_dimob
NC_009614.1,3943366,3958024,14658,islandpath_dimob
NC_009614.1,2961243,2974501,13258,islandpath_dimob
NC_009614.1,2738750,2753095,14345,islandpath_dimob
NC_009614.1,2712037,2724200,12163,islandpath_dimob
NC_009614.1,1086047,1123956,37909,islandpath_dimob
NC_009614.1,1730165,1740861,10696,islandpath_dimob
NC_009614.1,2000229,2008828,8599,islandpath_dimob
NC_007716.1,192982,203061,10079,islandpath_dimob
NC_007716.1,369301,386340,17039,islandpath_dimob
NC_009614.1,616133,628010,11877,islandpath_dimob
NC_009614.1,670200,678225,8025,islandpath_dimob
NC_009614.1,981748,996574,14826,islandpath_dimob
NC_004463.1,9029671,9059946,30275,islandpath_dimob
NC_004463.1,9018728,9027532,8804,islandpath_dimob
NC_004463.1,8995110,9009306,14196,islandpath_dimob
NC_004463.1,8788262,8794725,6463,islandpath_dimob
NC_004463.1,8852029,8886781,34752,islandpath_dimob
NC_004463.1,8426672,8464427,37755,islandpath_dimob
NC_004463.1,8282925,8291671,8746,islandpath_dimob
NC_004463.1,6324672,6329540,4868,islandpath_dimob
NC_004463.1,7933986,7943695,9709,islandpath_dimob
NC_004463.1,5726742,5756681,29939,islandpath_dimob
NC_004463.1,5137021,5143753,6732,islandpath_dimob
NC_004463.1,5543989,5563329,19340,islandpath_dimob
NC_004463.1,5116348,5128596,12248,islandpath_dimob
NC_004463.1,5013458,5020851,7393,islandpath_dimob
NC_004463.1,4315594,4323835,8241,islandpath_dimob
NC_004463.1,2302542,2333836,31294,islandpath_dimob
NC_004463.1,2270636,2299850,29214,islandpath_dimob
NC_004463.1,2249866,2261200,11334,islandpath_dimob
NC_004463.1,2235940,2247961,12021,islandpath_dimob
NC_004463.1,2189171,2216621,27450,islandpath_dimob
NC_004463.1,2160654,2183336,22682,islandpath_dimob
NC_004463.1,2128328,2144345,16017,islandpath_dimob
NC_004463.1,2103205,2112347,9142,islandpath_dimob
NC_004463.1,2113342,2126229,12887,islandpath_dimob
NC_004463.1,2057933,2073061,15128,islandpath_dimob
NC_004463.1,2020883,2036906,16023,islandpath_dimob
NC_004463.1,1949720,2019710,69990,islandpath_dimob
NC_004463.1,1924360,1938741,14381,islandpath_dimob
NC_004463.1,1876560,1896383,19823,islandpath_dimob
NC_004463.1,1831408,1857032,25624,islandpath_dimob
NC_004463.1,1806691,1819116,12425,islandpath_dimob
NC_004463.1,1751500,1762853,11353,islandpath_dimob
NC_004463.1,1735032,1746061,11029,islandpath_dimob
NC_010170.1,4844857,4853289,8432,islandpath_dimob
NC_010170.1,4888942,4895713,6771,islandpath_dimob
NC_010170.1,5082400,5092389,9989,islandpath_dimob
NC_004463.1,24729,31715,6986,islandpath_dimob
NC_004463.1,33307,37297,3990,islandpath_dimob
NC_004463.1,924213,954314,30101,islandpath_dimob
NC_010170.1,4817842,4839230,21388,islandpath_dimob
NC_010170.1,4745914,4759852,13938,islandpath_dimob
NC_010170.1,4527696,4574105,46409,islandpath_dimob
NC_010170.1,4493031,4523166,30135,islandpath_dimob
NC_010170.1,3028779,3035535,6756,islandpath_dimob
NC_010170.1,3944228,3969713,25485,islandpath_dimob
NC_010170.1,1479385,1489132,9747,islandpath_dimob
NC_010170.1,1512376,1556283,43907,islandpath_dimob
NC_010170.1,1567494,1580685,13191,islandpath_dimob
NC_010170.1,1423188,1443969,20781,islandpath_dimob
NC_010170.1,1463665,1475277,11612,islandpath_dimob
NC_010170.1,1397876,1402326,4450,islandpath_dimob
NC_010170.1,1359923,1393368,33445,islandpath_dimob
NC_010170.1,1330840,1341819,10979,islandpath_dimob
NC_010170.1,1264178,1308633,44455,islandpath_dimob
NC_010170.1,1202030,1209450,7420,islandpath_dimob
NC_010170.1,1078270,1088961,10691,islandpath_dimob
NC_010170.1,1091207,1134060,42853,islandpath_dimob
NC_010170.1,216116,265555,49439,islandpath_dimob
NC_009485.1,8142523,8203084,60561,islandpath_dimob
NC_009485.1,7663781,7673027,9246,islandpath_dimob
NC_009485.1,7615906,7652879,36973,islandpath_dimob
NC_009485.1,7025479,7044657,19178,islandpath_dimob
NC_009485.1,6847233,6900042,52809,islandpath_dimob
NC_009485.1,6615373,6633538,18165,islandpath_dimob
NC_009485.1,4388739,4393799,5060,islandpath_dimob
NC_009485.1,5175004,5218646,43642,islandpath_dimob
NC_009485.1,3319398,3334043,14645,islandpath_dimob
NC_009485.1,4086257,4094415,8158,islandpath_dimob
NC_009485.1,1652898,1660776,7878,islandpath_dimob
NC_009485.1,1603933,1646796,42863,islandpath_dimob
NC_009485.1,1529147,1541271,12124,islandpath_dimob
NC_009485.1,1492650,1501548,8898,islandpath_dimob
NC_009485.1,1289663,1329693,40030,islandpath_dimob
NC_009485.1,439811,444332,4521,islandpath_dimob
NC_009485.1,587976,613001,25025,islandpath_dimob
NC_002928.3,1963291,1972904,9613,islandpath_dimob
NC_002928.3,541700,554300,12600,islandpath_dimob
NC_005363.1,556823,567582,10759,islandpath_dimob
NC_005363.1,2585467,2613544,28077,islandpath_dimob
NC_010581.1,3380038,3412495,32457,islandpath_dimob
NC_010581.1,3290210,3297106,6896,islandpath_dimob
NC_010581.1,2937112,3035325,98213,islandpath_dimob
NC_010581.1,2602017,2611324,9307,islandpath_dimob
NC_002929.2,4049219,4057018,7799,islandpath_dimob
NC_002929.2,4013878,4026402,12524,islandpath_dimob
NC_002929.2,3823651,3848617,24966,islandpath_dimob
NC_002929.2,3419527,3428955,9428,islandpath_dimob
NC_002929.2,3559488,3569675,10187,islandpath_dimob
NC_002929.2,3574119,3603751,29632,islandpath_dimob
NC_002929.2,3373460,3383483,10023,islandpath_dimob
NC_002929.2,3310328,3327122,16794,islandpath_dimob
NC_002929.2,2736784,2744749,7965,islandpath_dimob
NC_002929.2,3052309,3061389,9080,islandpath_dimob
NC_002929.2,2659541,2682935,23394,islandpath_dimob
NC_002929.2,2295279,2307452,12173,islandpath_dimob
NC_002929.2,2276683,2292494,15811,islandpath_dimob
NC_002929.2,1240643,1248490,7847,islandpath_dimob
NC_002929.2,1772921,1781404,8483,islandpath_dimob
NC_002929.2,59252,70441,11189,islandpath_dimob
NC_002929.2,745202,753526,8324,islandpath_dimob
NC_002929.2,866958,873938,6980,islandpath_dimob
NC_010161.1,2547816,2566166,18350,islandpath_dimob
NC_010161.1,1949640,1967939,18299,islandpath_dimob
NC_010161.1,1501320,1520425,19105,islandpath_dimob
NC_010161.1,1323943,1342527,18584,islandpath_dimob
NC_010161.1,1062227,1069863,7636,islandpath_dimob
NC_010161.1,1181892,1190844,8952,islandpath_dimob
NC_004307.2,1506905,1516670,9765,islandpath_dimob
NC_004307.2,1111440,1149947,38507,islandpath_dimob
NC_008783.1,1100420,1115310,14890,islandpath_dimob
NC_003317.1,1701267,1718757,17490,islandpath_dimob
NC_003317.1,1452059,1468471,16412,islandpath_dimob
NC_003317.1,1203417,1210381,6964,islandpath_dimob
NC_003317.1,1263121,1283952,20831,islandpath_dimob
NC_003317.1,1035296,1049075,13779,islandpath_dimob
NC_003317.1,933005,942196,9191,islandpath_dimob
NC_010103.1,1045386,1056192,10806,islandpath_dimob
NC_010103.1,935896,951808,15912,islandpath_dimob
NC_010103.1,701489,721923,20434,islandpath_dimob
NC_010103.1,513212,527451,14239,islandpath_dimob
NC_006932.1,1795841,1804974,9133,islandpath_dimob
NC_010103.1,262717,279286,16569,islandpath_dimob
NC_006932.1,955742,972020,16278,islandpath_dimob
NC_006932.1,1064104,1072933,8829,islandpath_dimob
NC_006932.1,717678,746414,28736,islandpath_dimob
NC_006932.1,535549,552606,17057,islandpath_dimob
NC_006932.1,285665,301291,15626,islandpath_dimob
NC_010104.1,818902,832786,13884,islandpath_dimob
NC_010104.1,519188,541447,22259,islandpath_dimob
NC_010104.1,341197,362523,21326,islandpath_dimob
NC_006933.1,383637,399249,15612,islandpath_dimob
NC_007511.1,1306824,1335486,28662,islandpath_dimob
NC_007511.1,1147699,1172438,24739,islandpath_dimob
NC_007618.1,1061255,1070066,8811,islandpath_dimob
NC_007618.1,953168,969478,16310,islandpath_dimob
NC_007618.1,720626,741583,20957,islandpath_dimob
NC_007618.1,533326,547380,14054,islandpath_dimob
NC_007618.1,281321,297658,16337,islandpath_dimob
NC_009505.1,1932976,1947516,14540,islandpath_dimob
NC_009505.1,721486,748071,26585,islandpath_dimob
NC_009505.1,286000,300202,14202,islandpath_dimob
NC_009505.1,531481,550309,18828,islandpath_dimob
NC_009505.1,259414,279244,19830,islandpath_dimob
NC_010551.1,1325452,1334522,9070,islandpath_dimob
NC_004310.3,1046934,1057300,10366,islandpath_dimob
NC_004310.3,937043,953358,16315,islandpath_dimob
NC_004310.3,702852,723582,20730,islandpath_dimob
NC_004310.3,513927,531036,17109,islandpath_dimob
NC_004310.3,263440,279297,15857,islandpath_dimob
NC_008542.1,2636584,2647418,10834,islandpath_dimob
NC_008542.1,2621133,2632223,11090,islandpath_dimob
NC_008542.1,1448910,1468811,19901,islandpath_dimob
NC_008542.1,1027520,1041010,13490,islandpath_dimob
NC_008542.1,894684,904861,10177,islandpath_dimob
NC_008542.1,859481,881192,21711,islandpath_dimob
NC_008542.1,487567,508550,20983,islandpath_dimob
NC_008542.1,187257,268588,81331,islandpath_dimob
NC_008542.1,3224,20053,16829,islandpath_dimob
NC_008060.1,3158113,3199826,41713,islandpath_dimob
NC_008060.1,2920184,2936821,16637,islandpath_dimob
NC_008060.1,2805403,2818743,13340,islandpath_dimob
NC_008060.1,1934646,1946682,12036,islandpath_dimob
NC_008060.1,1951043,1962188,11145,islandpath_dimob
NC_008060.1,1346581,1357062,10481,islandpath_dimob
NC_008060.1,482940,496363,13423,islandpath_dimob
NC_008060.1,904272,923167,18895,islandpath_dimob
NC_008060.1,346723,356900,10177,islandpath_dimob
NC_008060.1,311461,333231,21770,islandpath_dimob
NC_010552.1,1985353,1991874,6521,islandpath_dimob
NC_010552.1,341950,354084,12134,islandpath_dimob
NC_010552.1,61831,92656,30825,islandpath_dimob
NC_010552.1,1404,8998,7594,islandpath_dimob
NC_008061.1,2553491,2561918,8427,islandpath_dimob
NC_008061.1,2571119,2595257,24138,islandpath_dimob
NC_008061.1,2442735,2454392,11657,islandpath_dimob
NC_008061.1,2375420,2389212,13792,islandpath_dimob
NC_010169.1,1066523,1077400,10877,islandpath_dimob
NC_010169.1,957199,972784,15585,islandpath_dimob
NC_008061.1,2194595,2212288,17693,islandpath_dimob
NC_010169.1,721766,742495,20729,islandpath_dimob
NC_008061.1,2159774,2180811,21037,islandpath_dimob
NC_010169.1,531917,546460,14543,islandpath_dimob
NC_008061.1,2103949,2135959,32010,islandpath_dimob
NC_010169.1,281101,296817,15716,islandpath_dimob
NC_008061.1,1868507,1893764,25257,islandpath_dimob
NC_008061.1,186295,228032,41737,islandpath_dimob
NC_004311.2,819597,833481,13884,islandpath_dimob
NC_004311.2,529188,541462,12274,islandpath_dimob
NC_004311.2,341083,361935,20852,islandpath_dimob
NC_008390.1,2648663,2685825,37162,islandpath_dimob
NC_008390.1,2159098,2215403,56305,islandpath_dimob
NC_008390.1,1319308,1329352,10044,islandpath_dimob
NC_008390.1,2023071,2035919,12848,islandpath_dimob
NC_008390.1,989258,1006101,16843,islandpath_dimob
NC_008543.1,2877773,2890153,12380,islandpath_dimob
NC_008543.1,2812596,2824249,11653,islandpath_dimob
NC_008543.1,2673316,2693861,20545,islandpath_dimob
NC_008543.1,2249401,2294689,45288,islandpath_dimob
NC_008543.1,587351,614203,26852,islandpath_dimob
NC_008543.1,134133,164499,30366,islandpath_dimob
NC_008543.1,94864,109999,15135,islandpath_dimob
NC_008543.1,56029,75178,19149,islandpath_dimob
NC_003318.1,464792,480479,15687,islandpath_dimob
NC_003318.1,747309,760077,12768,islandpath_dimob
NC_003318.1,195545,202727,7182,islandpath_dimob
NC_009504.1,821342,835929,14587,islandpath_dimob
NC_009504.1,430587,437884,7297,islandpath_dimob
NC_009504.1,495086,503538,8452,islandpath_dimob
NC_009504.1,510797,542448,31651,islandpath_dimob
NC_010167.1,1289708,1298093,8385,islandpath_dimob
NC_010167.1,807404,821285,13881,islandpath_dimob
NC_010167.1,528293,542059,13766,islandpath_dimob
NC_007624.1,674389,682359,7970,islandpath_dimob
NC_010167.1,342436,363125,20689,islandpath_dimob
NC_007624.1,383707,396922,13215,islandpath_dimob
NC_010508.1,2778120,2794407,16287,islandpath_dimob
NC_010508.1,3240958,3248643,7685,islandpath_dimob
NC_010508.1,1980689,1996742,16053,islandpath_dimob
NC_010508.1,1862841,1917005,54164,islandpath_dimob
NC_010508.1,1405222,1417371,12149,islandpath_dimob
NC_010508.1,1211620,1223954,12334,islandpath_dimob
NC_010508.1,985368,995763,10395,islandpath_dimob
NC_010508.1,848912,860578,11666,islandpath_dimob
NC_010508.1,3350,47283,43933,islandpath_dimob
NC_010515.1,2689691,2716643,26952,islandpath_dimob
NC_010515.1,2596234,2610990,14756,islandpath_dimob
NC_010515.1,2162598,2177141,14543,islandpath_dimob
NC_010515.1,2458349,2464154,5805,islandpath_dimob
NC_010515.1,2107699,2149721,42022,islandpath_dimob
NC_010515.1,1519293,1530289,10996,islandpath_dimob
NC_010515.1,1622727,1723337,100610,islandpath_dimob
NC_010515.1,1381965,1400766,18801,islandpath_dimob
NC_010515.1,1404974,1425360,20386,islandpath_dimob
NC_010515.1,1209524,1237135,27611,islandpath_dimob
NC_010515.1,1129309,1141704,12395,islandpath_dimob
NC_008062.1,109213,118786,9573,islandpath_dimob
NC_008062.1,635657,648883,13226,islandpath_dimob
NC_010515.1,681216,703778,22562,islandpath_dimob
NC_007434.1,3975375,4020400,45025,islandpath_dimob
NC_008062.1,62076,72756,10680,islandpath_dimob
NC_007434.1,2430377,2469689,39312,islandpath_dimob
NC_007434.1,2390885,2415766,24881,islandpath_dimob
NC_007434.1,1918773,1942307,23534,islandpath_dimob
NC_007434.1,1832349,1858774,26425,islandpath_dimob
NC_007434.1,1712266,1767638,55372,islandpath_dimob
NC_007434.1,1314806,1349231,34425,islandpath_dimob
NC_007434.1,1006638,1019576,12938,islandpath_dimob
NC_007434.1,791330,808612,17282,islandpath_dimob
NC_010557.1,322419,332509,10090,islandpath_dimob
NC_008391.1,2451147,2460486,9339,islandpath_dimob
NC_006348.1,2785560,2792054,6494,islandpath_dimob
NC_006348.1,2878493,2885683,7190,islandpath_dimob
NC_006348.1,3105829,3112480,6651,islandpath_dimob
NC_006348.1,3116468,3126108,9640,islandpath_dimob
NC_008391.1,700703,714128,13425,islandpath_dimob
NC_006348.1,2665639,2684729,19090,islandpath_dimob
NC_006348.1,2738428,2755920,17492,islandpath_dimob
NC_006348.1,2174747,2184765,10018,islandpath_dimob
NC_006348.1,1288473,1294785,6312,islandpath_dimob
NC_006348.1,2070796,2088036,17240,islandpath_dimob
NC_006348.1,1119461,1130476,11015,islandpath_dimob
NC_006348.1,1152788,1163504,10716,islandpath_dimob
NC_006348.1,898704,902982,4278,islandpath_dimob
NC_006348.1,1058993,1091968,32975,islandpath_dimob
NC_006348.1,523032,531196,8164,islandpath_dimob
NC_006348.1,502655,513732,11077,islandpath_dimob
NC_006348.1,135324,146730,11406,islandpath_dimob
NC_008392.1,759361,784260,24899,islandpath_dimob
NC_008392.1,361210,372009,10799,islandpath_dimob
NC_008544.1,823120,835986,12866,islandpath_dimob
NC_008544.1,90021,96604,6583,islandpath_dimob
NC_008544.1,39999,50576,10577,islandpath_dimob
NC_006349.2,2263491,2271502,8011,islandpath_dimob
NC_006349.2,1916545,1925575,9030,islandpath_dimob
NC_006349.2,935100,948163,13063,islandpath_dimob
NC_006349.2,1223985,1234987,11002,islandpath_dimob
NC_006349.2,1410062,1415974,5912,islandpath_dimob
NC_006349.2,1634491,1648419,13928,islandpath_dimob
NC_006349.2,834396,842689,8293,islandpath_dimob
NC_006349.2,867670,871763,4093,islandpath_dimob
NC_006349.2,886097,897511,11414,islandpath_dimob
NC_006349.2,905100,911023,5923,islandpath_dimob
NC_006349.2,645512,668508,22996,islandpath_dimob
NC_006349.2,589849,596609,6760,islandpath_dimob
NC_006349.2,556918,568753,11835,islandpath_dimob
NC_006349.2,321407,331281,9874,islandpath_dimob
NC_006349.2,432909,474212,41303,islandpath_dimob
NC_006349.2,73259,81848,8589,islandpath_dimob
NC_006349.2,267312,272766,5454,islandpath_dimob
NC_009080.1,3403946,3442589,38643,islandpath_dimob
NC_009080.1,3033445,3043691,10246,islandpath_dimob
NC_009080.1,2813961,2821544,7583,islandpath_dimob
NC_009080.1,2693571,2701057,7486,islandpath_dimob
NC_009080.1,2614705,2621148,6443,islandpath_dimob
NC_009080.1,2298040,2306661,8621,islandpath_dimob
NC_009080.1,2276716,2284062,7346,islandpath_dimob
NC_009080.1,2258502,2266731,8229,islandpath_dimob
NC_009080.1,2055254,2063829,8575,islandpath_dimob
NC_009080.1,2084109,2099981,15872,islandpath_dimob
NC_009080.1,1922303,1933879,11576,islandpath_dimob
NC_009080.1,1543364,1551539,8175,islandpath_dimob
NC_009080.1,1816055,1833295,17240,islandpath_dimob
NC_009080.1,1161163,1167062,5899,islandpath_dimob
NC_009080.1,759225,764817,5592,islandpath_dimob
NC_009080.1,923392,935395,12003,islandpath_dimob
NC_009080.1,240897,252219,11322,islandpath_dimob
NC_009080.1,18463,27579,9116,islandpath_dimob
NC_009080.1,132130,140256,8126,islandpath_dimob
NC_009076.1,3881829,3890943,9114,islandpath_dimob
NC_009076.1,3764448,3807857,43409,islandpath_dimob
NC_009076.1,3712468,3735229,22761,islandpath_dimob
NC_009076.1,3567817,3623351,55534,islandpath_dimob
NC_009076.1,2031124,2070056,38932,islandpath_dimob
NC_009076.1,114383,123783,9400,islandpath_dimob
NC_009076.1,784378,797997,13619,islandpath_dimob
NC_009076.1,1400823,1406485,5662,islandpath_dimob
NC_009076.1,1673778,1682611,8833,islandpath_dimob
NC_008785.1,3431015,3439141,8126,islandpath_dimob
NC_008785.1,3451151,3455659,4508,islandpath_dimob
NC_008785.1,3478179,3488623,10444,islandpath_dimob
NC_009076.1,72919,99739,26820,islandpath_dimob
NC_008785.1,3142745,3159451,16706,islandpath_dimob
NC_008785.1,2884795,2892826,8031,islandpath_dimob
NC_008785.1,3070021,3084276,14255,islandpath_dimob
NC_008785.1,2797639,2805926,8287,islandpath_dimob
NC_008785.1,2611887,2621476,9589,islandpath_dimob
NC_008785.1,2641989,2651970,9981,islandpath_dimob
NC_008785.1,2564154,2572594,8440,islandpath_dimob
NC_008785.1,1881738,1887541,5803,islandpath_dimob
NC_008785.1,2501548,2511956,10408,islandpath_dimob
NC_008785.1,1494048,1501351,7303,islandpath_dimob
NC_008785.1,1525471,1538697,13226,islandpath_dimob
NC_008785.1,1454216,1465695,11479,islandpath_dimob
NC_008785.1,1291963,1307680,15717,islandpath_dimob
NC_008785.1,961445,970149,8704,islandpath_dimob
NC_008785.1,825851,832107,6256,islandpath_dimob
NC_008785.1,919001,936241,17240,islandpath_dimob
NC_008785.1,156834,165585,8751,islandpath_dimob
NC_010084.1,3055244,3067836,12592,islandpath_dimob
NC_010084.1,2677679,2689702,12023,islandpath_dimob
NC_010084.1,2722552,2736010,13458,islandpath_dimob
NC_010084.1,2820754,2853692,32938,islandpath_dimob
NC_010084.1,1985184,1999993,14809,islandpath_dimob
NC_010084.1,2482041,2570942,88901,islandpath_dimob
NC_010084.1,993511,1001727,8216,islandpath_dimob
NC_010084.1,1282894,1289024,6130,islandpath_dimob
NC_010084.1,701674,713978,12304,islandpath_dimob
NC_010084.1,540918,559013,18095,islandpath_dimob
NC_010084.1,7468,18044,10576,islandpath_dimob
NC_009074.1,3790392,3815541,25149,islandpath_dimob
NC_009074.1,3564098,3578147,14049,islandpath_dimob
NC_009074.1,3412581,3435274,22693,islandpath_dimob
NC_009074.1,2975108,3003802,28694,islandpath_dimob
NC_009074.1,2919070,2930444,11374,islandpath_dimob
NC_009074.1,2779849,2785716,5867,islandpath_dimob
NC_009074.1,2122830,2138585,15755,islandpath_dimob
NC_009074.1,2008923,2014646,5723,islandpath_dimob
NC_009074.1,97679,109094,11415,islandpath_dimob
NC_009074.1,1307663,1310976,3313,islandpath_dimob
NC_009074.1,1474290,1492437,18147,islandpath_dimob
NC_009074.1,1544522,1568097,23575,islandpath_dimob
NC_007951.1,4756244,4771581,15337,islandpath_dimob
NC_007951.1,4581784,4604549,22765,islandpath_dimob
NC_007951.1,3560225,3683167,122942,islandpath_dimob
NC_007951.1,3007938,3015089,7151,islandpath_dimob
NC_007951.1,2964733,2991336,26603,islandpath_dimob
NC_007951.1,2919789,2943455,23666,islandpath_dimob
NC_007951.1,2213056,2222451,9395,islandpath_dimob
NC_007951.1,2230272,2248184,17912,islandpath_dimob
NC_007951.1,2071727,2084294,12567,islandpath_dimob
NC_007951.1,2097539,2116703,19164,islandpath_dimob
NC_007951.1,1973431,2003837,30406,islandpath_dimob
NC_007951.1,1913534,1922002,8468,islandpath_dimob
NC_007951.1,1719450,1729119,9669,islandpath_dimob
NC_007951.1,1048673,1059009,10336,islandpath_dimob
NC_007951.1,804171,810915,6744,islandpath_dimob
NC_007951.1,989378,1014605,25227,islandpath_dimob
NC_007951.1,778443,793794,15351,islandpath_dimob
NC_006350.1,3962267,3977121,14854,islandpath_dimob
NC_007951.1,574480,596042,21562,islandpath_dimob
NC_006350.1,3868783,3889477,20694,islandpath_dimob
NC_006350.1,3714325,3727009,12684,islandpath_dimob
NC_006350.1,1967589,1992736,25147,islandpath_dimob
NC_006350.1,1331137,1337464,6327,islandpath_dimob
NC_006350.1,1913561,1952068,38507,islandpath_dimob
NC_006350.1,1089651,1113701,24050,islandpath_dimob
NC_006350.1,847846,900600,52754,islandpath_dimob
NC_009079.1,2291631,2298966,7335,islandpath_dimob
NC_006350.1,98540,104915,6375,islandpath_dimob
NC_006350.1,597182,653746,56564,islandpath_dimob
NC_009079.1,1778381,1785573,7192,islandpath_dimob
NC_009079.1,1805258,1831376,26118,islandpath_dimob
NC_009079.1,1707688,1724098,16410,islandpath_dimob
NC_009079.1,1531242,1538621,7379,islandpath_dimob
NC_009079.1,1634733,1640210,5477,islandpath_dimob
NC_009079.1,1496630,1505401,8771,islandpath_dimob
NC_009079.1,1376771,1388458,11687,islandpath_dimob
NC_009079.1,873120,881254,8134,islandpath_dimob
NC_009079.1,1253177,1258227,5050,islandpath_dimob
NC_009079.1,167932,176368,8436,islandpath_dimob
NC_009079.1,268504,273931,5427,islandpath_dimob
NC_009079.1,300061,305848,5787,islandpath_dimob
NC_009079.1,710354,724656,14302,islandpath_dimob
NC_009079.1,75432,82882,7450,islandpath_dimob
NC_008835.1,1862124,1869246,7122,islandpath_dimob
NC_008835.1,2137962,2152426,14464,islandpath_dimob
NC_008835.1,1696391,1701818,5427,islandpath_dimob
NC_008835.1,1727052,1733735,6683,islandpath_dimob
NC_008835.1,1486600,1497638,11038,islandpath_dimob
NC_008835.1,1570639,1578089,7450,islandpath_dimob
NC_008835.1,920669,927840,7171,islandpath_dimob
NC_008835.1,947458,967459,20001,islandpath_dimob
NC_008835.1,1434244,1441579,7335,islandpath_dimob
NC_008835.1,851261,863798,12537,islandpath_dimob
NC_008835.1,166834,178007,11173,islandpath_dimob
NC_008835.1,672660,682360,9700,islandpath_dimob
NC_008835.1,16821,23795,6974,islandpath_dimob
NC_008835.1,50887,59258,8371,islandpath_dimob
NC_007435.1,2703346,2723667,20321,islandpath_dimob
NC_007435.1,2357722,2386392,28670,islandpath_dimob
NC_007435.1,1449275,1495792,46517,islandpath_dimob
NC_007435.1,1390861,1402964,12103,islandpath_dimob
NC_007435.1,304670,313532,8862,islandpath_dimob
NC_007435.1,196714,272451,75737,islandpath_dimob
NC_009256.1,3544921,3617221,72300,islandpath_dimob
NC_009256.1,2731925,2745577,13652,islandpath_dimob
NC_009256.1,2905478,2915418,9940,islandpath_dimob
NC_009256.1,2948749,2986815,38066,islandpath_dimob
NC_009256.1,2721039,2726486,5447,islandpath_dimob
NC_009256.1,2515220,2527946,12726,islandpath_dimob
NC_009256.1,2388967,2403643,14676,islandpath_dimob
NC_009256.1,2369662,2386492,16830,islandpath_dimob
NC_009256.1,2279448,2295887,16439,islandpath_dimob
NC_009256.1,2238814,2263541,24727,islandpath_dimob
NC_009256.1,2175113,2229480,54367,islandpath_dimob
NC_009256.1,1368690,1376078,7388,islandpath_dimob
NC_009256.1,1289519,1298886,9367,islandpath_dimob
NC_009256.1,180953,207090,26137,islandpath_dimob
NC_009256.1,279208,302785,23577,islandpath_dimob
NC_009075.1,2397900,2405998,8098,islandpath_dimob
NC_009075.1,2735256,2746769,11513,islandpath_dimob
NC_009256.1,9279,23414,14135,islandpath_dimob
NC_009075.1,1642898,1656903,14005,islandpath_dimob
NC_009075.1,941386,955241,13855,islandpath_dimob
NC_009075.1,589895,622584,32689,islandpath_dimob
NC_009075.1,92601,107900,15299,islandpath_dimob
NC_010086.1,1986299,1991801,5502,islandpath_dimob
NC_009075.1,19907,37401,17494,islandpath_dimob
NC_010086.1,1819045,1942747,123702,islandpath_dimob
NC_010086.1,387639,405745,18106,islandpath_dimob
NC_010086.1,877158,891090,13932,islandpath_dimob
NC_010086.1,913071,919318,6247,islandpath_dimob
NC_006351.1,2762409,2830487,68078,islandpath_dimob
NC_006351.1,1628637,1644696,16059,islandpath_dimob
NC_006351.1,519142,567391,48249,islandpath_dimob
NC_006351.1,73093,95884,22791,islandpath_dimob
NC_007952.1,3229683,3255219,25536,islandpath_dimob
NC_007952.1,3258539,3273332,14793,islandpath_dimob
NC_007952.1,3280032,3329027,48995,islandpath_dimob
NC_007952.1,3182317,3226814,44497,islandpath_dimob
NC_007952.1,1306147,1311816,5669,islandpath_dimob
NC_007952.1,1592536,1600766,8230,islandpath_dimob
NC_007952.1,1280870,1289361,8491,islandpath_dimob
NC_007952.1,1210325,1222678,12353,islandpath_dimob
NC_007952.1,1095955,1104668,8713,islandpath_dimob
NC_007952.1,268591,280016,11425,islandpath_dimob
NC_007952.1,124234,145522,21288,islandpath_dimob
NC_007650.1,2423610,2458473,34863,islandpath_dimob
NC_008784.1,1714812,1719867,5055,islandpath_dimob
NC_007650.1,1783505,1795811,12306,islandpath_dimob
NC_007650.1,1250521,1261788,11267,islandpath_dimob
NC_008784.1,1431569,1436990,5421,islandpath_dimob
NC_008784.1,1486799,1499292,12493,islandpath_dimob
NC_008784.1,1330949,1340591,9642,islandpath_dimob
NC_007650.1,1195310,1224660,29350,islandpath_dimob
NC_008784.1,636629,643940,7311,islandpath_dimob
NC_008784.1,1238261,1245711,7450,islandpath_dimob
NC_008784.1,533779,540465,6686,islandpath_dimob
NC_007650.1,721658,735996,14338,islandpath_dimob
NC_008784.1,463043,474675,11632,islandpath_dimob
NC_007650.1,507531,522250,14719,islandpath_dimob
NC_007650.1,427198,442348,15150,islandpath_dimob
NC_008784.1,308239,315133,6894,islandpath_dimob
NC_008784.1,113976,124603,10627,islandpath_dimob
NC_007650.1,329863,339510,9647,islandpath_dimob
NC_007651.1,3663054,3684706,21652,islandpath_dimob
NC_007651.1,3723211,3737350,14139,islandpath_dimob
NC_007650.1,84140,109809,25669,islandpath_dimob
NC_007651.1,3560655,3589982,29327,islandpath_dimob
NC_007651.1,3513160,3532022,18862,islandpath_dimob
NC_007651.1,3105837,3161914,56077,islandpath_dimob
NC_007651.1,3068773,3100246,31473,islandpath_dimob
NC_007651.1,2942287,2948264,5977,islandpath_dimob
NC_007651.1,1734402,1741829,7427,islandpath_dimob
NC_007651.1,2167128,2181207,14079,islandpath_dimob
NC_007651.1,2643345,2660745,17400,islandpath_dimob
NC_007651.1,1623846,1656872,33026,islandpath_dimob
NC_007651.1,1036839,1050685,13846,islandpath_dimob
NC_007651.1,96452,150460,54008,islandpath_dimob
NC_007651.1,75032,85790,10758,islandpath_dimob
NC_010087.1,418155,434819,16664,islandpath_dimob
NC_010087.1,463844,479943,16099,islandpath_dimob
NC_010087.1,482673,511412,28739,islandpath_dimob
NC_010087.1,324973,331816,6843,islandpath_dimob
NC_010087.1,334604,360153,25549,islandpath_dimob
NC_010087.1,398853,407282,8429,islandpath_dimob
NC_010087.1,273138,282847,9709,islandpath_dimob
NC_009255.1,2193731,2203395,9664,islandpath_dimob
NC_009255.1,1895112,1910514,15402,islandpath_dimob
NC_009255.1,1349731,1357865,8134,islandpath_dimob
NC_009255.1,1278246,1290616,12370,islandpath_dimob
NC_009255.1,1254535,1275286,20751,islandpath_dimob
NC_009255.1,1151459,1196374,44915,islandpath_dimob
NC_009255.1,921115,931387,10272,islandpath_dimob
NC_009255.1,1086678,1144301,57623,islandpath_dimob
NC_009255.1,219386,225630,6244,islandpath_dimob
NC_009255.1,758677,783368,24691,islandpath_dimob
NC_009255.1,182089,196982,14893,islandpath_dimob
NC_009437.1,2817522,2837130,19608,islandpath_dimob
NC_009437.1,2673184,2684368,11184,islandpath_dimob
NC_009437.1,2760532,2812835,52303,islandpath_dimob
NC_009437.1,2301642,2313447,11805,islandpath_dimob
NC_009437.1,1641843,1661965,20122,islandpath_dimob
NC_009437.1,1820561,1825073,4512,islandpath_dimob
NC_009437.1,1843497,1849716,6219,islandpath_dimob
NC_009437.1,1603995,1617176,13181,islandpath_dimob
NC_009437.1,1282107,1290097,7990,islandpath_dimob
NC_009437.1,944528,949737,5209,islandpath_dimob
NC_009437.1,1196759,1235096,38337,islandpath_dimob
NC_009437.1,522386,528020,5634,islandpath_dimob
NC_009437.1,626134,637386,11252,islandpath_dimob
NC_009437.1,425913,437520,11607,islandpath_dimob
NC_009437.1,157396,179295,21899,islandpath_dimob
NC_009437.1,299181,308396,9215,islandpath_dimob
NC_009437.1,348003,361984,13981,islandpath_dimob
NC_009254.1,824467,833120,8653,islandpath_dimob
NC_009802.1,368471,380848,12377,islandpath_dimob
NC_009802.1,1587044,1616145,29101,islandpath_dimob
NC_009254.1,803989,813190,9201,islandpath_dimob
NC_009254.1,746696,754623,7927,islandpath_dimob
NC_009254.1,771170,785490,14320,islandpath_dimob
NC_009254.1,658838,671054,12216,islandpath_dimob
NC_009254.1,686522,726471,39949,islandpath_dimob
NC_009254.1,113792,119968,6176,islandpath_dimob
NC_009254.1,450899,460824,9925,islandpath_dimob
NC_009254.1,26658,37285,10627,islandpath_dimob
NC_009254.1,77421,92631,15210,islandpath_dimob
NC_009954.1,1513623,1540405,26782,islandpath_dimob
NC_009954.1,1106128,1118688,12560,islandpath_dimob
NC_009943.1,3262117,3301462,39345,islandpath_dimob
NC_009943.1,2968117,2979763,11646,islandpath_dimob
NC_009943.1,1645605,1653916,8311,islandpath_dimob
NC_010338.1,5115506,5120897,5391,islandpath_dimob
NC_010338.1,4534341,4545319,10978,islandpath_dimob
NC_010338.1,4500840,4512324,11484,islandpath_dimob
NC_010338.1,4484638,4495285,10647,islandpath_dimob
NC_010338.1,4111503,4126110,14607,islandpath_dimob
NC_010338.1,3747513,3784374,36861,islandpath_dimob
NC_010338.1,2771321,2781886,10565,islandpath_dimob
NC_010338.1,1393365,1406278,12913,islandpath_dimob
NC_010338.1,1208594,1234093,25499,islandpath_dimob
NC_008599.1,1668888,1674918,6030,islandpath_dimob
NC_010338.1,492590,497368,4778,islandpath_dimob
NC_010338.1,656147,667797,11650,islandpath_dimob
NC_010338.1,1162866,1181227,18361,islandpath_dimob
NC_002696.2,3563745,3568119,4374,islandpath_dimob
NC_002696.2,3576847,3582544,5697,islandpath_dimob
NC_002696.2,3616826,3621096,4270,islandpath_dimob
NC_002696.2,3843219,3851001,7782,islandpath_dimob
NC_008599.1,657895,679318,21423,islandpath_dimob
NC_002696.2,2941644,2954592,12948,islandpath_dimob
NC_002696.2,1880981,1891098,10117,islandpath_dimob
NC_002696.2,725748,737973,12225,islandpath_dimob
NC_009715.1,1870526,1874206,3680,islandpath_dimob
NC_009715.1,1472325,1489060,16735,islandpath_dimob
NC_003912.7,1021521,1070805,49284,islandpath_dimob
NC_003912.7,486634,500069,13435,islandpath_dimob
NC_003912.7,231434,242362,10928,islandpath_dimob
NC_009714.1,1504314,1512589,8275,islandpath_dimob
NC_009714.1,692116,704895,12779,islandpath_dimob
NC_009714.1,117388,161642,44254,islandpath_dimob
NC_009714.1,50992,65803,14811,islandpath_dimob
NC_010424.1,1814726,1825871,11145,islandpath_dimob
NC_010424.1,1888326,1933933,45607,islandpath_dimob
NC_010424.1,1782005,1812695,30690,islandpath_dimob
NC_010424.1,1571175,1583372,12197,islandpath_dimob
NC_010424.1,1305752,1313131,7379,islandpath_dimob
NC_010424.1,828685,851012,22327,islandpath_dimob
NC_010424.1,803008,822436,19428,islandpath_dimob
NC_010424.1,788293,795798,7505,islandpath_dimob
NC_010424.1,753180,777303,24123,islandpath_dimob
NC_010424.1,719449,738891,19442,islandpath_dimob
NC_010424.1,539070,553546,14476,islandpath_dimob
NC_009707.1,909977,916891,6914,islandpath_dimob
NC_009707.1,760475,778011,17536,islandpath_dimob
NC_009707.1,302534,311990,9456,islandpath_dimob
NC_007503.1,2335940,2367876,31936,islandpath_dimob
NC_007503.1,2236247,2250001,13754,islandpath_dimob
NC_007503.1,1485307,1529093,43786,islandpath_dimob
NC_007503.1,1112594,1175055,62461,islandpath_dimob
NC_007503.1,725455,749836,24381,islandpath_dimob
NC_010482.1,857886,864683,6797,islandpath_dimob
NC_007503.1,258856,263766,4910,islandpath_dimob
NC_007205.1,990347,1003711,13364,islandpath_dimob
NC_010175.1,3274056,3286079,12023,islandpath_dimob
NC_010175.1,2048069,2067008,18939,islandpath_dimob
NC_009617.1,5876466,5883653,7187,islandpath_dimob
NC_010175.1,363843,395629,31786,islandpath_dimob
NC_009617.1,4943741,4950315,6574,islandpath_dimob
NC_009617.1,3762980,3777010,14030,islandpath_dimob
NC_009617.1,4289792,4295303,5511,islandpath_dimob
NC_009617.1,3705931,3712869,6938,islandpath_dimob
NC_009617.1,3357713,3375317,17604,islandpath_dimob
NC_009617.1,2960016,2969547,9531,islandpath_dimob
NC_009617.1,1955372,1962334,6962,islandpath_dimob
NC_009617.1,821573,835891,14318,islandpath_dimob
NC_009617.1,1603061,1619554,16493,islandpath_dimob
NC_007514.1,2432743,2457567,24824,islandpath_dimob
NC_005085.1,4146194,4158709,12515,islandpath_dimob
NC_007514.1,911155,953818,42663,islandpath_dimob
NC_005085.1,1497103,1512388,15285,islandpath_dimob
NC_009792.1,4336796,4361151,24355,islandpath_dimob
NC_005085.1,650569,685178,34609,islandpath_dimob
NC_007899.1,319603,335591,15988,islandpath_dimob
NC_009792.1,3671471,3694351,22880,islandpath_dimob
NC_009792.1,3441582,3448812,7230,islandpath_dimob
NC_009792.1,3228827,3293074,64247,islandpath_dimob
NC_009792.1,816421,873578,57157,islandpath_dimob
NC_002620.2,291660,318133,26473,islandpath_dimob
NC_003030.1,3714554,3729168,14614,islandpath_dimob
NC_003030.1,3665321,3681036,15715,islandpath_dimob
NC_003030.1,2057849,2070462,12613,islandpath_dimob
NC_003030.1,1444875,1460755,15880,islandpath_dimob
NC_003030.1,1272078,1275721,3643,islandpath_dimob
NC_003030.1,1322089,1330893,8804,islandpath_dimob
NC_008639.1,3000486,3030961,30475,islandpath_dimob
NC_008639.1,2656862,2722765,65903,islandpath_dimob
NC_008639.1,2565125,2589943,24818,islandpath_dimob
NC_008639.1,2461195,2478968,17773,islandpath_dimob
NC_008639.1,1056435,1079066,22631,islandpath_dimob
NC_008639.1,1973894,1996094,22200,islandpath_dimob
NC_008639.1,737689,746317,8628,islandpath_dimob
NC_008639.1,890927,897125,6198,islandpath_dimob
NC_008639.1,292938,303570,10632,islandpath_dimob
NC_008639.1,5093,14089,8996,islandpath_dimob
NC_010407.1,3136917,3147771,10854,islandpath_dimob
NC_010407.1,3180656,3191904,11248,islandpath_dimob
NC_010407.1,1146475,1152238,5763,islandpath_dimob
NC_010407.1,2040947,2059914,18967,islandpath_dimob
NC_010407.1,599108,607618,8510,islandpath_dimob
NC_010516.1,2712900,2719834,6934,islandpath_dimob
NC_010516.1,3658497,3672308,13811,islandpath_dimob
NC_010407.1,32766,45317,12551,islandpath_dimob
NC_010516.1,2343212,2353145,9933,islandpath_dimob
NC_010516.1,1490458,1503223,12765,islandpath_dimob
NC_010516.1,2185868,2230670,44802,islandpath_dimob
NC_010516.1,825368,851132,25764,islandpath_dimob
NC_009699.1,3450208,3453491,3283,islandpath_dimob
NC_009699.1,3695105,3706031,10926,islandpath_dimob
NC_009699.1,2729091,2735116,6025,islandpath_dimob
NC_009480.1,2583061,2610686,27625,islandpath_dimob
NC_010520.1,1617529,1635716,18187,islandpath_dimob
NC_010520.1,2327776,2336179,8403,islandpath_dimob
NC_010520.1,2574894,2584713,9819,islandpath_dimob
NC_010520.1,3674382,3694167,19785,islandpath_dimob
NC_009495.1,2505410,2509351,3941,islandpath_dimob
NC_010520.1,842278,853090,10812,islandpath_dimob
NC_010001.1,4323654,4341123,17469,islandpath_dimob
NC_009697.1,2594004,2601442,7438,islandpath_dimob
NC_010001.1,3648168,3664799,16631,islandpath_dimob
NC_010001.1,257661,266047,8386,islandpath_dimob
NC_009706.1,3881741,3941458,59717,islandpath_dimob
NC_009706.1,3577424,3601046,23622,islandpath_dimob
NC_009706.1,3297640,3307235,9595,islandpath_dimob
NC_009706.1,3149651,3170636,20985,islandpath_dimob
NC_009706.1,2928465,2940675,12210,islandpath_dimob
NC_009706.1,2680604,2740136,59532,islandpath_dimob
NC_009706.1,2669699,2679837,10138,islandpath_dimob
NC_009706.1,2616231,2625221,8990,islandpath_dimob
NC_009706.1,2642508,2665387,22879,islandpath_dimob
NC_009706.1,565277,573752,8475,islandpath_dimob
NC_009706.1,1604874,1611888,7014,islandpath_dimob
NC_009706.1,232521,266086,33565,islandpath_dimob
NC_009706.1,60371,77893,17522,islandpath_dimob
NC_002932.3,1487154,1492531,5377,islandpath_dimob
NC_002932.3,1613789,1624809,11020,islandpath_dimob
NC_002932.3,446469,470970,24501,islandpath_dimob
NC_000922.1,1169898,1177236,7338,islandpath_dimob
NC_002491.1,1166304,1173642,7338,islandpath_dimob
NC_009089.1,3933980,3968851,34871,islandpath_dimob
NC_009089.1,3889814,3912114,22300,islandpath_dimob
NC_009089.1,1281482,1320974,39492,islandpath_dimob
NC_009089.1,2143794,2173251,29457,islandpath_dimob
NC_009089.1,585695,617045,31350,islandpath_dimob
NC_009089.1,480432,517971,37539,islandpath_dimob
NC_003910.7,4194927,4202653,7726,islandpath_dimob
NC_009089.1,428111,461598,33487,islandpath_dimob
NC_003910.7,3261796,3271143,9347,islandpath_dimob
NC_003910.7,3054319,3103552,49233,islandpath_dimob
NC_003910.7,1727873,1733098,5225,islandpath_dimob
NC_003910.7,893588,902028,8440,islandpath_dimob
NC_003910.7,1678924,1685694,6770,islandpath_dimob
NC_003910.7,493195,507202,14007,islandpath_dimob
NC_008261.1,1535490,1546191,10701,islandpath_dimob
NC_008593.1,437980,449799,11819,islandpath_dimob
NC_008262.1,2833502,2845652,12150,islandpath_dimob
NC_008262.1,1717746,1724335,6589,islandpath_dimob
NC_008262.1,1320753,1331444,10691,islandpath_dimob
NC_008262.1,1060394,1070730,10336,islandpath_dimob
NC_008262.1,920802,936183,15381,islandpath_dimob
NC_008262.1,800668,807701,7033,islandpath_dimob
NC_008262.1,889291,894682,5391,islandpath_dimob
NC_008262.1,464154,471705,7551,islandpath_dimob
NC_004557.1,2013854,2058736,44882,islandpath_dimob
NC_010002.1,4895612,4900324,4712,islandpath_dimob
NC_004557.1,1996453,2007078,10625,islandpath_dimob
NC_010002.1,4083534,4097693,14159,islandpath_dimob
NC_010002.1,3895545,3900685,5140,islandpath_dimob
NC_010002.1,3986534,3993380,6846,islandpath_dimob
NC_010002.1,3005848,3016544,10696,islandpath_dimob
NC_010002.1,2989674,2998737,9063,islandpath_dimob
NC_010002.1,2940430,2974654,34224,islandpath_dimob
NC_010002.1,2809674,2820283,10609,islandpath_dimob
NC_010002.1,2796462,2803126,6664,islandpath_dimob
NC_010002.1,1933806,1953035,19229,islandpath_dimob
NC_009012.1,3379902,3389795,9893,islandpath_dimob
NC_009012.1,3822304,3838989,16685,islandpath_dimob
NC_010002.1,1883979,1931439,47460,islandpath_dimob
NC_009012.1,3359336,3369934,10598,islandpath_dimob
NC_009012.1,2400025,2406751,6726,islandpath_dimob
NC_009012.1,2940508,2965782,25274,islandpath_dimob
NC_009012.1,2381725,2392471,10746,islandpath_dimob
NC_009012.1,2358384,2377857,19473,islandpath_dimob
NC_009012.1,2230057,2249611,19554,islandpath_dimob
NC_009012.1,1970349,1983882,13533,islandpath_dimob
NC_009012.1,1994549,2004883,10334,islandpath_dimob
NC_009012.1,2007317,2070510,63193,islandpath_dimob
NC_009012.1,1321431,1376508,55077,islandpath_dimob
NC_004369.1,2470400,2476549,6149,islandpath_dimob
NC_004369.1,2984277,2994015,9738,islandpath_dimob
NC_004369.1,3115361,3120673,5312,islandpath_dimob
NC_009012.1,627362,638246,10884,islandpath_dimob
NC_004369.1,2284704,2301688,16984,islandpath_dimob
NC_004369.1,1527836,1535520,7684,islandpath_dimob
NC_004369.1,1557225,1563158,5933,islandpath_dimob
NC_004369.1,1514133,1520268,6135,islandpath_dimob
NC_004369.1,1469685,1477692,8007,islandpath_dimob
NC_004369.1,871792,883273,11481,islandpath_dimob
NC_004369.1,1273105,1304496,31391,islandpath_dimob
NC_004369.1,543351,557933,14582,islandpath_dimob
NC_004369.1,375119,419919,44800,islandpath_dimob
NC_004369.1,44385,55788,11403,islandpath_dimob
NC_004369.1,260213,295340,35127,islandpath_dimob
NC_010546.1,4702321,4717646,15325,islandpath_dimob
NC_010546.1,4374926,4383716,8790,islandpath_dimob
NC_010546.1,3994252,4003646,9394,islandpath_dimob
NC_010546.1,3941796,3950246,8450,islandpath_dimob
NC_010546.1,3913638,3931219,17581,islandpath_dimob
NC_010546.1,2312698,2316655,3957,islandpath_dimob
NC_010546.1,2885468,2904405,18937,islandpath_dimob
NC_010546.1,1911922,1927838,15916,islandpath_dimob
NC_010546.1,904328,914058,9730,islandpath_dimob
NC_010546.1,734547,746902,12355,islandpath_dimob
NC_010546.1,38129,40809,2680,islandpath_dimob
NC_007298.1,3771028,3779778,8750,islandpath_dimob
NC_007298.1,2693911,2715124,21213,islandpath_dimob
NC_007298.1,2603975,2631546,27571,islandpath_dimob
NC_007298.1,2262241,2278368,16127,islandpath_dimob
NC_007298.1,1413492,1432839,19347,islandpath_dimob
NC_007298.1,1136162,1142420,6258,islandpath_dimob
NC_007298.1,842973,877916,34943,islandpath_dimob
NC_007298.1,758609,768947,10338,islandpath_dimob
NC_006958.1,2662111,2669770,7659,islandpath_dimob
NC_006958.1,3128553,3152179,23626,islandpath_dimob
NC_006958.1,1828116,1879358,51242,islandpath_dimob
NC_006958.1,1775929,1826061,50132,islandpath_dimob
NC_006958.1,1084420,1091209,6789,islandpath_dimob
NC_006958.1,953303,963719,10416,islandpath_dimob
NC_009342.1,3152277,3156847,4570,islandpath_dimob
NC_006958.1,368648,387607,18959,islandpath_dimob
NC_006958.1,835045,850794,15749,islandpath_dimob
NC_009342.1,2556243,2566833,10590,islandpath_dimob
NC_009342.1,1547970,1556716,8746,islandpath_dimob
NC_009342.1,594029,623933,29904,islandpath_dimob
NC_009342.1,136868,188969,52101,islandpath_dimob
NC_003450.3,3155247,3178873,23626,islandpath_dimob
NC_003450.3,2690438,2698151,7713,islandpath_dimob
NC_003450.3,1826644,1877886,51242,islandpath_dimob
NC_003450.3,1774457,1824322,49865,islandpath_dimob
NC_003450.3,951834,962249,10415,islandpath_dimob
NC_008255.1,3826172,3835779,9607,islandpath_dimob
NC_003450.3,368647,387200,18553,islandpath_dimob
NC_008255.1,3367573,3398423,30850,islandpath_dimob
NC_008255.1,1682296,1748012,65716,islandpath_dimob
NC_008255.1,284186,292958,8772,islandpath_dimob
NC_008255.1,525549,531960,6411,islandpath_dimob
NC_002935.2,2069482,2076546,7064,islandpath_dimob
NC_008255.1,40004,65184,25180,islandpath_dimob
NC_002935.2,1463322,1472765,9443,islandpath_dimob
NC_002935.2,1866723,1882460,15737,islandpath_dimob
NC_002935.2,786955,796837,9882,islandpath_dimob
NC_007164.1,2127759,2134027,6268,islandpath_dimob
NC_002935.2,23408,33896,10488,islandpath_dimob
NC_007164.1,1848377,1857067,8690,islandpath_dimob
NC_007164.1,2058577,2082860,24283,islandpath_dimob
NC_007164.1,2087355,2099294,11939,islandpath_dimob
NC_007164.1,1463299,1479255,15956,islandpath_dimob
NC_007164.1,1310621,1319790,9169,islandpath_dimob
NC_007164.1,1448455,1460672,12217,islandpath_dimob
NC_007164.1,617024,625185,8161,islandpath_dimob
NC_007164.1,628954,644357,15403,islandpath_dimob
NC_007164.1,575067,580893,5826,islandpath_dimob
NC_007164.1,60412,70494,10082,islandpath_dimob
NC_007164.1,429367,439245,9878,islandpath_dimob
NC_007776.1,2927489,2939984,12495,islandpath_dimob
NC_007776.1,2732931,2749542,16611,islandpath_dimob
NC_007776.1,2324031,2336642,12611,islandpath_dimob
NC_007776.1,1134773,1145998,11225,islandpath_dimob
NC_007776.1,1343931,1362424,18493,islandpath_dimob
NC_007776.1,1637238,1646919,9681,islandpath_dimob
NC_007776.1,1662796,1682515,19719,islandpath_dimob
NC_007776.1,469834,493671,23837,islandpath_dimob
NC_007775.1,2736469,2741725,5256,islandpath_dimob
NC_007776.1,17330,30394,13064,islandpath_dimob
NC_007775.1,2432730,2437699,4969,islandpath_dimob
NC_007775.1,2705996,2715109,9113,islandpath_dimob
NC_007775.1,2088582,2101767,13185,islandpath_dimob
NC_007775.1,2235540,2243624,8084,islandpath_dimob
NC_007775.1,1777019,1786702,9683,islandpath_dimob
NC_007775.1,1641847,1648437,6590,islandpath_dimob
NC_007775.1,1430026,1449745,19719,islandpath_dimob
NC_007775.1,1299385,1316857,17472,islandpath_dimob
NC_007775.1,731382,743219,11837,islandpath_dimob
NC_007775.1,603885,619249,15364,islandpath_dimob
NC_007775.1,563307,570106,6799,islandpath_dimob
NC_010545.1,2233217,2250116,16899,islandpath_dimob
NC_007775.1,405906,412982,7076,islandpath_dimob
NC_010545.1,2112889,2126924,14035,islandpath_dimob
NC_010545.1,1917952,1927643,9691,islandpath_dimob
NC_010545.1,1786950,1799810,12860,islandpath_dimob
NC_010545.1,1697424,1707160,9736,islandpath_dimob
NC_010545.1,744810,757826,13016,islandpath_dimob
NC_010545.1,337552,350940,13388,islandpath_dimob
NC_010545.1,40632,46903,6271,islandpath_dimob
NC_007907.1,5434956,5446230,11274,islandpath_dimob
NC_010545.1,27418,36325,8907,islandpath_dimob
NC_007907.1,5418366,5427336,8970,islandpath_dimob
NC_007907.1,5236630,5311137,74507,islandpath_dimob
NC_007907.1,5168184,5211549,43365,islandpath_dimob
NC_007907.1,5137849,5146825,8976,islandpath_dimob
NC_007907.1,3399659,3425715,26056,islandpath_dimob
NC_007907.1,2304029,2317294,13265,islandpath_dimob
NC_007907.1,1259574,1269422,9848,islandpath_dimob
NC_007907.1,1034061,1061349,27288,islandpath_dimob
NC_007907.1,1011782,1028586,16804,islandpath_dimob
NC_007907.1,962766,976500,13734,islandpath_dimob
NC_007907.1,984634,1001863,17229,islandpath_dimob
NC_007907.1,784803,808761,23958,islandpath_dimob
NC_007907.1,34384,74912,40528,islandpath_dimob
NC_007519.1,3710296,3715031,4735,islandpath_dimob
NC_007907.1,12074,30622,18548,islandpath_dimob
NC_007519.1,3322150,3325853,3703,islandpath_dimob
NC_007519.1,3365890,3395759,29869,islandpath_dimob
NC_007519.1,2967729,2983166,15437,islandpath_dimob
NC_007519.1,2890272,2898122,7850,islandpath_dimob
NC_007519.1,2862606,2887926,25320,islandpath_dimob
NC_007519.1,2778862,2794713,15851,islandpath_dimob
NC_007519.1,1900304,1990442,90138,islandpath_dimob
NC_007519.1,1306866,1316033,9167,islandpath_dimob
NC_007519.1,1785535,1807464,21929,islandpath_dimob
NC_007519.1,917947,1000337,82390,islandpath_dimob
NC_002971.3,981394,991031,9637,islandpath_dimob
NC_002971.3,1049134,1060284,11150,islandpath_dimob
NC_009253.1,3403542,3424209,20667,islandpath_dimob
NC_009253.1,3272367,3291451,19084,islandpath_dimob
NC_009253.1,2844558,2854071,9513,islandpath_dimob
NC_009253.1,2320097,2335217,15120,islandpath_dimob
NC_009253.1,1515871,1524408,8537,islandpath_dimob
NC_009253.1,1941195,1953365,12170,islandpath_dimob
NC_009253.1,1258682,1307228,48546,islandpath_dimob
NC_009253.1,977130,995178,18048,islandpath_dimob
NC_009253.1,916779,927671,10892,islandpath_dimob
NC_009253.1,931094,953044,21950,islandpath_dimob
NC_009727.1,975770,988370,12600,islandpath_dimob
NC_009727.1,1795469,1803067,7598,islandpath_dimob
NC_009253.1,318210,325380,7170,islandpath_dimob
NC_009253.1,533869,540483,6614,islandpath_dimob
NC_009727.1,950836,958030,7194,islandpath_dimob
NC_008025.1,1899219,1905982,6763,islandpath_dimob
NC_009727.1,297246,311943,14697,islandpath_dimob
NC_008025.1,1774869,1780991,6122,islandpath_dimob
NC_008025.1,860666,868577,7911,islandpath_dimob
NC_008025.1,297153,317878,20725,islandpath_dimob
NC_008751.1,2990704,3047707,57003,islandpath_dimob
NC_008751.1,1765341,1787246,21905,islandpath_dimob
NC_008751.1,1662189,1670251,8062,islandpath_dimob
NC_008751.1,1047316,1095255,47939,islandpath_dimob
NC_008751.1,101092,110797,9705,islandpath_dimob
NC_006138.1,2778580,2783463,4883,islandpath_dimob
NC_001263.1,137279,146879,9600,islandpath_dimob
NC_001263.1,518502,538266,19764,islandpath_dimob
NC_001263.1,670701,680770,10069,islandpath_dimob
NC_006138.1,2462052,2464794,2742,islandpath_dimob
NC_006138.1,191458,199008,7550,islandpath_dimob
NC_006138.1,434546,442568,8022,islandpath_dimob
NC_006138.1,28135,41337,13202,islandpath_dimob
NC_007356.1,567933,579282,11349,islandpath_dimob
NC_007356.1,1164458,1192389,27931,islandpath_dimob
NC_007356.1,82308,110374,28066,islandpath_dimob
NC_009952.1,3526685,3569746,43061,islandpath_dimob
NC_009952.1,2648581,2675798,27217,islandpath_dimob
NC_009952.1,2220622,2232828,12206,islandpath_dimob
NC_009952.1,1986343,2010200,23857,islandpath_dimob
NC_009952.1,1006012,1027574,21562,islandpath_dimob
NC_009952.1,396006,409259,13253,islandpath_dimob
NC_009455.1,297686,305690,8004,islandpath_dimob
NC_009455.1,1265760,1274413,8653,islandpath_dimob
NC_009952.1,42669,52772,10103,islandpath_dimob
NC_009455.1,177341,224403,47062,islandpath_dimob
NC_009455.1,93502,103544,10042,islandpath_dimob
NC_002936.3,1323964,1336805,12841,islandpath_dimob
NC_009455.1,68091,79402,11311,islandpath_dimob
NC_002936.3,968488,1024789,56301,islandpath_dimob
NC_002936.3,148436,164207,15771,islandpath_dimob
NC_002936.3,57773,76263,18490,islandpath_dimob
NC_008563.1,4743294,4759514,16220,islandpath_dimob
NC_008563.1,4703111,4721458,18347,islandpath_dimob
NC_008563.1,3332114,3360714,28600,islandpath_dimob
NC_008563.1,3306655,3327140,20485,islandpath_dimob
NC_008563.1,942338,949548,7210,islandpath_dimob
NC_008563.1,2134818,2168238,33420,islandpath_dimob
NC_008563.1,2566526,2595857,29331,islandpath_dimob
NC_008563.1,2953901,2963898,9997,islandpath_dimob
NC_008563.1,296225,327041,30816,islandpath_dimob
NC_009436.1,4038701,4062467,23766,islandpath_dimob
NC_010547.1,306425,311222,4797,islandpath_dimob
NC_008563.1,260575,272666,12091,islandpath_dimob
NC_009436.1,3368124,3381057,12933,islandpath_dimob
NC_009436.1,3121939,3160115,38176,islandpath_dimob
NC_009436.1,1804665,1809250,4585,islandpath_dimob
NC_009436.1,2653866,2661867,8001,islandpath_dimob
NC_009436.1,1680271,1692950,12679,islandpath_dimob
NC_009436.1,1648162,1664432,16270,islandpath_dimob
NC_009436.1,1471472,1487830,16358,islandpath_dimob
NC_009436.1,1106026,1154358,48332,islandpath_dimob
NC_004431.1,4958952,4967547,8595,islandpath_dimob
NC_004431.1,4933881,4951988,18107,islandpath_dimob
NC_004431.1,4915597,4930681,15084,islandpath_dimob
NC_004431.1,4327165,4342234,15069,islandpath_dimob
NC_004431.1,3901329,3907840,6511,islandpath_dimob
NC_004431.1,4291249,4305158,13909,islandpath_dimob
NC_004431.1,3441315,3511592,70277,islandpath_dimob
NC_004431.1,3406498,3438687,32189,islandpath_dimob
NC_004431.1,2745452,2760023,14571,islandpath_dimob
NC_004431.1,2333984,2351618,17634,islandpath_dimob
NC_004431.1,1340628,1345365,4737,islandpath_dimob
NC_004431.1,1401473,1406629,5156,islandpath_dimob
NC_004431.1,1208210,1240752,32542,islandpath_dimob
NC_004431.1,1156476,1198133,41657,islandpath_dimob
NC_004431.1,370454,377851,7397,islandpath_dimob
NC_004431.1,309550,348350,38800,islandpath_dimob
NC_004431.1,248754,251666,2912,islandpath_dimob
NC_004431.1,253783,273530,19747,islandpath_dimob
NC_004547.2,4790693,4802475,11782,islandpath_dimob
NC_004547.2,3861959,3882715,20756,islandpath_dimob
NC_004547.2,3798624,3803930,5306,islandpath_dimob
NC_004547.2,3807474,3810988,3514,islandpath_dimob
NC_004547.2,3814512,3827465,12953,islandpath_dimob
NC_004547.2,3235475,3265660,30185,islandpath_dimob
NC_004547.2,3194785,3227396,32611,islandpath_dimob
NC_004547.2,2811959,2827828,15869,islandpath_dimob
NC_004547.2,2609954,2619993,10039,islandpath_dimob
NC_004547.2,2479533,2486065,6532,islandpath_dimob
NC_004547.2,2497344,2500471,3127,islandpath_dimob
NC_004547.2,1877907,1928122,50215,islandpath_dimob
NC_004547.2,1178142,1201706,23564,islandpath_dimob
NC_004547.2,918246,927840,9594,islandpath_dimob
NC_009778.1,4035408,4045288,9880,islandpath_dimob
NC_009778.1,4360655,4366857,6202,islandpath_dimob
NC_009778.1,2960351,3025377,65026,islandpath_dimob
NC_009778.1,2694981,2700752,5771,islandpath_dimob
NC_009778.1,2236277,2274134,37857,islandpath_dimob
NC_009778.1,1720538,1743995,23457,islandpath_dimob
NC_009778.1,1227287,1240977,13690,islandpath_dimob
NC_009778.1,592842,602908,10066,islandpath_dimob
NC_008253.1,4819437,4837603,18166,islandpath_dimob
NC_008253.1,4757558,4797898,40340,islandpath_dimob
NC_008253.1,3948173,4024543,76370,islandpath_dimob
NC_008253.1,3151659,3176753,25094,islandpath_dimob
NC_008253.1,2834503,2844346,9843,islandpath_dimob
NC_008253.1,3128357,3142150,13793,islandpath_dimob
NC_008253.1,2086458,2101964,15506,islandpath_dimob
NC_008253.1,2066788,2071832,5044,islandpath_dimob
NC_008253.1,1946169,1969721,23552,islandpath_dimob
NC_008253.1,1188070,1191669,3599,islandpath_dimob
NC_008253.1,330169,370901,40732,islandpath_dimob
NC_009801.1,4868455,4886766,18311,islandpath_dimob
NC_008253.1,295886,323299,27413,islandpath_dimob
NC_009801.1,4839013,4858342,19329,islandpath_dimob
NC_009801.1,3768247,3793204,24957,islandpath_dimob
NC_009801.1,3341752,3427961,86209,islandpath_dimob
NC_009801.1,3020720,3032808,12088,islandpath_dimob
NC_009801.1,2899811,2949170,49359,islandpath_dimob
NC_009801.1,2176284,2209846,33562,islandpath_dimob
NC_009801.1,1399433,1415445,16012,islandpath_dimob
NC_009801.1,1754336,1772252,17916,islandpath_dimob
NC_009801.1,836722,857434,20712,islandpath_dimob
NC_002655.2,4651861,4655440,3579,islandpath_dimob
NC_009801.1,328693,337974,9281,islandpath_dimob
NC_009801.1,420649,429267,8618,islandpath_dimob
NC_002655.2,4246342,4264547,18205,islandpath_dimob
NC_002655.2,3922472,3938436,15964,islandpath_dimob
NC_002655.2,3544754,3553946,9192,islandpath_dimob
NC_002655.2,3556370,3574485,18115,islandpath_dimob
NC_002655.2,2812337,2821646,9309,islandpath_dimob
NC_002655.2,2741128,2767389,26261,islandpath_dimob
NC_002655.2,2274294,2309151,34857,islandpath_dimob
NC_002655.2,1893803,1903888,10085,islandpath_dimob
NC_002655.2,1864312,1873590,9278,islandpath_dimob
NC_002655.2,1661164,1673485,12321,islandpath_dimob
NC_002655.2,1741294,1755116,13822,islandpath_dimob
NC_002655.2,1498509,1541637,43128,islandpath_dimob
NC_002695.1,4582702,4585300,2598,islandpath_dimob
NC_002655.2,1479816,1487366,7550,islandpath_dimob
NC_002695.1,5074229,5078917,4688,islandpath_dimob
NC_002695.1,4179120,4197325,18205,islandpath_dimob
NC_002655.2,1455794,1475348,19554,islandpath_dimob
NC_002695.1,3854489,3872711,18222,islandpath_dimob
NC_002655.2,1102902,1146031,43129,islandpath_dimob
NC_002695.1,3488385,3499897,11512,islandpath_dimob
NC_002655.2,1084209,1091759,7550,islandpath_dimob
NC_002695.1,3474905,3486105,11200,islandpath_dimob
NC_002655.2,1060187,1079741,19554,islandpath_dimob
NC_002695.1,2896770,2918210,21440,islandpath_dimob
NC_002655.2,305778,316507,10729,islandpath_dimob
NC_002695.1,2739356,2751434,12078,islandpath_dimob
NC_002655.2,262940,275549,12609,islandpath_dimob
NC_002695.1,1621573,1628141,6568,islandpath_dimob
NC_002695.1,1652430,1663210,10780,islandpath_dimob
NC_002695.1,1778843,1811493,32650,islandpath_dimob
NC_002695.1,1560611,1589509,28898,islandpath_dimob
NC_002695.1,1395641,1405196,9555,islandpath_dimob
NC_002695.1,1415826,1456552,40726,islandpath_dimob
NC_002695.1,1184950,1187853,2903,islandpath_dimob
NC_002695.1,1265560,1273397,7837,islandpath_dimob
NC_002695.1,1372022,1391905,19883,islandpath_dimob
NC_002695.1,1176714,1183156,6442,islandpath_dimob
NC_002695.1,305990,316506,10516,islandpath_dimob
NC_001264.1,76681,90546,13865,islandpath_dimob
NC_000913.2,4496295,4514700,18405,islandpath_dimob
NC_000913.2,2746796,2794808,48012,islandpath_dimob
NC_000913.2,3464822,3476519,11697,islandpath_dimob
NC_000913.2,3875093,3882872,7779,islandpath_dimob
NC_000913.2,2462277,2473892,11615,islandpath_dimob
NC_000913.2,2097889,2110000,12111,islandpath_dimob
NC_000913.2,2060418,2075964,15546,islandpath_dimob
NC_000913.2,1411264,1420750,9486,islandpath_dimob
NC_000913.2,727958,738730,10772,islandpath_dimob
NC_000913.2,1194346,1218071,23725,islandpath_dimob
NC_000913.2,557435,586131,28696,islandpath_dimob
NC_009800.1,3001612,3026302,24690,islandpath_dimob
NC_009800.1,3511387,3522840,11453,islandpath_dimob
NC_009800.1,3904769,3912020,7251,islandpath_dimob
NC_000913.2,290298,297015,6717,islandpath_dimob
NC_000913.2,303722,312001,8279,islandpath_dimob
NC_009800.1,2156843,2178780,21937,islandpath_dimob
NC_009800.1,2651058,2666525,15467,islandpath_dimob
NC_009800.1,2801290,2814230,12940,islandpath_dimob
NC_009800.1,2100996,2125215,24219,islandpath_dimob
NC_009800.1,1264205,1271437,7232,islandpath_dimob
NC_009800.1,794848,811424,16576,islandpath_dimob
NC_009800.1,452700,460184,7484,islandpath_dimob
NC_009800.1,354974,360233,5259,islandpath_dimob
NC_009800.1,375296,382895,7599,islandpath_dimob
NC_009800.1,293304,341497,48193,islandpath_dimob
NC_010473.1,4598058,4616508,18450,islandpath_dimob
NC_010473.1,3557235,3574264,17029,islandpath_dimob
NC_010473.1,2554042,2562174,8132,islandpath_dimob
NC_010473.1,2187482,2201008,13526,islandpath_dimob
NC_010473.1,1500660,1516146,15486,islandpath_dimob
NC_010473.1,2151426,2167960,16534,islandpath_dimob
NC_010473.1,1389891,1399666,9775,islandpath_dimob
NC_010473.1,626555,637448,10893,islandpath_dimob
NC_010473.1,780550,791322,10772,islandpath_dimob
NC_010473.1,279272,290015,10743,islandpath_dimob
NC_010473.1,504656,524188,19532,islandpath_dimob
NC_010473.1,236659,248445,11786,islandpath_dimob
NC_010473.1,253716,272565,18849,islandpath_dimob
NC_008278.1,6858818,6870841,12023,islandpath_dimob
NC_008278.1,3605486,3612790,7304,islandpath_dimob
NC_008278.1,3930476,3935889,5413,islandpath_dimob
NC_008278.1,5877061,5892345,15284,islandpath_dimob
NC_008278.1,3168513,3186065,17552,islandpath_dimob
NC_008278.1,3029591,3038516,8925,islandpath_dimob
NC_008278.1,2979411,3016173,36762,islandpath_dimob
NC_008278.1,2824337,2841350,17013,islandpath_dimob
NC_008278.1,2749052,2755758,6706,islandpath_dimob
NC_008278.1,1879256,1892762,13506,islandpath_dimob
NC_008278.1,511195,518998,7803,islandpath_dimob
NC_009921.1,8674447,8684349,9902,islandpath_dimob
NC_009921.1,8606294,8623294,17000,islandpath_dimob
NC_009921.1,8594180,8604369,10189,islandpath_dimob
NC_009921.1,8559905,8575123,15218,islandpath_dimob
NC_009921.1,8242902,8269769,26867,islandpath_dimob
NC_009921.1,8154281,8218955,64674,islandpath_dimob
NC_009921.1,7666834,7678702,11868,islandpath_dimob
NC_009921.1,7697722,7707580,9858,islandpath_dimob
NC_009921.1,6996248,7026843,30595,islandpath_dimob
NC_009921.1,6688710,6712559,23849,islandpath_dimob
NC_009921.1,6047353,6052493,5140,islandpath_dimob
NC_009921.1,6412433,6420186,7753,islandpath_dimob
NC_009921.1,5328035,5335042,7007,islandpath_dimob
NC_009921.1,5681677,5693455,11778,islandpath_dimob
NC_009921.1,5298531,5307355,8824,islandpath_dimob
NC_009921.1,5212654,5225134,12480,islandpath_dimob
NC_009921.1,4931501,4967722,36221,islandpath_dimob
NC_009921.1,4766797,4780362,13565,islandpath_dimob
NC_009921.1,4188304,4196502,8198,islandpath_dimob
NC_009921.1,4074147,4081265,7118,islandpath_dimob
NC_009921.1,4162485,4178352,15867,islandpath_dimob
NC_009921.1,3724866,3737108,12242,islandpath_dimob
NC_009921.1,4037626,4069618,31992,islandpath_dimob
NC_009921.1,3530971,3539144,8173,islandpath_dimob
NC_009921.1,3620899,3631553,10654,islandpath_dimob
NC_009921.1,3470487,3484643,14156,islandpath_dimob
NC_009921.1,3400736,3406303,5567,islandpath_dimob
NC_009921.1,3444634,3451315,6681,islandpath_dimob
NC_009921.1,3320496,3329384,8888,islandpath_dimob
NC_009921.1,3121238,3154698,33460,islandpath_dimob
NC_009921.1,1817768,1835004,17236,islandpath_dimob
NC_009921.1,2571283,2583273,11990,islandpath_dimob
NC_009921.1,2610033,2616296,6263,islandpath_dimob
NC_009921.1,1759495,1767890,8395,islandpath_dimob
NC_009921.1,1744941,1757257,12316,islandpath_dimob
NC_009921.1,1610725,1633679,22954,islandpath_dimob
NC_009921.1,800425,808093,7668,islandpath_dimob
NC_009921.1,563379,568963,5584,islandpath_dimob
NC_009921.1,571905,579471,7566,islandpath_dimob
NC_009921.1,601149,624794,23645,islandpath_dimob
NC_009921.1,534469,546100,11631,islandpath_dimob
NC_009921.1,76974,89788,12814,islandpath_dimob
AC_000091.1,4502907,4521357,18450,islandpath_dimob
AC_000091.1,4161919,4173253,11334,islandpath_dimob
AC_000091.1,2983070,2995933,12863,islandpath_dimob
AC_000091.1,2100587,2114113,13526,islandpath_dimob
AC_000091.1,2469701,2477833,8132,islandpath_dimob
AC_000091.1,2747520,2795442,47922,islandpath_dimob
AC_000091.1,2064531,2081065,16534,islandpath_dimob
AC_000091.1,1525021,1535565,10544,islandpath_dimob
AC_000091.1,1414954,1430440,15486,islandpath_dimob
AC_000091.1,1196700,1218209,21509,islandpath_dimob
AC_000091.1,729157,739929,10772,islandpath_dimob
AC_000091.1,565324,584856,19532,islandpath_dimob
AC_000091.1,303722,314465,10743,islandpath_dimob
AC_000091.1,288528,297015,8487,islandpath_dimob
AC_000091.1,262555,274341,11786,islandpath_dimob
NC_007722.1,2987653,3002413,14760,islandpath_dimob
NC_007722.1,2198464,2205858,7394,islandpath_dimob
NC_007722.1,2937805,2985040,47235,islandpath_dimob
NC_007722.1,2175431,2193457,18026,islandpath_dimob
NC_007722.1,1627113,1632846,5733,islandpath_dimob
NC_007722.1,859179,879236,20057,islandpath_dimob
NC_009446.1,292386,301736,9350,islandpath_dimob
NC_007722.1,170955,184765,13810,islandpath_dimob
NC_007722.1,827855,855764,27909,islandpath_dimob
NC_010498.1,3665943,3690627,24684,islandpath_dimob
NC_010498.1,4081597,4088941,7344,islandpath_dimob
NC_010498.1,4864603,4904499,39896,islandpath_dimob
NC_010498.1,3294202,3309999,15797,islandpath_dimob
NC_010498.1,3192520,3289768,97248,islandpath_dimob
NC_010498.1,2553140,2570001,16861,islandpath_dimob
NC_010498.1,2260902,2277189,16287,islandpath_dimob
NC_010498.1,2290186,2302908,12722,islandpath_dimob
NC_010498.1,411066,418675,7609,islandpath_dimob
NC_010498.1,1042254,1051443,9189,islandpath_dimob
NC_010498.1,1073298,1098150,24852,islandpath_dimob
NC_010498.1,1651535,1664260,12725,islandpath_dimob
NC_010498.1,306879,331231,24352,islandpath_dimob
NC_009441.1,5321986,5354149,32163,islandpath_dimob
NC_009441.1,4407987,4418906,10919,islandpath_dimob
NC_009441.1,4310800,4400886,90086,islandpath_dimob
NC_009441.1,3167407,3192620,25213,islandpath_dimob
NC_009441.1,3133955,3146700,12745,islandpath_dimob
NC_010556.1,2624737,2635993,11256,islandpath_dimob
NC_009441.1,1028412,1035339,6927,islandpath_dimob
NC_009441.1,2236841,2254944,18103,islandpath_dimob
NC_010556.1,2600259,2621535,21276,islandpath_dimob
NC_010556.1,1323921,1340186,16265,islandpath_dimob
NC_010556.1,322427,344873,22446,islandpath_dimob
NC_007645.1,7184429,7205031,20602,islandpath_dimob
NC_007645.1,7146101,7178468,32367,islandpath_dimob
NC_007645.1,6862431,6897446,35015,islandpath_dimob
NC_007645.1,6502443,6527757,25314,islandpath_dimob
NC_007645.1,6331907,6369963,38056,islandpath_dimob
NC_007645.1,4532335,4536946,4611,islandpath_dimob
NC_007645.1,4557710,4562156,4446,islandpath_dimob
NC_007645.1,4680324,4690980,10656,islandpath_dimob
NC_007645.1,5729259,5735606,6347,islandpath_dimob
NC_007645.1,5746441,5773103,26662,islandpath_dimob
NC_007645.1,3898271,3911849,13578,islandpath_dimob
NC_007645.1,3351251,3355689,4438,islandpath_dimob
NC_007645.1,3367210,3383409,16199,islandpath_dimob
NC_007645.1,3282097,3301987,19890,islandpath_dimob
NC_007645.1,2927708,2934900,7192,islandpath_dimob
NC_007645.1,2416003,2425929,9926,islandpath_dimob
NC_007645.1,2125309,2151789,26480,islandpath_dimob
NC_007645.1,1382296,1394195,11899,islandpath_dimob
NC_007645.1,610795,616530,5735,islandpath_dimob
NC_007645.1,1174448,1181652,7204,islandpath_dimob
NC_009718.1,1774586,1782187,7601,islandpath_dimob
NC_007645.1,383596,415984,32388,islandpath_dimob
NC_009718.1,1550723,1564065,13342,islandpath_dimob
NC_009718.1,1512446,1529090,16644,islandpath_dimob
NC_009718.1,1458452,1476929,18477,islandpath_dimob
NC_009718.1,977339,990851,13512,islandpath_dimob
NC_009718.1,376504,386247,9743,islandpath_dimob
NC_009718.1,414945,424394,9449,islandpath_dimob
NC_009718.1,533308,559723,26415,islandpath_dimob
NC_007777.1,4958181,4967453,9272,islandpath_dimob
NC_007777.1,5034803,5041638,6835,islandpath_dimob
NC_009718.1,33348,40803,7455,islandpath_dimob
NC_007777.1,4924563,4930495,5932,islandpath_dimob
NC_007777.1,4913339,4918774,5435,islandpath_dimob
NC_007777.1,3854110,3872486,18376,islandpath_dimob
NC_007777.1,4015172,4032427,17255,islandpath_dimob
NC_007777.1,3398750,3413241,14491,islandpath_dimob
NC_007777.1,3165964,3172802,6838,islandpath_dimob
NC_007777.1,3028200,3040369,12169,islandpath_dimob
NC_007777.1,2990759,3018422,27663,islandpath_dimob
NC_007777.1,2684168,2687744,3576,islandpath_dimob
NC_007777.1,2694047,2704525,10478,islandpath_dimob
NC_007777.1,2841572,2918080,76508,islandpath_dimob
NC_007777.1,2668112,2676341,8229,islandpath_dimob
NC_007777.1,2565885,2572877,6992,islandpath_dimob
NC_007777.1,2550553,2564204,13651,islandpath_dimob
NC_007777.1,2204953,2216263,11310,islandpath_dimob
NC_007777.1,2290594,2300476,9882,islandpath_dimob
NC_007777.1,2095985,2112605,16620,islandpath_dimob
NC_007777.1,1325632,1338466,12834,islandpath_dimob
NC_007777.1,1424337,1440033,15696,islandpath_dimob
NC_007777.1,1307965,1322886,14921,islandpath_dimob
NC_007777.1,1024784,1053275,28491,islandpath_dimob
NC_007777.1,141625,155449,13824,islandpath_dimob
NC_007777.1,157382,171693,14311,islandpath_dimob
NC_009483.1,4452322,4466504,14182,islandpath_dimob
NC_009483.1,3751031,3770651,19620,islandpath_dimob
NC_009483.1,3239202,3250097,10895,islandpath_dimob
NC_009483.1,1700862,1722312,21450,islandpath_dimob
NC_002939.4,2345865,2350174,4309,islandpath_dimob
NC_002939.4,2383423,2387875,4452,islandpath_dimob
NC_002939.4,2624407,2634336,9929,islandpath_dimob
NC_002939.4,2839607,2864331,24724,islandpath_dimob
NC_002939.4,3033067,3064617,31550,islandpath_dimob
NC_009483.1,1455720,1470666,14946,islandpath_dimob
NC_002939.4,2018274,2038455,20181,islandpath_dimob
NC_002939.4,1873660,1881140,7480,islandpath_dimob
NC_002939.4,1484238,1496618,12380,islandpath_dimob
NC_002939.4,1031008,1040323,9315,islandpath_dimob
NC_002939.4,793258,820170,26912,islandpath_dimob
NC_002939.4,589398,597314,7916,islandpath_dimob
NC_007517.1,2581250,2591374,10124,islandpath_dimob
NC_007517.1,2937906,2942475,4569,islandpath_dimob
NC_007517.1,3159277,3165811,6534,islandpath_dimob
NC_007517.1,3863665,3870492,6827,islandpath_dimob
NC_007517.1,2528210,2552194,23984,islandpath_dimob
NC_007517.1,2435407,2449454,14047,islandpath_dimob
NC_007517.1,2280861,2300718,19857,islandpath_dimob
NC_007517.1,1567009,1579240,12231,islandpath_dimob
NC_007517.1,1475973,1496055,20082,islandpath_dimob
NC_006510.1,3137605,3155130,17525,islandpath_dimob
NC_006510.1,3324418,3367925,43507,islandpath_dimob
NC_006510.1,2912940,2940323,27383,islandpath_dimob
NC_006510.1,2116752,2128681,11929,islandpath_dimob
NC_006510.1,2050464,2066832,16368,islandpath_dimob
NC_006510.1,1927441,1942265,14824,islandpath_dimob
NC_006510.1,1905462,1916201,10739,islandpath_dimob
NC_006510.1,1737643,1757717,20074,islandpath_dimob
NC_006510.1,1721408,1732604,11196,islandpath_dimob
NC_006510.1,1016306,1045973,29667,islandpath_dimob
NC_006510.1,889987,923054,33067,islandpath_dimob
NC_006510.1,800352,816090,15738,islandpath_dimob
NC_006510.1,597020,628865,31845,islandpath_dimob
NC_006510.1,535718,578237,42519,islandpath_dimob
NC_006510.1,314934,341307,26373,islandpath_dimob
NC_009328.1,3509062,3515906,6844,islandpath_dimob
NC_006510.1,169856,186666,16810,islandpath_dimob
NC_009328.1,3364904,3375355,10451,islandpath_dimob
NC_009328.1,2167547,2217645,50098,islandpath_dimob
NC_009328.1,2107596,2126032,18436,islandpath_dimob
NC_009328.1,2081749,2094469,12720,islandpath_dimob
NC_009328.1,1654889,1713921,59032,islandpath_dimob
NC_009328.1,1627818,1641586,13768,islandpath_dimob
NC_009328.1,479505,492244,12739,islandpath_dimob
NC_009328.1,819936,852935,32999,islandpath_dimob
NC_010336.1,1871620,1880177,8557,islandpath_dimob
NC_010336.1,1277047,1287176,10129,islandpath_dimob
NC_010336.1,1056286,1067450,11164,islandpath_dimob
NC_010336.1,835039,843038,7999,islandpath_dimob
NC_010336.1,745438,750409,4971,islandpath_dimob
NC_010336.1,217424,232905,15481,islandpath_dimob
NC_010125.1,2973296,2986482,13186,islandpath_dimob
NC_010125.1,3069917,3081322,11405,islandpath_dimob
NC_010125.1,3400145,3410296,10151,islandpath_dimob
NC_010125.1,3773278,3781005,7727,islandpath_dimob
NC_010125.1,3858427,3866596,8169,islandpath_dimob
NC_010125.1,2942188,2956031,13843,islandpath_dimob
NC_010125.1,2883696,2931974,48278,islandpath_dimob
NC_010125.1,2299498,2307124,7626,islandpath_dimob
NC_010125.1,2487393,2504786,17393,islandpath_dimob
NC_010125.1,2010343,2017836,7493,islandpath_dimob
NC_010125.1,1574862,1600442,25580,islandpath_dimob
NC_010125.1,1072242,1092887,20645,islandpath_dimob
NC_010125.1,1063342,1070425,7083,islandpath_dimob
NC_010125.1,986139,1006960,20821,islandpath_dimob
NC_008571.1,3263228,3266709,3481,islandpath_dimob
NC_010125.1,157067,168243,11176,islandpath_dimob
NC_010125.1,769017,780151,11134,islandpath_dimob
NC_010125.1,969657,983346,13689,islandpath_dimob
NC_008571.1,2512840,2530620,17780,islandpath_dimob
NC_008571.1,1231025,1237153,6128,islandpath_dimob
NC_008571.1,1434798,1455331,20533,islandpath_dimob
NC_008571.1,1005330,1022015,16685,islandpath_dimob
NC_008571.1,949834,974906,25072,islandpath_dimob
NC_008571.1,303027,311188,8161,islandpath_dimob
NC_008571.1,68782,92862,24080,islandpath_dimob
NC_009257.1,1623102,1657626,34524,islandpath_dimob
NC_009257.1,1285975,1300562,14587,islandpath_dimob
NC_009257.1,417083,426590,9507,islandpath_dimob
NC_008245.1,1282475,1290461,7986,islandpath_dimob
NC_009257.1,27236,46598,19362,islandpath_dimob
NC_008245.1,1074320,1086169,11849,islandpath_dimob
NC_007880.1,1515375,1521413,6038,islandpath_dimob
NC_007880.1,1557758,1564340,6582,islandpath_dimob
NC_008245.1,334203,359833,25630,islandpath_dimob
NC_007880.1,323554,337714,14160,islandpath_dimob
NC_007880.1,588982,596625,7643,islandpath_dimob
NC_007880.1,796228,805988,9760,islandpath_dimob
NC_007880.1,1093527,1110046,16519,islandpath_dimob
NC_007880.1,1251093,1257667,6574,islandpath_dimob
NC_007880.1,1366025,1370153,4128,islandpath_dimob
NC_007880.1,230955,253686,22731,islandpath_dimob
NC_003454.1,1499265,1504281,5016,islandpath_dimob
NC_003454.1,769879,775387,5508,islandpath_dimob
NC_008601.1,129531,134309,4778,islandpath_dimob
NC_008601.1,367604,374706,7102,islandpath_dimob
NC_003454.1,366847,372889,6042,islandpath_dimob
NC_008601.1,2794,17975,15181,islandpath_dimob
NC_009749.1,1510360,1517200,6840,islandpath_dimob
NC_009749.1,1876307,1884451,8144,islandpath_dimob
NC_009749.1,1436460,1450205,13745,islandpath_dimob
NC_009749.1,1251746,1266944,15198,islandpath_dimob
NC_009749.1,1310628,1318670,8042,islandpath_dimob
NC_009749.1,588954,597928,8974,islandpath_dimob
NC_009749.1,987364,993599,6235,islandpath_dimob
NC_009749.1,327972,342948,14976,islandpath_dimob
NC_009749.1,230592,253323,22731,islandpath_dimob
NC_008369.1,230663,251349,20686,islandpath_dimob
NC_008369.1,99988,115084,15096,islandpath_dimob
NC_006570.1,1282524,1290651,8127,islandpath_dimob
NC_006570.1,1074369,1085763,11394,islandpath_dimob
NC_006570.1,334251,359881,25630,islandpath_dimob
NC_006677.1,2675846,2682030,6184,islandpath_dimob
NC_006677.1,2647383,2674432,27049,islandpath_dimob
NC_006677.1,2579236,2590234,10998,islandpath_dimob
NC_006677.1,2072159,2082870,10711,islandpath_dimob
NC_006677.1,1637341,1664210,26869,islandpath_dimob
NC_006677.1,1532261,1537735,5474,islandpath_dimob
NC_006677.1,1613088,1626715,13627,islandpath_dimob
NC_006677.1,1509047,1519749,10702,islandpath_dimob
NC_006677.1,1325093,1342615,17522,islandpath_dimob
NC_006677.1,716583,724485,7902,islandpath_dimob
NC_006677.1,1119497,1129390,9893,islandpath_dimob
NC_006677.1,441077,453298,12221,islandpath_dimob
NC_006396.1,2124337,2138369,14032,islandpath_dimob
NC_006396.1,2063746,2077209,13463,islandpath_dimob
NC_006396.1,1495981,1505859,9878,islandpath_dimob
NC_006396.1,1636499,1647451,10952,islandpath_dimob
NC_006396.1,2029689,2048037,18348,islandpath_dimob
NC_006396.1,1405493,1443545,38052,islandpath_dimob
NC_006396.1,1379108,1397526,18418,islandpath_dimob
NC_006396.1,701673,705730,4057,islandpath_dimob
NC_006396.1,934156,941952,7796,islandpath_dimob
NC_006396.1,1294084,1309475,15391,islandpath_dimob
NC_006396.1,514277,535162,20885,islandpath_dimob
NC_008343.1,1552166,1572175,20009,islandpath_dimob
NC_008343.1,1992714,2024549,31835,islandpath_dimob
NC_008343.1,1293091,1317044,23953,islandpath_dimob
NC_008343.1,1177982,1203043,25061,islandpath_dimob
NC_009972.1,6102162,6112633,10471,islandpath_dimob
NC_009972.1,4948839,5080897,132058,islandpath_dimob
NC_009972.1,3177079,3194709,17630,islandpath_dimob
NC_009972.1,2528551,2596964,68413,islandpath_dimob
NC_009972.1,1590920,1621515,30595,islandpath_dimob
NC_000907.1,1559378,1566827,7449,islandpath_dimob
NC_009972.1,1526946,1583693,56747,islandpath_dimob
NC_000907.1,1055912,1066191,10279,islandpath_dimob
NC_007146.2,1113188,1123496,10308,islandpath_dimob
NC_009972.1,736682,779027,42345,islandpath_dimob
NC_007146.2,118869,136399,17530,islandpath_dimob
NC_007146.2,139118,151280,12162,islandpath_dimob
NC_002940.2,1645371,1652297,6926,islandpath_dimob
NC_002940.2,717781,732062,14281,islandpath_dimob
NC_002940.2,1262551,1273146,10595,islandpath_dimob
NC_002940.2,214484,228886,14402,islandpath_dimob
NC_008309.1,1590548,1609365,18817,islandpath_dimob
NC_008309.1,1520967,1532467,11500,islandpath_dimob
NC_008309.1,466559,470145,3586,islandpath_dimob
NC_008309.1,559639,575204,15565,islandpath_dimob
NC_008309.1,451594,464459,12865,islandpath_dimob
NC_009567.1,924429,936888,12459,islandpath_dimob
NC_010519.1,1871683,1892567,20884,islandpath_dimob
NC_010519.1,1922219,1937398,15179,islandpath_dimob
NC_010519.1,2130793,2141042,10249,islandpath_dimob
NC_009567.1,739581,751859,12278,islandpath_dimob
NC_009567.1,754059,766458,12399,islandpath_dimob
NC_010519.1,1339856,1353211,13355,islandpath_dimob
NC_010364.1,737417,753070,15653,islandpath_dimob
NC_010364.1,89422,102777,13355,islandpath_dimob
NC_009648.1,4945767,4951530,5763,islandpath_dimob
NC_010364.1,13812,62712,48900,islandpath_dimob
NC_009648.1,3721890,3732788,10898,islandpath_dimob
NC_009648.1,3224495,3244348,19853,islandpath_dimob
NC_009648.1,2258183,2277879,19696,islandpath_dimob
NC_009648.1,1576295,1600109,23814,islandpath_dimob
NC_009648.1,1495318,1505144,9826,islandpath_dimob
NC_009648.1,1550665,1557162,6497,islandpath_dimob
NC_009648.1,1078780,1092029,13249,islandpath_dimob
NC_009648.1,844921,852121,7200,islandpath_dimob
NC_009648.1,489265,498656,9391,islandpath_dimob
NC_009648.1,293052,316654,23602,islandpath_dimob
NC_008789.1,1411571,1420998,9427,islandpath_dimob
NC_008789.1,1394723,1407615,12892,islandpath_dimob
NC_008789.1,1242815,1271001,28186,islandpath_dimob
NC_008789.1,827730,885348,57618,islandpath_dimob
NC_008789.1,693168,701042,7874,islandpath_dimob
NC_008789.1,360128,368305,8177,islandpath_dimob
NC_007802.1,3578679,3610216,31537,islandpath_dimob
NC_007802.1,2907980,2918129,10149,islandpath_dimob
NC_007802.1,3258721,3277952,19231,islandpath_dimob
NC_007802.1,2875274,2892894,17620,islandpath_dimob
NC_007802.1,1995838,2020805,24967,islandpath_dimob
NC_007802.1,1252980,1259127,6147,islandpath_dimob
NC_007802.1,1490184,1516269,26085,islandpath_dimob
NC_007802.1,221306,236905,15599,islandpath_dimob
NC_009659.1,3524362,3540814,16452,islandpath_dimob
NC_009659.1,3819407,3833369,13962,islandpath_dimob
NC_009659.1,3388552,3404455,15903,islandpath_dimob
NC_009659.1,2497863,2503509,5646,islandpath_dimob
NC_009659.1,2853842,2868040,14198,islandpath_dimob
NC_009659.1,3070077,3143581,73504,islandpath_dimob
NC_009659.1,1998127,2012686,14559,islandpath_dimob
NC_009659.1,1986558,1993143,6585,islandpath_dimob
NC_009659.1,1954781,1968693,13912,islandpath_dimob
NC_009659.1,897993,914690,16697,islandpath_dimob
NC_009659.1,1080970,1099225,18255,islandpath_dimob
NC_009659.1,542560,556119,13559,islandpath_dimob
NC_009138.1,2986862,3004850,17988,islandpath_dimob
NC_009138.1,3158754,3172910,14156,islandpath_dimob
NC_009138.1,3175614,3188997,13383,islandpath_dimob
NC_009138.1,2247025,2255065,8040,islandpath_dimob
NC_009138.1,2515241,2520339,5098,islandpath_dimob
NC_008212.1,2918672,2974419,55747,islandpath_dimob
NC_009138.1,2192879,2223316,30437,islandpath_dimob
NC_008212.1,2891791,2906115,14324,islandpath_dimob
NC_009138.1,2112540,2122641,10101,islandpath_dimob
NC_008212.1,2867765,2879806,12041,islandpath_dimob
NC_009138.1,1976990,2066865,89875,islandpath_dimob
NC_008212.1,2600197,2657747,57550,islandpath_dimob
NC_009138.1,1556012,1564797,8785,islandpath_dimob
NC_008212.1,2248648,2258061,9413,islandpath_dimob
NC_009138.1,1847520,1878413,30893,islandpath_dimob
NC_008212.1,1327298,1409442,82144,islandpath_dimob
NC_009138.1,1523426,1530932,7506,islandpath_dimob
NC_008212.1,1290364,1310789,20425,islandpath_dimob
NC_009138.1,505558,519883,14325,islandpath_dimob
NC_009138.1,1147883,1165344,17461,islandpath_dimob
NC_008358.1,3415494,3425867,10373,islandpath_dimob
NC_008358.1,2699243,2711482,12239,islandpath_dimob
NC_010337.1,2897192,2906942,9750,islandpath_dimob
NC_008358.1,2643953,2676622,32669,islandpath_dimob
NC_010337.1,2805295,2871201,65906,islandpath_dimob
NC_010337.1,820306,831556,11250,islandpath_dimob
NC_010337.1,1195032,1201530,6498,islandpath_dimob
NC_010337.1,2007714,2017573,9859,islandpath_dimob
NC_010337.1,810920,817957,7037,islandpath_dimob
NC_010337.1,604652,612423,7771,islandpath_dimob
NC_010337.1,615223,640809,25586,islandpath_dimob
NC_010337.1,594523,603777,9254,islandpath_dimob
NC_010337.1,32501,53505,21004,islandpath_dimob
NC_010337.1,103699,166316,62617,islandpath_dimob
NC_010337.1,14979,19403,4424,islandpath_dimob
NC_002607.1,1605490,1611981,6491,islandpath_dimob
NC_002607.1,1176275,1190961,14686,islandpath_dimob
NC_002607.1,265598,277980,12382,islandpath_dimob
NC_002607.1,746843,760550,13707,islandpath_dimob
NC_002607.1,166339,188300,21961,islandpath_dimob
NC_002607.1,12978,67491,54513,islandpath_dimob
NC_006512.1,2785261,2814957,29696,islandpath_dimob
NC_006512.1,1715798,1743299,27501,islandpath_dimob
NC_006512.1,1605098,1616345,11247,islandpath_dimob
NC_006512.1,1327356,1337160,9804,islandpath_dimob
NC_006512.1,731401,743285,11884,islandpath_dimob
NC_006512.1,686838,694716,7878,islandpath_dimob
NC_006512.1,699421,707598,8177,islandpath_dimob
NC_009664.1,2919944,2924455,4511,islandpath_dimob
NC_009664.1,4572878,4628076,55198,islandpath_dimob
NC_009664.1,2453731,2479711,25980,islandpath_dimob
NC_009664.1,2415517,2447683,32166,islandpath_dimob
NC_009664.1,2359411,2391961,32550,islandpath_dimob
NC_009664.1,2293906,2303016,9110,islandpath_dimob
NC_009664.1,1809966,1831810,21844,islandpath_dimob
NC_004917.1,732419,740005,7586,islandpath_dimob
NC_000915.1,444268,481159,36891,islandpath_dimob
NC_000915.1,1048091,1071068,22977,islandpath_dimob
NC_008086.1,511849,550902,39053,islandpath_dimob
NC_008086.1,203067,208962,5895,islandpath_dimob
NC_008229.1,1395521,1427299,31778,islandpath_dimob
NC_008229.1,1292683,1295701,3018,islandpath_dimob
NC_008229.1,1341778,1345920,4142,islandpath_dimob
NC_008526.1,2677345,2687498,10153,islandpath_dimob
NC_008229.1,659340,667446,8106,islandpath_dimob
NC_008526.1,2381381,2389366,7985,islandpath_dimob
NC_008526.1,2341476,2356451,14975,islandpath_dimob
NC_008526.1,2075080,2090904,15824,islandpath_dimob
NC_008526.1,1976330,1991771,15441,islandpath_dimob
NC_008526.1,1889018,1938584,49566,islandpath_dimob
NC_008526.1,514443,528771,14328,islandpath_dimob
NC_008526.1,551921,586383,34462,islandpath_dimob
NC_008526.1,499316,511863,12547,islandpath_dimob
NC_008526.1,35487,41092,5605,islandpath_dimob
NC_008526.1,341616,364626,23010,islandpath_dimob
NC_008497.1,1577167,1589614,12447,islandpath_dimob
NC_008818.1,1171843,1187120,15277,islandpath_dimob
NC_008497.1,1273939,1279638,5699,islandpath_dimob
NC_008497.1,1086297,1138850,52553,islandpath_dimob
NC_006397.1,104272,112871,8599,islandpath_dimob
NC_009776.1,486262,494708,8446,islandpath_dimob
NC_008529.1,1769119,1783016,13897,islandpath_dimob
NC_008529.1,1654740,1685356,30616,islandpath_dimob
NC_008529.1,1430761,1436969,6208,islandpath_dimob
NC_008529.1,1521980,1528575,6595,islandpath_dimob
NC_004567.1,2215914,2229003,13089,islandpath_dimob
NC_004567.1,2161732,2204377,42645,islandpath_dimob
NC_004567.1,1804815,1814095,9280,islandpath_dimob
NC_004567.1,1099787,1107080,7293,islandpath_dimob
NC_004567.1,1146477,1153982,7505,islandpath_dimob
NC_004567.1,1666967,1675502,8535,islandpath_dimob
NC_004567.1,943593,968406,24813,islandpath_dimob
NC_006814.3,350491,356725,6234,islandpath_dimob
NC_004567.1,588155,621135,32980,islandpath_dimob
NC_008054.1,1640439,1678385,37946,islandpath_dimob
NC_008054.1,1199172,1210566,11394,islandpath_dimob
NC_005362.1,1742208,1760164,17956,islandpath_dimob
NC_005362.1,1630920,1641538,10618,islandpath_dimob
NC_005362.1,986031,992665,6634,islandpath_dimob
NC_005362.1,929787,946896,17109,islandpath_dimob
NC_010080.1,1927964,1957664,29700,islandpath_dimob
NC_010080.1,1882618,1906734,24116,islandpath_dimob
NC_010080.1,1761257,1774927,13670,islandpath_dimob
NC_010080.1,1180825,1190814,9989,islandpath_dimob
NC_010080.1,180521,192844,12323,islandpath_dimob
NC_010080.1,555428,563824,8396,islandpath_dimob
NC_010524.1,4650056,4657513,7457,islandpath_dimob
NC_010524.1,3495456,3503276,7820,islandpath_dimob
NC_010524.1,3451201,3460751,9550,islandpath_dimob
NC_010524.1,2473166,2476990,3824,islandpath_dimob
NC_010524.1,2396176,2411515,15339,islandpath_dimob
NC_010524.1,2122251,2131102,8851,islandpath_dimob
NC_010524.1,1227628,1239640,12012,islandpath_dimob
NC_010524.1,1012932,1022741,9809,islandpath_dimob
NC_009494.1,3473791,3477786,3995,islandpath_dimob
NC_009494.1,2398143,2407637,9494,islandpath_dimob
NC_009494.1,2335340,2347253,11913,islandpath_dimob
NC_009494.1,2056494,2083003,26509,islandpath_dimob
NC_009494.1,1508562,1515450,6888,islandpath_dimob
NC_009494.1,1756728,1788461,31733,islandpath_dimob
NC_006369.1,2116330,2134706,18376,islandpath_dimob
NC_006369.1,1754293,1765845,11552,islandpath_dimob
NC_006369.1,1207092,1220672,13580,islandpath_dimob
NC_006369.1,210028,231000,20972,islandpath_dimob
NC_002942.5,2355087,2366917,11830,islandpath_dimob
NC_006369.1,64745,74806,10061,islandpath_dimob
NC_002942.5,1164907,1183303,18396,islandpath_dimob
NC_002942.5,173401,186222,12821,islandpath_dimob
NC_010602.1,2253819,2337045,83226,islandpath_dimob
NC_009004.1,2481930,2494309,12379,islandpath_dimob
NC_009004.1,2064421,2094910,30489,islandpath_dimob
NC_009004.1,1683888,1690598,6710,islandpath_dimob
NC_009004.1,1627212,1634922,7710,islandpath_dimob
NC_009004.1,1331494,1350180,18686,islandpath_dimob
NC_009004.1,1200210,1209494,9284,islandpath_dimob
NC_009004.1,1226900,1237828,10928,islandpath_dimob
NC_009004.1,1101507,1113328,11821,islandpath_dimob
NC_009004.1,865872,871277,5405,islandpath_dimob
NC_009004.1,779035,785697,6662,islandpath_dimob
NC_009004.1,793311,802843,9532,islandpath_dimob
NC_009004.1,693318,705926,12608,islandpath_dimob
NC_009004.1,606184,613724,7540,islandpath_dimob
NC_009004.1,640489,649547,9058,islandpath_dimob
NC_009004.1,668849,678446,9597,islandpath_dimob
NC_009004.1,32977,56774,23797,islandpath_dimob
NC_009513.1,1515936,1535054,19118,islandpath_dimob
NC_009513.1,1392268,1434315,42047,islandpath_dimob
NC_009513.1,1198777,1205084,6307,islandpath_dimob
NC_009513.1,1184194,1196550,12356,islandpath_dimob
NC_009513.1,1105270,1123043,17773,islandpath_dimob
NC_002662.1,1743734,1750426,6692,islandpath_dimob
NC_002662.1,2150649,2170951,20302,islandpath_dimob
NC_002662.1,1258160,1268831,10671,islandpath_dimob
NC_002662.1,1451947,1458880,6933,islandpath_dimob
NC_002662.1,646698,651508,4810,islandpath_dimob
NC_002662.1,1036645,1041900,5255,islandpath_dimob
NC_002662.1,1203477,1223216,19739,islandpath_dimob
NC_002662.1,624257,636487,12230,islandpath_dimob
NC_002662.1,84738,95143,10405,islandpath_dimob
NC_002662.1,450421,456487,6066,islandpath_dimob
NC_002662.1,35519,50626,15107,islandpath_dimob
NC_008508.1,3274820,3296425,21605,islandpath_dimob
NC_008508.1,2574302,2589142,14840,islandpath_dimob
NC_008508.1,2959765,2979031,19266,islandpath_dimob
NC_008508.1,2468634,2472820,4186,islandpath_dimob
NC_008508.1,1820936,1836135,15199,islandpath_dimob
NC_008508.1,1680744,1697559,16815,islandpath_dimob
NC_008508.1,777540,794414,16874,islandpath_dimob
NC_008508.1,1369520,1458514,88994,islandpath_dimob
NC_008508.1,505747,521864,16117,islandpath_dimob
NC_008508.1,440033,452225,12192,islandpath_dimob
NC_008508.1,475990,492577,16587,islandpath_dimob
NC_008508.1,401638,417671,16033,islandpath_dimob
NC_007576.1,1161807,1167870,6063,islandpath_dimob
NC_007576.1,595890,613678,17788,islandpath_dimob
NC_007576.1,137131,148203,11072,islandpath_dimob
NC_007929.1,798199,805245,7046,islandpath_dimob
NC_007929.1,1632890,1651320,18430,islandpath_dimob
NC_008576.1,3562276,3569643,7367,islandpath_dimob
NC_007929.1,778908,796965,18057,islandpath_dimob
NC_008576.1,3414266,3537811,123545,islandpath_dimob
NC_008576.1,3355798,3365109,9311,islandpath_dimob
NC_008576.1,3331103,3352507,21404,islandpath_dimob
NC_008576.1,3298823,3326447,27624,islandpath_dimob
NC_008576.1,3230045,3258692,28647,islandpath_dimob
NC_008576.1,2462218,2472152,9934,islandpath_dimob
NC_008576.1,1604429,1670498,66069,islandpath_dimob
NC_008576.1,1560401,1591432,31031,islandpath_dimob
NC_008576.1,1524168,1559179,35011,islandpath_dimob
NC_008576.1,784758,792650,7892,islandpath_dimob
NC_008576.1,1410494,1420082,9588,islandpath_dimob
NC_008576.1,69892,81017,11125,islandpath_dimob
NC_008527.1,2115171,2129642,14471,islandpath_dimob
NC_008527.1,1821928,1831321,9393,islandpath_dimob
NC_008527.1,1661215,1667737,6522,islandpath_dimob
NC_008527.1,1578448,1599208,20760,islandpath_dimob
NC_008527.1,1411313,1417651,6338,islandpath_dimob
NC_008527.1,1427263,1434591,7328,islandpath_dimob
NC_008527.1,1498651,1503281,4630,islandpath_dimob
NC_008527.1,1265556,1277172,11616,islandpath_dimob
NC_008527.1,1080028,1085272,5244,islandpath_dimob
NC_008527.1,1197487,1208721,11234,islandpath_dimob
NC_008527.1,606672,628019,21347,islandpath_dimob
NC_008527.1,100883,111622,10739,islandpath_dimob
NC_008527.1,32067,38847,6780,islandpath_dimob
NC_008510.1,3195865,3206745,10880,islandpath_dimob
NC_008510.1,2873777,2894423,20646,islandpath_dimob
NC_008510.1,2822274,2838553,16279,islandpath_dimob
NC_009654.1,4766993,4789459,22466,islandpath_dimob
NC_008510.1,2607570,2622401,14831,islandpath_dimob
NC_009654.1,4115903,4124780,8877,islandpath_dimob
NC_008510.1,2163681,2181060,17379,islandpath_dimob
NC_008510.1,1579213,1594412,15199,islandpath_dimob
NC_008510.1,1102453,1108914,6461,islandpath_dimob
NC_009654.1,3336880,3342762,5882,islandpath_dimob
NC_008510.1,959696,971279,11583,islandpath_dimob
NC_009654.1,2865706,2936017,70311,islandpath_dimob
NC_008510.1,681787,701409,19622,islandpath_dimob
NC_008510.1,365479,388095,22616,islandpath_dimob
NC_009654.1,316803,331692,14889,islandpath_dimob
NC_005823.1,3729312,3742034,12722,islandpath_dimob
NC_005823.1,3222663,3226850,4187,islandpath_dimob
NC_005823.1,3489577,3514915,25338,islandpath_dimob
NC_005823.1,2453796,2488137,34341,islandpath_dimob
NC_005823.1,907260,924201,16941,islandpath_dimob
NC_005823.1,940701,953138,12437,islandpath_dimob
NC_005823.1,1827759,1851468,23709,islandpath_dimob
NC_005823.1,797781,818966,21185,islandpath_dimob
NC_005823.1,574514,619152,44638,islandpath_dimob
NC_010382.1,3897462,3905527,8065,islandpath_dimob
NC_005823.1,387958,397921,9963,islandpath_dimob
NC_010382.1,3442306,3458793,16487,islandpath_dimob
NC_010382.1,3104182,3123026,18844,islandpath_dimob
NC_010382.1,3188823,3195774,6951,islandpath_dimob
NC_010382.1,2873670,2887810,14140,islandpath_dimob
NC_010382.1,2776316,2783147,6831,islandpath_dimob
NC_010382.1,2009586,2023916,14330,islandpath_dimob
NC_010382.1,2568332,2598637,30305,islandpath_dimob
NC_010382.1,1153604,1186071,32467,islandpath_dimob
NC_008740.1,3541856,3551079,9223,islandpath_dimob
NC_010382.1,1093482,1136280,42798,islandpath_dimob
NC_008740.1,2993950,3000043,6093,islandpath_dimob
NC_008740.1,3521539,3531450,9911,islandpath_dimob
NC_008740.1,1680400,1698307,17907,islandpath_dimob
NC_008740.1,1402654,1430985,28331,islandpath_dimob
NC_008740.1,747289,756530,9241,islandpath_dimob
NC_008740.1,1363821,1373493,9672,islandpath_dimob
NC_008740.1,708294,727167,18873,islandpath_dimob
NC_008740.1,637870,659261,21391,islandpath_dimob
NC_008740.1,448653,462866,14213,islandpath_dimob
NC_008740.1,616928,628293,11365,islandpath_dimob
NC_006087.1,2527597,2537824,10227,islandpath_dimob
NC_008740.1,224323,240708,16385,islandpath_dimob
NC_008740.1,242243,252380,10137,islandpath_dimob
NC_006087.1,2449779,2490043,40264,islandpath_dimob
NC_006087.1,2330595,2344244,13649,islandpath_dimob
NC_006087.1,1925484,1944934,19450,islandpath_dimob
NC_006087.1,2214209,2227680,13471,islandpath_dimob
NC_006087.1,1440449,1454794,14345,islandpath_dimob
NC_006087.1,1337521,1351027,13506,islandpath_dimob
NC_006087.1,762865,782385,19520,islandpath_dimob
NC_006087.1,240436,251945,11509,islandpath_dimob
NC_006087.1,375552,406477,30925,islandpath_dimob
NC_006087.1,34092,48990,14898,islandpath_dimob
NC_002973.6,2088201,2100197,11996,islandpath_dimob
NC_002973.6,510082,521070,10988,islandpath_dimob
NC_003212.1,2606507,2623510,17003,islandpath_dimob
NC_003212.1,2429272,2446346,17074,islandpath_dimob
NC_003212.1,1749411,1762086,12675,islandpath_dimob
NC_004342.1,4043737,4048499,4762,islandpath_dimob
NC_003212.1,1246566,1258842,12276,islandpath_dimob
NC_004342.1,3841973,3853187,11214,islandpath_dimob
NC_004342.1,3672772,3702748,29976,islandpath_dimob
NC_004342.1,3272509,3312408,39899,islandpath_dimob
NC_004342.1,3218037,3221883,3846,islandpath_dimob
NC_004342.1,3233384,3249773,16389,islandpath_dimob
NC_004342.1,3174016,3183836,9820,islandpath_dimob
NC_004342.1,2664016,2671058,7042,islandpath_dimob
NC_004342.1,2497026,2502465,5439,islandpath_dimob
NC_004342.1,1814630,1827878,13248,islandpath_dimob
NC_004342.1,1804600,1811272,6672,islandpath_dimob
NC_004342.1,1741733,1776508,34775,islandpath_dimob
NC_004342.1,1558523,1567666,9143,islandpath_dimob
NC_004342.1,715657,739715,24058,islandpath_dimob
NC_004342.1,592733,601542,8809,islandpath_dimob
NC_008555.1,1210442,1214464,4022,islandpath_dimob
NC_004342.1,414587,421754,7167,islandpath_dimob
NC_004342.1,479895,490862,10967,islandpath_dimob
NC_008555.1,797761,830743,32982,islandpath_dimob
NC_007626.1,4923973,4937576,13603,islandpath_dimob
NC_008011.1,215602,241491,25889,islandpath_dimob
NC_007626.1,4690881,4703830,12949,islandpath_dimob
NC_007626.1,4441262,4450809,9547,islandpath_dimob
NC_007626.1,3601579,3609209,7630,islandpath_dimob
NC_007626.1,4138595,4160386,21791,islandpath_dimob
NC_007626.1,3537892,3558665,20773,islandpath_dimob
NC_007626.1,3400541,3408653,8112,islandpath_dimob
NC_007626.1,2291809,2306070,14261,islandpath_dimob
NC_007626.1,2600750,2619482,18732,islandpath_dimob
NC_007626.1,2236835,2257740,20905,islandpath_dimob
NC_007626.1,2071170,2086325,15155,islandpath_dimob
NC_007626.1,996526,999881,3355,islandpath_dimob
NC_007626.1,980224,992295,12071,islandpath_dimob
NC_007626.1,504095,520784,16689,islandpath_dimob
NC_007626.1,424070,436053,11983,islandpath_dimob
NC_003210.1,1131561,1161672,30111,islandpath_dimob
NC_003210.1,496381,520788,24407,islandpath_dimob
NC_003210.1,351459,374596,23137,islandpath_dimob
NC_008347.1,3057747,3075949,18202,islandpath_dimob
NC_008347.1,3038266,3048511,10245,islandpath_dimob
NC_008347.1,2671178,2700106,28928,islandpath_dimob
NC_008347.1,2518836,2565756,46920,islandpath_dimob
NC_008347.1,1642559,1656986,14427,islandpath_dimob
NC_008347.1,156899,232601,75702,islandpath_dimob
NC_010471.1,1078873,1113780,34907,islandpath_dimob
NC_008531.1,1661811,1666838,5027,islandpath_dimob
NC_010471.1,908706,932867,24161,islandpath_dimob
NC_008531.1,1120608,1131826,11218,islandpath_dimob
NC_008531.1,1069995,1084776,14781,islandpath_dimob
NC_008511.1,219164,235868,16704,islandpath_dimob
NC_008509.1,69523,80212,10689,islandpath_dimob
NC_008509.1,236529,252271,15742,islandpath_dimob
NC_012623.1,212147,227065,14918,islandpath_dimob
NC_012691.1,1747793,1766722,18929,islandpath_dimob
NC_012623.1,1967715,1979866,12151,islandpath_dimob
NC_012623.1,1933256,1942628,9372,islandpath_dimob
NC_011000.1,186107,205964,19857,islandpath_dimob
NC_014098.1,1945097,1955624,10527,islandpath_dimob
NC_010676.1,3378791,3393465,14674,islandpath_dimob
NC_012590.1,45314,53564,8250,islandpath_dimob
NC_012590.1,434882,466047,31165,islandpath_dimob
NC_012623.1,184331,191846,7515,islandpath_dimob
NC_012691.1,1772217,1782058,9841,islandpath_dimob
NC_014098.1,2231783,2244325,12542,islandpath_dimob
NC_010717.1,1642702,1654964,12262,islandpath_dimob
NC_010717.1,1845967,1880264,34297,islandpath_dimob
NC_010717.1,1973339,1977693,4354,islandpath_dimob
NC_010717.1,3486697,3493810,7113,islandpath_dimob
NC_010717.1,3524066,3539207,15141,islandpath_dimob
NC_010717.1,3722888,3728091,5203,islandpath_dimob
NC_010717.1,4096871,4129362,32491,islandpath_dimob
NC_010717.1,4323030,4333693,10663,islandpath_dimob
NC_010717.1,4530256,4540694,10438,islandpath_dimob
NC_010717.1,4627124,4640317,13193,islandpath_dimob
NC_010717.1,4793705,4807125,13420,islandpath_dimob
NC_010717.1,4934527,4947262,12735,islandpath_dimob
NC_010725.1,108270,120208,11938,islandpath_dimob
NC_010725.1,129344,194818,65474,islandpath_dimob
NC_010725.1,355927,367593,11666,islandpath_dimob
NC_010725.1,1447124,1480035,32911,islandpath_dimob
NC_010725.1,2025426,2040718,15292,islandpath_dimob
NC_010725.1,2591860,2605711,13851,islandpath_dimob
NC_010725.1,2782871,2789813,6942,islandpath_dimob
NC_010725.1,2795880,2810298,14418,islandpath_dimob
NC_010725.1,3983591,3992961,9370,islandpath_dimob
NC_010725.1,4031621,4052907,21286,islandpath_dimob
NC_010725.1,4091898,4100312,8414,islandpath_dimob
NC_010725.1,4220414,4251707,31293,islandpath_dimob
NC_010725.1,4320583,4342891,22308,islandpath_dimob
NC_010725.1,4449862,4460968,11106,islandpath_dimob
NC_014098.1,2111606,2131510,19904,islandpath_dimob
NC_010725.1,4515064,4548385,33321,islandpath_dimob
NC_010725.1,5500646,5522479,21833,islandpath_dimob
NC_010718.1,197201,207442,10241,islandpath_dimob
NC_010718.1,374512,408780,34268,islandpath_dimob
NC_012622.1,615323,621744,6421,islandpath_dimob
NC_012622.1,285077,292318,7241,islandpath_dimob
NC_014098.1,1666756,1688348,21592,islandpath_dimob
NC_011295.1,33597,46709,13112,islandpath_dimob
NC_011295.1,1224393,1236887,12494,islandpath_dimob
NC_011206.1,123504,128217,4713,islandpath_dimob
NC_011206.1,206557,231853,25296,islandpath_dimob
NC_011206.1,273853,285884,12031,islandpath_dimob
NC_011206.1,1725841,1747264,21423,islandpath_dimob
NC_011206.1,2764448,2781177,16729,islandpath_dimob
NC_010681.1,102962,240649,137687,islandpath_dimob
NC_010718.1,2267997,2276232,8235,islandpath_dimob
NC_010718.1,2674691,2696646,21955,islandpath_dimob
NC_010718.1,787668,804100,16432,islandpath_dimob
NC_010718.1,1297801,1313639,15838,islandpath_dimob
NC_010718.1,1458449,1473304,14855,islandpath_dimob
NC_012470.1,1883532,1894098,10566,islandpath_dimob
NC_010681.1,244990,321455,76465,islandpath_dimob
NC_010681.1,2940983,2945912,4929,islandpath_dimob
NC_010681.1,4299982,4333650,33668,islandpath_dimob
NC_011283.1,788900,800527,11627,islandpath_dimob
NC_011283.1,1850975,1874385,23410,islandpath_dimob
NC_011283.1,2191382,2203225,11843,islandpath_dimob
NC_010681.1,1210954,1222734,11780,islandpath_dimob
NC_010681.1,1324721,1343477,18756,islandpath_dimob
NC_011283.1,2872110,2892242,20132,islandpath_dimob
NC_011283.1,4228265,4233273,5008,islandpath_dimob
NC_011283.1,4213400,4225934,12534,islandpath_dimob
NC_011145.1,4425286,4437991,12705,islandpath_dimob
NC_011145.1,4468451,4474169,5718,islandpath_dimob
NC_011145.1,4632776,4653032,20256,islandpath_dimob
NC_011283.1,4261004,4268686,7682,islandpath_dimob
NC_011283.1,4445382,4484456,39074,islandpath_dimob
NC_012622.1,1803104,1813906,10802,islandpath_dimob
NC_012622.1,1461895,1471050,9155,islandpath_dimob
NC_014098.1,2335815,2351994,16179,islandpath_dimob
NC_012623.1,1089725,1096194,6469,islandpath_dimob
NC_012560.1,1634265,1642225,7960,islandpath_dimob
NC_012560.1,2041475,2048873,7398,islandpath_dimob
NC_012560.1,2459544,2470273,10729,islandpath_dimob
NC_012560.1,2555892,2588078,32186,islandpath_dimob
NC_012623.1,422916,432937,10021,islandpath_dimob
NC_012622.1,2108998,2118393,9395,islandpath_dimob
NC_010717.1,2204918,2217867,12949,islandpath_dimob
NC_010717.1,2349018,2367132,18114,islandpath_dimob
NC_010717.1,2375676,2395340,19664,islandpath_dimob
NC_010717.1,2657338,2694164,36826,islandpath_dimob
NC_010717.1,2869425,2906251,36826,islandpath_dimob
NC_012623.1,505878,517902,12024,islandpath_dimob
NC_012623.1,972490,984872,12382,islandpath_dimob
NC_012581.1,2177046,2182487,5441,islandpath_dimob
NC_012581.1,3232227,3242051,9824,islandpath_dimob
NC_012581.1,732368,767160,34792,islandpath_dimob
NC_012581.1,458157,470535,12378,islandpath_dimob
NC_012560.1,4938416,4944777,6361,islandpath_dimob
NC_012560.1,3313867,3323299,9432,islandpath_dimob
NC_012560.1,4102346,4106419,4073,islandpath_dimob
NC_012560.1,4207051,4224862,17811,islandpath_dimob
NC_012560.1,3431960,3452053,20093,islandpath_dimob
NC_012560.1,3409488,3414430,4942,islandpath_dimob
NC_012560.1,3293014,3306216,13202,islandpath_dimob
NC_012590.1,1101843,1118746,16903,islandpath_dimob
NC_012563.1,3854235,3868469,14234,islandpath_dimob
NC_012560.1,904997,932655,27658,islandpath_dimob
NC_012563.1,3234851,3243167,8316,islandpath_dimob
NC_012563.1,2606569,2615951,9382,islandpath_dimob
NC_012563.1,2855906,2861937,6031,islandpath_dimob
NC_012563.1,1001768,1011797,10029,islandpath_dimob
NC_012563.1,1168286,1176455,8169,islandpath_dimob
NC_012590.1,2243823,2251077,7254,islandpath_dimob
NC_012563.1,597348,611350,14002,islandpath_dimob
NC_012563.1,885002,904889,19887,islandpath_dimob
NC_012590.1,2101525,2205848,104323,islandpath_dimob
NC_012590.1,1957728,1985939,28211,islandpath_dimob
NC_012587.1,3341536,3356332,14796,islandpath_dimob
NC_012559.1,2460497,2481783,21286,islandpath_dimob
NC_012587.1,2391386,2405078,13692,islandpath_dimob
NC_012587.1,2297139,2343122,45983,islandpath_dimob
NC_012587.1,1706370,1712894,6524,islandpath_dimob
NC_012587.1,1638176,1655049,16873,islandpath_dimob
NC_012587.1,1526818,1532205,5387,islandpath_dimob
NC_012587.1,1185304,1218069,32765,islandpath_dimob
NC_012587.1,629240,647862,18622,islandpath_dimob
NC_012587.1,132895,162109,29214,islandpath_dimob
NC_012559.1,1647289,1663531,16242,islandpath_dimob
NC_012589.1,1802615,1807684,5069,islandpath_dimob
NC_012589.1,1857529,1871892,14363,islandpath_dimob
NC_012559.1,1505462,1519665,14203,islandpath_dimob
NC_012559.1,381332,391097,9765,islandpath_dimob
NC_012559.1,876487,886348,9861,islandpath_dimob
NC_012589.1,1354340,1367597,13257,islandpath_dimob
NC_012589.1,1434707,1448207,13500,islandpath_dimob
NC_012559.1,1130184,1139911,9727,islandpath_dimob
NC_012559.1,1302876,1316255,13379,islandpath_dimob
NC_012559.1,773299,786731,13432,islandpath_dimob
NC_012589.1,737754,749060,11306,islandpath_dimob
NC_012589.1,1681131,1699997,18866,islandpath_dimob
NC_012589.1,556537,567160,10623,islandpath_dimob
NC_012589.1,509946,520308,10362,islandpath_dimob
NC_012588.1,1714373,1721606,7233,islandpath_dimob
NC_012588.1,2329647,2345571,15924,islandpath_dimob
NC_012578.1,1880364,1890519,10155,islandpath_dimob
NC_012588.1,283016,290452,7436,islandpath_dimob
NC_012588.1,919349,930021,10672,islandpath_dimob
NC_012588.1,1676468,1692734,16266,islandpath_dimob
NC_012588.1,428434,432879,4445,islandpath_dimob
NC_012588.1,438986,455226,16240,islandpath_dimob
NC_012578.1,823554,873586,50032,islandpath_dimob
NC_012470.1,1950232,1960049,9817,islandpath_dimob
NC_012470.1,1963476,1998828,35352,islandpath_dimob
NC_012588.1,881604,897990,16386,islandpath_dimob
NC_012578.1,228631,251966,23335,islandpath_dimob
NC_012470.1,1414221,1447432,33211,islandpath_dimob
NC_012470.1,1396815,1409206,12391,islandpath_dimob
NC_012470.1,857720,871981,14261,islandpath_dimob
NC_012470.1,620630,628039,7409,islandpath_dimob
NC_012470.1,263939,269693,5754,islandpath_dimob
NC_012580.1,364090,378037,13947,islandpath_dimob
NC_012580.1,395067,408912,13845,islandpath_dimob
NC_012416.1,715135,732881,17746,islandpath_dimob
NC_012416.1,737640,760645,23005,islandpath_dimob
NC_012416.1,825193,836315,11122,islandpath_dimob
NC_012416.1,1071668,1094872,23204,islandpath_dimob
NC_012416.1,1337332,1349768,12436,islandpath_dimob
NC_012580.1,706598,714326,7728,islandpath_dimob
NC_012416.1,61358,70307,8949,islandpath_dimob
NC_012416.1,565209,588413,23204,islandpath_dimob
NC_012580.1,302857,318768,15911,islandpath_dimob
NC_012580.1,327493,351178,23685,islandpath_dimob
NC_012580.1,211932,222050,10118,islandpath_dimob
NC_011662.2,2319242,2339717,20475,islandpath_dimob
NC_011274.1,1262958,1325825,62867,islandpath_dimob
NC_011184.1,1112876,1122214,9338,islandpath_dimob
NC_011274.1,601995,614286,12291,islandpath_dimob
NC_011274.1,1125462,1155842,30380,islandpath_dimob
NC_011662.2,369884,381718,11834,islandpath_dimob
NC_011274.1,4545096,4556769,11673,islandpath_dimob
NC_011662.2,131957,147158,15201,islandpath_dimob
NC_012623.1,1981970,1989438,7468,islandpath_dimob
NC_012622.1,1197779,1210272,12493,islandpath_dimob
NC_012622.1,695668,702587,6919,islandpath_dimob
NC_011274.1,2048456,2079960,31504,islandpath_dimob
NC_011274.1,4211061,4235108,24047,islandpath_dimob
NC_011147.1,2540611,2576225,35614,islandpath_dimob
NC_011147.1,4457837,4488648,30811,islandpath_dimob
NC_011134.1,1981875,1987434,5559,islandpath_dimob
NC_011147.1,2470307,2523115,52808,islandpath_dimob
NC_011147.1,2997075,3010581,13506,islandpath_dimob
NC_011147.1,2657744,2711091,53347,islandpath_dimob
NC_011294.1,4567276,4582122,14846,islandpath_dimob
NC_011294.1,2015145,2032015,16870,islandpath_dimob
NC_011138.1,1399890,1412478,12588,islandpath_dimob
NC_011138.1,414004,426491,12487,islandpath_dimob
NC_011138.1,1014074,1034192,20118,islandpath_dimob
NC_011138.1,1280229,1299165,18936,islandpath_dimob
NC_010803.1,2480103,2504510,24407,islandpath_dimob
NC_011138.1,309914,412696,102782,islandpath_dimob
NC_010803.1,2051891,2109653,57762,islandpath_dimob
NC_010803.1,1399311,1419699,20388,islandpath_dimob
NC_010803.1,1578898,1592004,13106,islandpath_dimob
NC_010803.1,1440120,1462053,21933,islandpath_dimob
NC_010803.1,1012342,1033208,20866,islandpath_dimob
NC_011333.1,1043495,1082437,38942,islandpath_dimob
NC_010803.1,1135937,1153018,17081,islandpath_dimob
NC_010803.1,254450,262817,8367,islandpath_dimob
NC_010803.1,121989,134984,12995,islandpath_dimob
NC_011001.1,2088184,2146005,57821,islandpath_dimob
NC_011001.1,2983659,2991011,7352,islandpath_dimob
NC_011001.1,2330912,2351855,20943,islandpath_dimob
NC_011001.1,1151306,1165522,14216,islandpath_dimob
NC_011001.1,295312,327483,32171,islandpath_dimob
NC_010678.1,903743,929173,25430,islandpath_dimob
NC_011126.1,1456439,1466543,10104,islandpath_dimob
NC_011001.1,1163,9887,8724,islandpath_dimob
NC_011001.1,379651,396835,17184,islandpath_dimob
NC_011149.1,4665269,4701707,36438,islandpath_dimob
NC_011149.1,1235061,1249272,14211,islandpath_dimob
NC_011149.1,1989050,2032446,43396,islandpath_dimob
NC_010678.1,58473,70094,11621,islandpath_dimob
NC_010678.1,19004,29038,10034,islandpath_dimob
NC_011205.1,2951958,2959989,8031,islandpath_dimob
NC_011149.1,3101606,3113470,11864,islandpath_dimob
NC_011149.1,3542519,3553886,11367,islandpath_dimob
NC_011205.1,4724970,4736289,11319,islandpath_dimob
NC_011149.1,314560,334007,19447,islandpath_dimob
NC_011149.1,1086223,1092053,5830,islandpath_dimob
NC_011149.1,1112821,1127715,14894,islandpath_dimob
NC_011134.1,1232660,1237099,4439,islandpath_dimob
NC_011134.1,1927485,1932340,4855,islandpath_dimob
NC_011134.1,1575390,1586773,11383,islandpath_dimob
NC_011134.1,1494136,1503660,9524,islandpath_dimob
NC_011134.1,314722,327318,12596,islandpath_dimob
NC_011296.1,290172,304007,13835,islandpath_dimob
NC_011134.1,67671,106305,38634,islandpath_dimob
NC_011205.1,2185108,2215532,30424,islandpath_dimob
NC_011205.1,2141931,2183074,41143,islandpath_dimob
NC_011205.1,1396234,1415888,19654,islandpath_dimob
NC_011205.1,1351459,1392986,41527,islandpath_dimob
NC_011205.1,1078190,1088921,10731,islandpath_dimob
NC_011294.1,3717448,3724099,6651,islandpath_dimob
NC_011205.1,615594,662355,46761,islandpath_dimob
NC_011205.1,1225503,1242487,16984,islandpath_dimob
NC_011294.1,2033867,2089513,55646,islandpath_dimob
NC_011294.1,1225735,1261636,35901,islandpath_dimob
NC_011294.1,583613,595914,12301,islandpath_dimob
NC_011294.1,1102515,1119144,16629,islandpath_dimob
NC_011144.1,1697402,1710819,13417,islandpath_dimob
NC_011144.1,2657145,2664183,7038,islandpath_dimob
NC_010717.1,715606,720651,5045,islandpath_dimob
NC_010717.1,773300,780553,7253,islandpath_dimob
NC_010717.1,1232409,1272762,40353,islandpath_dimob
NC_011146.1,4201197,4209390,8193,islandpath_dimob
NC_011144.1,1360910,1383758,22848,islandpath_dimob
NC_011144.1,1605928,1627371,21443,islandpath_dimob
NC_011146.1,2003354,2017745,14391,islandpath_dimob
NC_010717.1,48000,61654,13654,islandpath_dimob
NC_011144.1,1137913,1147569,9656,islandpath_dimob
NC_011144.1,705816,716792,10976,islandpath_dimob
NC_011144.1,816228,827723,11495,islandpath_dimob
NC_010717.1,556405,564695,8290,islandpath_dimob
NC_011146.1,3451091,3460821,9730,islandpath_dimob
NC_011146.1,3508031,3550894,42863,islandpath_dimob
NC_011146.1,3434980,3446693,11713,islandpath_dimob
NC_011000.1,3239775,3246783,7008,islandpath_dimob
NC_011000.1,3523520,3552606,29086,islandpath_dimob
NC_011000.1,2837027,2863765,26738,islandpath_dimob
NC_011000.1,2780677,2828666,47989,islandpath_dimob
NC_011000.1,3365512,3376414,10902,islandpath_dimob
NC_011000.1,3497853,3507942,10089,islandpath_dimob
NC_011000.1,2755955,2779429,23474,islandpath_dimob
NC_011000.1,1683715,1692749,9034,islandpath_dimob
NC_011000.1,1752758,1760540,7782,islandpath_dimob
NC_011000.1,2737489,2746231,8742,islandpath_dimob
NC_011000.1,1403904,1441664,37760,islandpath_dimob
NC_011000.1,1267171,1304171,37000,islandpath_dimob
NC_010554.1,3454388,3463174,8786,islandpath_dimob
NC_010676.1,276083,320452,44369,islandpath_dimob
NC_011000.1,1029322,1043072,13750,islandpath_dimob
NC_011000.1,1221245,1238112,16867,islandpath_dimob
NC_011000.1,441346,465829,24483,islandpath_dimob
NC_010682.1,3038911,3054718,15807,islandpath_dimob
NC_010682.1,3335872,3352433,16561,islandpath_dimob
NC_010682.1,2179154,2182491,3337,islandpath_dimob
NC_010682.1,2648203,2656480,8277,islandpath_dimob
NC_010682.1,1658057,1674327,16270,islandpath_dimob
NC_010682.1,1596436,1624985,28549,islandpath_dimob
NC_010682.1,1229703,1241098,11395,islandpath_dimob
NC_010682.1,1187310,1197113,9803,islandpath_dimob
NC_010682.1,490601,497784,7183,islandpath_dimob
NC_010682.1,3438,12146,8708,islandpath_dimob
NC_010676.1,3102677,3112798,10121,islandpath_dimob
NC_010676.1,2869221,2875658,6437,islandpath_dimob
NC_010676.1,2965110,2999539,34429,islandpath_dimob
NC_011138.1,1582301,1596255,13954,islandpath_dimob
NC_011138.1,1964012,1970636,6624,islandpath_dimob
NC_011138.1,2187191,2198549,11358,islandpath_dimob
NC_011138.1,2340519,2346783,6264,islandpath_dimob
NC_011138.1,3153959,3172718,18759,islandpath_dimob
NC_010676.1,2692933,2713245,20312,islandpath_dimob
NC_010554.1,530498,540504,10006,islandpath_dimob
NC_010554.1,1022674,1031592,8918,islandpath_dimob
NC_010554.1,3050042,3071534,21492,islandpath_dimob
NC_010676.1,2723007,2841669,118662,islandpath_dimob
NC_010676.1,1341832,1354754,12922,islandpath_dimob
NC_011138.1,3882927,3910572,27645,islandpath_dimob
NC_010723.1,2618850,2627640,8790,islandpath_dimob
NC_010723.1,2644466,2650485,6019,islandpath_dimob
NC_010723.1,1867002,1875782,8780,islandpath_dimob
NC_010723.1,1367362,1383622,16260,islandpath_dimob
NC_011662.2,2354530,2364424,9894,islandpath_dimob
NC_010723.1,2284217,2289280,5063,islandpath_dimob
NC_011138.1,3186484,3208330,21846,islandpath_dimob
NC_012578.1,1522153,1534409,12256,islandpath_dimob
NC_012559.1,2570116,2580895,10779,islandpath_dimob
NC_011283.1,5175262,5184265,9003,islandpath_dimob
NC_011145.1,1737019,1754608,17589,islandpath_dimob
NC_010717.1,1388640,1397951,9311,islandpath_dimob
NC_010718.1,2744566,2753570,9004,islandpath_dimob
NC_011662.2,4157586,4175226,17640,islandpath_dimob
NC_010725.1,335125,349332,14207,islandpath_dimob
NC_010717.1,2081921,2089607,7686,islandpath_dimob
NC_012658.1,956395,972560,16165,islandpath_dimob
NC_014098.1,1406105,1411881,5776,islandpath_dimob
NC_014098.1,785543,792950,7407,islandpath_dimob
NC_014098.1,856037,878205,22168,islandpath_dimob
NC_014098.1,374120,388184,14064,islandpath_dimob
NC_013947.1,5722191,5734809,12618,islandpath_dimob
NC_013947.1,6591370,6600564,9194,islandpath_dimob
NC_014098.1,19427,32679,13252,islandpath_dimob
NC_011374.1,440786,468699,27913,islandpath_dimob
NC_011375.1,358946,374228,15282,islandpath_dimob
NC_011375.1,450088,471439,21351,islandpath_dimob
NC_011375.1,554947,571139,16192,islandpath_dimob
NC_010698.2,874330,916277,41947,islandpath_dimob
NC_011498.1,453581,492710,39129,islandpath_dimob
NC_011498.1,1390309,1427267,36958,islandpath_dimob
NC_011420.1,509868,514822,4954,islandpath_dimob
NC_011420.1,988092,1011035,22943,islandpath_dimob
NC_011420.1,1175983,1197070,21087,islandpath_dimob
NC_011420.1,1336280,1350632,14352,islandpath_dimob
NC_011420.1,1530242,1535667,5425,islandpath_dimob
NC_011420.1,1652712,1666600,13888,islandpath_dimob
NC_011420.1,2997491,3016789,19298,islandpath_dimob
NC_011420.1,3022944,3031072,8128,islandpath_dimob
NC_011386.1,141841,162914,21073,islandpath_dimob
NC_011386.1,927924,938841,10917,islandpath_dimob
NC_011386.1,940145,960896,20751,islandpath_dimob
NC_011386.1,1734228,1750901,16673,islandpath_dimob
NC_011386.1,2078806,2119171,40365,islandpath_dimob
NC_011386.1,3603770,3611539,7769,islandpath_dimob
NC_011386.1,3670575,3678549,7974,islandpath_dimob
NC_011386.1,3717877,3722976,5099,islandpath_dimob
NC_011369.1,690190,705699,15509,islandpath_dimob
NC_011369.1,1139895,1184074,44179,islandpath_dimob
NC_011369.1,2365937,2375541,9604,islandpath_dimob
NC_011369.1,2453137,2469467,16330,islandpath_dimob
NC_011369.1,4319608,4343084,23476,islandpath_dimob
NC_011369.1,4394544,4427592,33048,islandpath_dimob
NC_011313.1,16639,36138,19499,islandpath_dimob
NC_011313.1,111582,119155,7573,islandpath_dimob
NC_011313.1,360933,376556,15623,islandpath_dimob
NC_011313.1,383892,410163,26271,islandpath_dimob
NC_011313.1,576580,588259,11679,islandpath_dimob
NC_011313.1,603629,611678,8049,islandpath_dimob
NC_011313.1,838156,856038,17882,islandpath_dimob
NC_011313.1,873731,888517,14786,islandpath_dimob
NC_011415.1,295689,303803,8114,islandpath_dimob
NC_011415.1,335438,344001,8563,islandpath_dimob
NC_011415.1,607368,616230,8862,islandpath_dimob
NC_011415.1,619202,644178,24976,islandpath_dimob
NC_011415.1,652679,659475,6796,islandpath_dimob
NC_011415.1,1481439,1497397,15958,islandpath_dimob
NC_011415.1,1612407,1630698,18291,islandpath_dimob
NC_011415.1,2146339,2165729,19390,islandpath_dimob
NC_011415.1,2661306,2675530,14224,islandpath_dimob
NC_011415.1,3007696,3030803,23107,islandpath_dimob
NC_011415.1,3701334,3726291,24957,islandpath_dimob
NC_011415.1,4388884,4395225,6341,islandpath_dimob
NC_011312.1,63236,73374,10138,islandpath_dimob
NC_011312.1,329095,337531,8436,islandpath_dimob
NC_011312.1,352537,378285,25748,islandpath_dimob
NC_011312.1,428847,434509,5662,islandpath_dimob
NC_011312.1,902909,914360,11451,islandpath_dimob
NC_011312.1,1053775,1073226,19451,islandpath_dimob
NC_011312.1,1284376,1296349,11973,islandpath_dimob
NC_011312.1,1566536,1586423,19887,islandpath_dimob
NC_011312.1,1729423,1739999,10576,islandpath_dimob
NC_011312.1,1840011,1860706,20695,islandpath_dimob
NC_011312.1,2051218,2063863,12645,islandpath_dimob
NC_011312.1,2257984,2274284,16300,islandpath_dimob
NC_011312.1,2486634,2511765,25131,islandpath_dimob
NC_011312.1,2992450,2996501,4051,islandpath_dimob
NC_011312.1,3094236,3120161,25925,islandpath_dimob
NC_011353.1,263848,278109,14261,islandpath_dimob
NC_011353.1,309871,322326,12455,islandpath_dimob
NC_011353.1,1168514,1175076,6562,islandpath_dimob
NC_011353.1,1176655,1186735,10080,islandpath_dimob
NC_011353.1,1314295,1335491,21196,islandpath_dimob
NC_011353.1,1339630,1348782,9152,islandpath_dimob
NC_011353.1,1358322,1400138,41816,islandpath_dimob
NC_011353.1,1501675,1531664,29989,islandpath_dimob
NC_011353.1,1586125,1599881,13756,islandpath_dimob
NC_011353.1,1703973,1730334,26361,islandpath_dimob
NC_011353.1,1753851,1783258,29407,islandpath_dimob
NC_011353.1,2598732,2602355,3623,islandpath_dimob
NC_011353.1,2646353,2659057,12704,islandpath_dimob
NC_011353.1,2706844,2714040,7196,islandpath_dimob
NC_011353.1,2715075,2719919,4844,islandpath_dimob
NC_011353.1,2936111,2961506,25395,islandpath_dimob
NC_011353.1,2965814,2971242,5428,islandpath_dimob
NC_011353.1,3244938,3264928,19990,islandpath_dimob
NC_011353.1,3580752,3590826,10074,islandpath_dimob
NC_011353.1,3592531,3604133,11602,islandpath_dimob
NC_011353.1,3958015,3976019,18004,islandpath_dimob
NC_011353.1,4282200,4300405,18205,islandpath_dimob
NC_011353.1,5183289,5189935,6646,islandpath_dimob
NC_013947.1,4502498,4546194,43696,islandpath_dimob
NC_013947.1,3819288,3852997,33709,islandpath_dimob
NC_013947.1,3785332,3808026,22694,islandpath_dimob
NC_013947.1,3354961,3417379,62418,islandpath_dimob
NC_013947.1,1079566,1086272,6706,islandpath_dimob
NC_013947.1,3026727,3036422,9695,islandpath_dimob
NC_013947.1,328591,337628,9037,islandpath_dimob
NC_013947.1,464005,483456,19451,islandpath_dimob
NC_014010.1,2694668,2701415,6747,islandpath_dimob
NC_014010.1,1493335,1515566,22231,islandpath_dimob
NC_014010.1,1660666,1679892,19226,islandpath_dimob
NC_012522.1,7694594,7701688,7094,islandpath_dimob
NC_012522.1,7844548,7859641,15093,islandpath_dimob
NC_012522.1,7876928,7897541,20613,islandpath_dimob
NC_012522.1,7901556,7908704,7148,islandpath_dimob
NC_012522.1,5834327,5849631,15304,islandpath_dimob
NC_012522.1,5899059,5915573,16514,islandpath_dimob
NC_012522.1,7598721,7628497,29776,islandpath_dimob
NC_012522.1,3892112,3908600,16488,islandpath_dimob
NC_012522.1,4304964,4314350,9386,islandpath_dimob
NC_012522.1,4321619,4366557,44938,islandpath_dimob
NC_012522.1,1920427,1937960,17533,islandpath_dimob
NC_012490.1,4415721,4434536,18815,islandpath_dimob
NC_012490.1,4934401,4951646,17245,islandpath_dimob
NC_012522.1,1499,47094,45595,islandpath_dimob
NC_012522.1,105367,115267,9900,islandpath_dimob
NC_012522.1,154172,166051,11879,islandpath_dimob
NC_012522.1,168009,177881,9872,islandpath_dimob
NC_012522.1,468624,481997,13373,islandpath_dimob
NC_012490.1,2243046,2257814,14768,islandpath_dimob
NC_012490.1,2482189,2488144,5955,islandpath_dimob
NC_012490.1,2664271,2738350,74079,islandpath_dimob
NC_012490.1,3074298,3114691,40393,islandpath_dimob
NC_012125.1,2843142,2850625,7483,islandpath_dimob
NC_012125.1,4488100,4561960,73860,islandpath_dimob
NC_012125.1,4721062,4744355,23293,islandpath_dimob
NC_012490.1,35438,60303,24865,islandpath_dimob
NC_012490.1,1725776,1740229,14453,islandpath_dimob
NC_012490.1,2071821,2084458,12637,islandpath_dimob
NC_012207.1,923332,937710,14378,islandpath_dimob
NC_012207.1,1959192,1985463,26271,islandpath_dimob
NC_012207.1,3066863,3083771,16908,islandpath_dimob
NC_012207.1,3140991,3147771,6780,islandpath_dimob
NC_012207.1,3715324,3755275,39951,islandpath_dimob
NC_012207.1,3783366,3791747,8381,islandpath_dimob
NC_012466.1,314961,332162,17201,islandpath_dimob
NC_012466.1,944283,953070,8787,islandpath_dimob
NC_012466.1,1273775,1283207,9432,islandpath_dimob
NC_012466.1,1316241,1326212,9971,islandpath_dimob
NC_012466.1,1628270,1637406,9136,islandpath_dimob
NC_012466.1,2091139,2098095,6956,islandpath_dimob
NC_012468.1,32275,37051,4776,islandpath_dimob
NC_012468.1,541815,544609,2794,islandpath_dimob
NC_012468.1,548522,556410,7888,islandpath_dimob
NC_012468.1,1361781,1373720,11939,islandpath_dimob
NC_012468.1,1405753,1411712,5959,islandpath_dimob
NC_012468.1,1684695,1696561,11866,islandpath_dimob
NC_012468.1,2156011,2162542,6531,islandpath_dimob
NC_012125.1,322032,345883,23851,islandpath_dimob
NC_012125.1,1061423,1073702,12279,islandpath_dimob
NC_012125.1,1206679,1216445,9766,islandpath_dimob
NC_012125.1,1903548,1917992,14444,islandpath_dimob
NC_012125.1,1919103,1922651,3548,islandpath_dimob
NC_012125.1,2732015,2761847,29832,islandpath_dimob
NC_012125.1,2763780,2774701,10921,islandpath_dimob
NC_011992.1,3379833,3452930,73097,islandpath_dimob
NC_011992.1,3458686,3473816,15130,islandpath_dimob
NC_011992.1,3555527,3567481,11954,islandpath_dimob
NC_012440.1,1218179,1237936,19757,islandpath_dimob
NC_012440.1,1717415,1725616,8201,islandpath_dimob
NC_012440.1,1727157,1740428,13271,islandpath_dimob
NC_012489.1,832993,846626,13633,islandpath_dimob
NC_012489.1,1584218,1600769,16551,islandpath_dimob
NC_012489.1,1799528,1813027,13499,islandpath_dimob
NC_012489.1,4109655,4148539,38884,islandpath_dimob
NC_012491.1,750625,775704,25079,islandpath_dimob
NC_012491.1,1020688,1030522,9834,islandpath_dimob
NC_012491.1,2019365,2023501,4136,islandpath_dimob
NC_012491.1,2028939,2039049,10110,islandpath_dimob
NC_012491.1,3759908,3783785,23877,islandpath_dimob
NC_012491.1,5707451,5731110,23659,islandpath_dimob
NC_012438.1,307608,324105,16497,islandpath_dimob
NC_012438.1,437905,444274,6369,islandpath_dimob
NC_012438.1,823463,838706,15243,islandpath_dimob
NC_012438.1,917606,940107,22501,islandpath_dimob
NC_012438.1,1357067,1367302,10235,islandpath_dimob
NC_012469.1,11106,23354,12248,islandpath_dimob
NC_012469.1,112358,119037,6679,islandpath_dimob
NC_012469.1,1148631,1153335,4704,islandpath_dimob
NC_012469.1,1359374,1364165,4791,islandpath_dimob
NC_012469.1,2082454,2090537,8083,islandpath_dimob
NC_012471.1,142551,148196,5645,islandpath_dimob
NC_012471.1,722585,751217,28632,islandpath_dimob
NC_012471.1,785055,788997,3942,islandpath_dimob
NC_012471.1,1206310,1267983,61673,islandpath_dimob
NC_012471.1,1730995,1749720,18725,islandpath_dimob
NC_012471.1,1992295,2006714,14419,islandpath_dimob
NC_012471.1,2087957,2110302,22345,islandpath_dimob
NC_012467.1,584395,592065,7670,islandpath_dimob
NC_012467.1,913623,918589,4966,islandpath_dimob
NC_012467.1,1091147,1115131,23984,islandpath_dimob
NC_012467.1,1353723,1363341,9618,islandpath_dimob
NC_012467.1,1396006,1403814,7808,islandpath_dimob
NC_012467.1,2081680,2089743,8063,islandpath_dimob
NC_012207.1,832638,853609,20971,islandpath_dimob
NC_012029.1,913335,923761,10426,islandpath_dimob
NC_012029.1,1014232,1019603,5371,islandpath_dimob
NC_012029.1,1134715,1155190,20475,islandpath_dimob
NC_012029.1,1617426,1628207,10781,islandpath_dimob
NC_012029.1,1658856,1671076,12220,islandpath_dimob
NC_012029.1,1764177,1780240,16063,islandpath_dimob
NC_011992.1,1976418,1983714,7296,islandpath_dimob
NC_011992.1,2275173,2279005,3832,islandpath_dimob
NC_011992.1,2282297,2314675,32378,islandpath_dimob
NC_012472.1,4873358,4898636,25278,islandpath_dimob
NC_012029.1,50898,65565,14667,islandpath_dimob
NC_012029.1,427674,438245,10571,islandpath_dimob
NC_011832.1,1953341,1961137,7796,islandpath_dimob
NC_012526.1,308680,325248,16568,islandpath_dimob
NC_012526.1,762584,804342,41758,islandpath_dimob
NC_012526.1,1579335,1605546,26211,islandpath_dimob
NC_012526.1,2161903,2175106,13203,islandpath_dimob
NC_012472.1,918373,935321,16948,islandpath_dimob
NC_012472.1,1675991,1685693,9702,islandpath_dimob
NC_012472.1,1742989,1750975,7986,islandpath_dimob
NC_012472.1,2120768,2126646,5878,islandpath_dimob
NC_012472.1,3098386,3112162,13776,islandpath_dimob
NC_012472.1,3373369,3393287,19918,islandpath_dimob
NC_012472.1,3551557,3563081,11524,islandpath_dimob
NC_012441.1,794304,801774,7470,islandpath_dimob
NC_012441.1,956255,971828,15573,islandpath_dimob
NC_012441.1,1065660,1076526,10866,islandpath_dimob
NC_012225.1,506439,541083,34644,islandpath_dimob
NC_012483.1,424181,456156,31975,islandpath_dimob
NC_012483.1,490644,502240,11596,islandpath_dimob
NC_012483.1,730093,754868,24775,islandpath_dimob
NC_012483.1,1819755,1844980,25225,islandpath_dimob
NC_012483.1,1874875,1886722,11847,islandpath_dimob
NC_012483.1,3001738,3019754,18016,islandpath_dimob
NC_012483.1,3024526,3033360,8834,islandpath_dimob
NC_012483.1,3741122,3776885,35763,islandpath_dimob
NC_011886.1,1042167,1047418,5251,islandpath_dimob
NC_011832.1,773136,786716,13580,islandpath_dimob
NC_011832.1,1288942,1303067,14125,islandpath_dimob
NC_012441.1,720727,744260,23533,islandpath_dimob
NC_012441.1,534037,548912,14875,islandpath_dimob
NC_012441.1,284421,300343,15922,islandpath_dimob
NC_012441.1,259204,275875,16671,islandpath_dimob
NC_012442.1,798066,813387,15321,islandpath_dimob
NC_012442.1,500255,521533,21278,islandpath_dimob
NC_011311.1,58655,72668,14013,islandpath_dimob
NC_011565.1,976933,1042696,65763,islandpath_dimob
NC_011567.1,162994,178725,15731,islandpath_dimob
NC_011567.1,226815,251707,24892,islandpath_dimob
NC_011567.1,1155433,1187514,32081,islandpath_dimob
NC_011567.1,1264842,1275899,11057,islandpath_dimob
NC_011567.1,1618072,1636195,18123,islandpath_dimob
NC_011567.1,1748773,1758691,9918,islandpath_dimob
NC_011567.1,2032280,2047111,14831,islandpath_dimob
NC_011567.1,2074921,2083607,8686,islandpath_dimob
NC_011567.1,2214351,2225160,10809,islandpath_dimob
NC_011567.1,2338137,2367225,29088,islandpath_dimob
NC_011567.1,2403146,2433035,29889,islandpath_dimob
NC_011567.1,2596559,2617949,21390,islandpath_dimob
NC_011567.1,2783301,2795608,12307,islandpath_dimob
NC_011567.1,2811460,2819555,8095,islandpath_dimob
NC_011593.1,334965,349132,14167,islandpath_dimob
NC_011593.1,512082,524649,12567,islandpath_dimob
NC_011593.1,556739,571090,14351,islandpath_dimob
NC_011593.1,1176456,1189814,13358,islandpath_dimob
NC_011593.1,1209348,1220704,11356,islandpath_dimob
NC_011593.1,1365237,1408752,43515,islandpath_dimob
NC_011593.1,1413725,1484895,71170,islandpath_dimob
NC_011593.1,1493907,1512286,18379,islandpath_dimob
NC_011593.1,1513058,1529946,16888,islandpath_dimob
NC_011593.1,2305703,2316687,10984,islandpath_dimob
NC_011593.1,2377665,2384408,6743,islandpath_dimob
NC_011595.1,259051,268395,9344,islandpath_dimob
NC_011595.1,2117313,2123409,6096,islandpath_dimob
NC_011595.1,2682425,2690137,7712,islandpath_dimob
NC_011527.1,934316,949531,15215,islandpath_dimob
NC_011527.1,1078868,1085268,6400,islandpath_dimob
NC_011527.1,1304044,1311043,6999,islandpath_dimob
NC_011528.1,741473,752574,11101,islandpath_dimob
NC_011528.1,913488,929777,16289,islandpath_dimob
NC_011586.1,273867,322478,48611,islandpath_dimob
NC_011586.1,686441,709627,23186,islandpath_dimob
NC_011586.1,967755,977787,10032,islandpath_dimob
NC_011586.1,1821127,1828138,7011,islandpath_dimob
NC_011586.1,3214842,3242102,27260,islandpath_dimob
NC_011365.1,598970,640974,42004,islandpath_dimob
NC_011365.1,743825,758015,14190,islandpath_dimob
NC_011365.1,1014836,1022806,7970,islandpath_dimob
NC_011365.1,1391876,1404675,12799,islandpath_dimob
NC_011365.1,1818078,1829578,11500,islandpath_dimob
NC_011365.1,1870898,1876227,5329,islandpath_dimob
NC_011365.1,1908157,1917701,9544,islandpath_dimob
NC_011365.1,1937085,1943005,5920,islandpath_dimob
NC_011365.1,1973128,1987752,14624,islandpath_dimob
NC_011365.1,1990456,1998675,8219,islandpath_dimob
NC_011365.1,2739399,2752087,12688,islandpath_dimob
NC_011365.1,3002377,3018833,16456,islandpath_dimob
NC_011365.1,3032619,3105258,72639,islandpath_dimob
NC_011365.1,3341802,3352659,10857,islandpath_dimob
NS_000191.1,968029,974557,6528,islandpath_dimob
NC_011601.1,852449,858598,6149,islandpath_dimob
NC_011601.1,1119374,1148658,29284,islandpath_dimob
NC_011601.1,1155833,1180925,25092,islandpath_dimob
NC_011601.1,1285755,1293597,7842,islandpath_dimob
NC_011601.1,1433049,1448187,15138,islandpath_dimob
NC_011601.1,1448833,1483812,34979,islandpath_dimob
NC_011601.1,2147650,2171544,23894,islandpath_dimob
NC_011601.1,3338888,3368715,29827,islandpath_dimob
NC_011601.1,3707587,3731466,23879,islandpath_dimob
NC_011601.1,4855405,4862239,6834,islandpath_dimob
NC_011566.1,1005558,1018960,13402,islandpath_dimob
NC_011566.1,1021974,1035790,13816,islandpath_dimob
NC_011566.1,1317449,1320957,3508,islandpath_dimob
NC_011566.1,1954403,1964233,9830,islandpath_dimob
NC_011566.1,2786929,2797805,10876,islandpath_dimob
NC_011566.1,2848852,2858071,9219,islandpath_dimob
NC_011566.1,3378558,3400142,21584,islandpath_dimob
NC_011566.1,4708877,4735560,26683,islandpath_dimob
NC_011566.1,5319185,5329866,10681,islandpath_dimob
NC_011653.1,14969,21200,6231,islandpath_dimob
NC_011653.1,1010489,1018252,7763,islandpath_dimob
NC_011744.1,419343,423959,4616,islandpath_dimob
NC_011744.1,730057,739468,9411,islandpath_dimob
NC_011744.1,899863,905324,5461,islandpath_dimob
NC_011662.1,2972,14971,11999,islandpath_dimob
NC_011662.1,131959,147160,15201,islandpath_dimob
NC_011662.1,369886,379971,10085,islandpath_dimob
NC_011662.1,408923,420038,11115,islandpath_dimob
NC_011662.1,1099626,1122365,22739,islandpath_dimob
NC_011662.1,1166057,1183243,17186,islandpath_dimob
NC_011662.1,2319244,2339719,20475,islandpath_dimob
NC_011662.1,2354532,2364426,9894,islandpath_dimob
NC_011662.1,2385543,2398927,13384,islandpath_dimob
NC_011662.1,2424817,2430154,5337,islandpath_dimob
NC_011753.1,511622,519781,8159,islandpath_dimob
NC_011753.1,1501868,1518258,16390,islandpath_dimob
NC_011753.1,1685337,1688794,3457,islandpath_dimob
NC_011753.1,2017138,2022981,5843,islandpath_dimob
NC_011753.1,2023914,2030270,6356,islandpath_dimob
NC_011660.1,474380,488066,13686,islandpath_dimob
NC_011660.1,1812150,1821181,9031,islandpath_dimob
NC_011660.1,2140720,2146697,5977,islandpath_dimob
NC_011660.1,2544897,2582582,37685,islandpath_dimob
NC_011766.1,516699,531866,15167,islandpath_dimob
NC_011661.1,1298425,1317045,18620,islandpath_dimob
NC_011663.1,185394,202253,16859,islandpath_dimob
NC_011663.1,421242,428230,6988,islandpath_dimob
NC_011663.1,676432,702762,26330,islandpath_dimob
NC_011663.1,715429,751738,36309,islandpath_dimob
NC_011663.1,907525,924127,16602,islandpath_dimob
NC_011663.1,971375,990391,19016,islandpath_dimob
NC_011663.1,1634708,1651976,17268,islandpath_dimob
NC_011663.1,1921138,1926997,5859,islandpath_dimob
NC_011663.1,2131406,2138939,7533,islandpath_dimob
NC_011663.1,2808266,2828160,19894,islandpath_dimob
NC_011663.1,3113388,3116405,3017,islandpath_dimob
NC_011663.1,4943179,4953202,10023,islandpath_dimob
NC_011663.1,4986196,4993543,7347,islandpath_dimob
NC_011663.1,5022344,5034324,11980,islandpath_dimob
NC_011666.1,1371779,1402654,30875,islandpath_dimob
NC_011666.1,1601986,1619993,18007,islandpath_dimob
NC_011666.1,1648448,1655660,7212,islandpath_dimob
NC_011666.1,2111328,2153701,42373,islandpath_dimob
NC_011666.1,2264271,2280836,16565,islandpath_dimob
NC_011666.1,3401742,3424215,22473,islandpath_dimob
NC_011666.1,3686096,3715323,29227,islandpath_dimob
NC_011666.1,3931098,3944261,13163,islandpath_dimob
NC_011769.1,580072,587643,7571,islandpath_dimob
NC_011769.1,2022524,2055507,32983,islandpath_dimob
NC_011769.1,2169798,2182956,13158,islandpath_dimob
NC_011769.1,3439993,3454952,14959,islandpath_dimob
NC_011770.1,1427183,1434957,7774,islandpath_dimob
NC_011770.1,1812686,1825879,13193,islandpath_dimob
NC_011770.1,2517167,2541504,24337,islandpath_dimob
NC_011770.1,4545254,4560234,14980,islandpath_dimob
NC_011770.1,4931593,4945974,14381,islandpath_dimob
NC_011770.1,4949262,4970492,21230,islandpath_dimob
NC_011757.1,38740,96439,57699,islandpath_dimob
NC_011757.1,1062612,1075199,12587,islandpath_dimob
NC_011757.1,1092909,1102391,9482,islandpath_dimob
NC_011757.1,1107401,1132494,25093,islandpath_dimob
NC_011757.1,1532047,1552302,20255,islandpath_dimob
NC_011757.1,3493257,3514991,21734,islandpath_dimob
NC_011757.1,3530229,3582245,52016,islandpath_dimob
NC_011757.1,4207024,4222665,15641,islandpath_dimob
NC_011757.1,4295449,4323852,28403,islandpath_dimob
NC_011757.1,5056931,5097055,40124,islandpath_dimob
NC_011757.1,5106166,5126555,20389,islandpath_dimob
NC_011757.1,5708243,5719909,11666,islandpath_dimob
NC_011757.1,5759661,5768464,8803,islandpath_dimob
NC_011740.1,300497,307329,6832,islandpath_dimob
NC_011740.1,451309,461331,10022,islandpath_dimob
NC_011740.1,829292,834274,4982,islandpath_dimob
NC_011740.1,2077800,2120418,42618,islandpath_dimob
NC_011740.1,2790451,2795006,4555,islandpath_dimob
NC_011740.1,2858775,2875994,17219,islandpath_dimob
NC_011740.1,3179454,3196936,17482,islandpath_dimob
NC_011740.1,4010398,4023778,13380,islandpath_dimob
NC_011740.1,4096974,4104676,7702,islandpath_dimob
NC_011726.1,2729860,2734816,4956,islandpath_dimob
NC_011726.1,3068935,3079711,10776,islandpath_dimob
NC_011726.1,4135227,4149101,13874,islandpath_dimob
NC_011726.1,4189494,4196612,7118,islandpath_dimob
NC_011658.1,288448,310766,22318,islandpath_dimob
NC_011658.1,585911,593127,7216,islandpath_dimob
NC_011658.1,595201,602338,7137,islandpath_dimob
NC_011658.1,2067926,2076674,8748,islandpath_dimob
NC_011658.1,3440467,3455603,15136,islandpath_dimob
NC_011658.1,3754936,3761747,6811,islandpath_dimob
NC_011658.1,3784865,3794824,9959,islandpath_dimob
NC_011658.1,4872466,4889938,17472,islandpath_dimob
NC_011658.1,4893310,4899293,5983,islandpath_dimob
NC_011761.1,761560,773478,11918,islandpath_dimob
NC_011761.1,1103755,1120218,16463,islandpath_dimob
NC_011761.1,1348464,1371575,23111,islandpath_dimob
NC_011761.1,1388765,1402917,14152,islandpath_dimob
NC_011761.1,2184589,2188612,4023,islandpath_dimob
NC_011761.1,2823014,2837509,14495,islandpath_dimob
NC_011761.1,2862792,2876102,13310,islandpath_dimob
NC_011729.1,143322,163905,20583,islandpath_dimob
NC_011729.1,2317985,2323793,5808,islandpath_dimob
NC_011729.1,2437942,2445911,7969,islandpath_dimob
NC_011729.1,2666488,2675586,9098,islandpath_dimob
NC_011729.1,2744644,2776963,32319,islandpath_dimob
NC_011729.1,2800086,2807325,7239,islandpath_dimob
NC_011729.1,3720692,3726190,5498,islandpath_dimob
NC_011729.1,3938928,3946042,7114,islandpath_dimob
NC_011729.1,4276239,4323761,47522,islandpath_dimob
NC_011729.1,4338363,4343718,5355,islandpath_dimob
NC_011729.1,4574726,4584584,9858,islandpath_dimob
NC_011729.1,5154863,5161157,6294,islandpath_dimob
NC_011768.1,348554,378111,29557,islandpath_dimob
NC_011768.1,1147298,1161530,14232,islandpath_dimob
NC_011768.1,1723254,1778034,54780,islandpath_dimob
NC_011768.1,2953930,3032628,78698,islandpath_dimob
NC_011768.1,3156794,3164758,7964,islandpath_dimob
NC_011768.1,3391280,3410325,19045,islandpath_dimob
NC_011768.1,4290936,4308296,17360,islandpath_dimob
NC_011768.1,5902002,5938724,36722,islandpath_dimob
NC_011768.1,6407644,6423038,15394,islandpath_dimob
NC_011725.1,522153,548390,26237,islandpath_dimob
NC_011725.1,2062895,2070171,7276,islandpath_dimob
NC_011725.1,2510619,2517584,6965,islandpath_dimob
NC_011725.1,2546748,2557227,10479,islandpath_dimob
NC_011725.1,3480889,3525215,44326,islandpath_dimob
NC_011725.1,3716480,3728800,12320,islandpath_dimob
NC_011725.1,4517428,4531462,14034,islandpath_dimob
NC_011772.1,1582175,1599035,16860,islandpath_dimob
NC_011772.1,2488424,2494209,5785,islandpath_dimob
NC_011772.1,2536577,2552625,16048,islandpath_dimob
NC_011772.1,2600391,2610917,10526,islandpath_dimob
NC_011772.1,3182855,3202137,19282,islandpath_dimob
NC_011772.1,3306567,3321307,14740,islandpath_dimob
NC_011772.1,3639031,3645119,6088,islandpath_dimob
NC_011772.1,3766783,3772521,5738,islandpath_dimob
NC_011772.1,3779574,3785588,6014,islandpath_dimob
NC_011772.1,4738915,4745995,7080,islandpath_dimob
NC_011773.1,538576,545894,7318,islandpath_dimob
NC_011773.1,973589,991849,18260,islandpath_dimob
NC_011773.1,1281917,1298900,16983,islandpath_dimob
NC_011773.1,1301287,1305646,4359,islandpath_dimob
NC_011773.1,2103832,2127018,23186,islandpath_dimob
NC_011773.1,3500784,3514813,14029,islandpath_dimob
NC_011773.1,4163406,4166715,3309,islandpath_dimob
NC_011773.1,4334502,4345336,10834,islandpath_dimob
NC_011773.1,5262658,5274678,12020,islandpath_dimob
NC_012108.1,5441549,5452552,11003,islandpath_dimob
NC_012108.1,4973736,4980440,6704,islandpath_dimob
NC_012108.1,4988686,5008316,19630,islandpath_dimob
NC_012108.1,5013299,5032542,19243,islandpath_dimob
NC_012108.1,3932255,3940302,8047,islandpath_dimob
NC_012108.1,4442053,4448816,6763,islandpath_dimob
NC_012108.1,3908431,3915270,6839,islandpath_dimob
NC_012108.1,2994786,3012142,17356,islandpath_dimob
NC_012108.1,2880029,2901689,21660,islandpath_dimob
NC_012108.1,2329434,2346523,17089,islandpath_dimob
NC_012108.1,2274937,2286973,12036,islandpath_dimob
NC_012108.1,2167394,2191935,24541,islandpath_dimob
NC_012108.1,2158611,2166193,7582,islandpath_dimob
NC_012108.1,1070697,1081010,10313,islandpath_dimob
NC_012108.1,2040666,2057297,16631,islandpath_dimob
NC_012108.1,730973,744547,13574,islandpath_dimob
NC_012032.1,3269841,3281720,11879,islandpath_dimob
NC_012032.1,2036928,2060962,24034,islandpath_dimob
NC_012032.1,363809,392167,28358,islandpath_dimob
NC_012034.1,2626950,2656992,30042,islandpath_dimob
NC_012034.1,1925986,1988079,62093,islandpath_dimob
NC_012034.1,806404,821800,15396,islandpath_dimob
NC_012115.1,1401341,1413712,12371,islandpath_dimob
NC_012034.1,292214,310037,17823,islandpath_dimob
NC_012028.1,203617,209120,5503,islandpath_dimob
NC_012115.1,1078881,1090987,12106,islandpath_dimob
NC_012028.1,69792,88436,18644,islandpath_dimob
NC_012121.1,478209,492625,14416,islandpath_dimob
NC_011959.1,539928,550053,10125,islandpath_dimob
NC_012004.1,754248,769861,15613,islandpath_dimob
NC_012004.1,1806938,1821822,14884,islandpath_dimob
NC_011958.1,719831,725860,6029,islandpath_dimob
NC_011958.1,755100,780658,25558,islandpath_dimob
NC_011958.1,929546,944170,14624,islandpath_dimob
NC_011958.1,971705,984437,12732,islandpath_dimob
NC_011900.1,1363844,1373809,9965,islandpath_dimob
NC_011900.1,1715905,1737842,21937,islandpath_dimob
NC_011963.1,332556,346669,14113,islandpath_dimob
NC_011963.1,367099,373722,6623,islandpath_dimob
NC_011963.1,1488705,1498757,10052,islandpath_dimob
NC_011963.1,1500927,1511973,11046,islandpath_dimob
NC_011963.1,1977903,1983254,5351,islandpath_dimob
NC_011963.1,2868005,2879371,11366,islandpath_dimob
NC_011999.1,221730,242407,20677,islandpath_dimob
NC_011999.1,1034088,1048108,14020,islandpath_dimob
NC_011999.1,1506955,1515919,8964,islandpath_dimob
NC_011852.1,1015556,1024781,9225,islandpath_dimob
NC_011852.1,1563993,1581493,17500,islandpath_dimob
NC_011899.1,29644,42020,12376,islandpath_dimob
NC_011899.1,474284,484784,10500,islandpath_dimob
NC_011899.1,1233301,1239757,6456,islandpath_dimob
NC_011899.1,1444677,1478538,33861,islandpath_dimob
NC_011883.1,280583,291345,10762,islandpath_dimob
NC_011883.1,303980,334310,30330,islandpath_dimob
NC_011883.1,520399,532874,12475,islandpath_dimob
NC_011883.1,1478173,1497715,19542,islandpath_dimob
NC_011883.1,2685449,2707056,21607,islandpath_dimob
NC_011883.1,2828124,2837944,9820,islandpath_dimob
NC_011750.1,297551,302956,5405,islandpath_dimob
NC_011750.1,336138,344465,8327,islandpath_dimob
NC_011750.1,915301,935206,19905,islandpath_dimob
NC_011750.1,1079350,1099429,20079,islandpath_dimob
NC_011750.1,1103879,1116747,12868,islandpath_dimob
NC_011750.1,1563442,1574103,10661,islandpath_dimob
NC_011750.1,1883652,1899819,16167,islandpath_dimob
NC_011750.1,2010253,2039329,29076,islandpath_dimob
NC_011750.1,2040681,2044458,3777,islandpath_dimob
NC_011750.1,2590426,2602332,11906,islandpath_dimob
NC_011750.1,2747486,2788439,40953,islandpath_dimob
NC_011750.1,2926058,2947195,21137,islandpath_dimob
NC_011750.1,3310683,3315983,5300,islandpath_dimob
NC_011750.1,3417036,3423846,6810,islandpath_dimob
NC_011750.1,3548833,3583954,35121,islandpath_dimob
NC_011750.1,3952809,3977768,24959,islandpath_dimob
NC_011750.1,4361791,4371855,10064,islandpath_dimob
NC_011750.1,4476542,4485187,8645,islandpath_dimob
NC_011750.1,4766432,4804602,38170,islandpath_dimob
NC_011750.1,4953923,4977554,23631,islandpath_dimob
NC_011750.1,5057087,5094248,37161,islandpath_dimob
NC_011835.1,281587,294844,13257,islandpath_dimob
NC_011835.1,818006,830031,12025,islandpath_dimob
NC_011835.1,971358,979364,8006,islandpath_dimob
NC_011835.1,1096651,1102773,6122,islandpath_dimob
NC_011835.1,1821343,1833222,11879,islandpath_dimob
NC_011979.1,658184,669094,10910,islandpath_dimob
NC_011979.1,777898,785712,7814,islandpath_dimob
NC_011979.1,1064910,1086321,21411,islandpath_dimob
NC_011979.1,2646380,2658956,12576,islandpath_dimob
NC_011979.1,3416200,3439687,23487,islandpath_dimob
NC_011898.1,63997,78824,14827,islandpath_dimob
NC_011898.1,1596075,1604262,8187,islandpath_dimob
NC_011898.1,1914421,1934263,19842,islandpath_dimob
NC_011898.1,2193211,2198597,5386,islandpath_dimob
NC_011898.1,3278376,3293976,15600,islandpath_dimob
NC_011898.1,3309394,3318154,8760,islandpath_dimob
NC_011898.1,3363410,3372338,8928,islandpath_dimob
NC_011898.1,3515220,3526227,11007,islandpath_dimob
NC_011898.1,3611895,3624040,12145,islandpath_dimob
NC_011898.1,3852442,3863239,10797,islandpath_dimob
NC_011837.1,60065,77893,17828,islandpath_dimob
NC_011837.1,232521,266086,33565,islandpath_dimob
NC_011837.1,564125,573554,9429,islandpath_dimob
NC_011837.1,2547734,2557884,10150,islandpath_dimob
NC_011837.1,2574011,2596458,22447,islandpath_dimob
NC_011837.1,2601594,2609665,8071,islandpath_dimob
NC_011837.1,2611737,2672895,61158,islandpath_dimob
NC_011837.1,2859967,2885067,25100,islandpath_dimob
NC_011837.1,3080073,3102138,22065,islandpath_dimob
NC_011837.1,3229582,3238737,9155,islandpath_dimob
NC_011837.1,3508926,3532599,23673,islandpath_dimob
NC_011837.1,3813244,3872961,59717,islandpath_dimob
NC_011741.1,250455,276449,25994,islandpath_dimob
NC_011741.1,1650602,1679577,28975,islandpath_dimob
NC_011741.1,3519492,3544449,24957,islandpath_dimob
NC_011741.1,4575528,4600948,25420,islandpath_dimob
NC_011831.1,357112,374540,17428,islandpath_dimob
NC_011831.1,2148627,2156028,7401,islandpath_dimob
NC_011831.1,3820791,3835324,14533,islandpath_dimob
NC_011831.1,3981605,4000314,18709,islandpath_dimob
NC_011993.1,259565,276976,17411,islandpath_dimob
NC_011993.1,297024,320351,23327,islandpath_dimob
NC_011993.1,551927,560140,8213,islandpath_dimob
NC_011993.1,999030,1013284,14254,islandpath_dimob
NC_011993.1,1182718,1192910,10192,islandpath_dimob
NC_011993.1,1487152,1500987,13835,islandpath_dimob
NC_011993.1,2054850,2078757,23907,islandpath_dimob
NC_011993.1,2728828,2755586,26758,islandpath_dimob
NC_011993.1,2764379,2769186,4807,islandpath_dimob
NC_011993.1,3118156,3128026,9870,islandpath_dimob
NC_011993.1,3504577,3520973,16396,islandpath_dimob
NC_011993.1,3923803,3931582,7779,islandpath_dimob
NC_011916.1,1906957,1916470,9513,islandpath_dimob
NC_011916.1,2923673,2932733,9060,islandpath_dimob
NC_011916.1,2967624,2975355,7731,islandpath_dimob
NC_011916.1,3132063,3145387,13324,islandpath_dimob
NC_011916.1,3589734,3594108,4374,islandpath_dimob
NC_011916.1,3869201,3876983,7782,islandpath_dimob
NC_011745.1,260577,273542,12965,islandpath_dimob
NC_011745.1,298062,308275,10213,islandpath_dimob
NC_011745.1,1107499,1118259,10760,islandpath_dimob
NC_011745.1,1656079,1674986,18907,islandpath_dimob
NC_011745.1,2235527,2266564,31037,islandpath_dimob
NC_011745.1,2493230,2497228,3998,islandpath_dimob
NC_011745.1,3046012,3048559,2547,islandpath_dimob
NC_011745.1,3383130,3390550,7420,islandpath_dimob
NC_011745.1,3412338,3443368,31030,islandpath_dimob
NC_011745.1,3443889,3463482,19593,islandpath_dimob
NC_011745.1,3465254,3510822,45568,islandpath_dimob
NC_011745.1,3903731,3914839,11108,islandpath_dimob
NC_011745.1,4833841,4881956,48115,islandpath_dimob
NC_011745.1,4957166,4970312,13146,islandpath_dimob
NC_011745.1,5065985,5081320,15335,islandpath_dimob
NC_011745.1,5099068,5118564,19496,islandpath_dimob
NC_011983.1,169597,200843,31246,islandpath_dimob
NC_011983.1,531011,540189,9178,islandpath_dimob
NC_011983.1,746158,757676,11518,islandpath_dimob
NC_011983.1,768806,793727,24921,islandpath_dimob
NC_011983.1,868852,888617,19765,islandpath_dimob
NC_011983.1,889446,903086,13640,islandpath_dimob
NC_011983.1,1342141,1348853,6712,islandpath_dimob
NC_011983.1,1362517,1373100,10583,islandpath_dimob
NC_011983.1,1381588,1392181,10593,islandpath_dimob
NC_011983.1,1742398,1766484,24086,islandpath_dimob
NC_011983.1,2448155,2458058,9903,islandpath_dimob
NC_011983.1,2529280,2552048,22768,islandpath_dimob
NC_011983.1,2553908,2567399,13491,islandpath_dimob
NC_011742.1,260596,271643,11047,islandpath_dimob
NC_011742.1,293696,314816,21120,islandpath_dimob
NC_011742.1,333862,340864,7002,islandpath_dimob
NC_011742.1,553623,560201,6578,islandpath_dimob
NC_011742.1,2043484,2048764,5280,islandpath_dimob
NC_011742.1,2051006,2078961,27955,islandpath_dimob
NC_011742.1,2491065,2520254,29189,islandpath_dimob
NC_011742.1,2827370,2845605,18235,islandpath_dimob
NC_011742.1,2872081,2883983,11902,islandpath_dimob
NC_011742.1,3220074,3242171,22097,islandpath_dimob
NC_011742.1,3248888,3275506,26618,islandpath_dimob
NC_011742.1,3672333,3682960,10627,islandpath_dimob
NC_011742.1,4658188,4671176,12988,islandpath_dimob
NC_011742.1,4821397,4829849,8452,islandpath_dimob
NC_011742.1,4839908,4863436,23528,islandpath_dimob
NC_011751.1,258680,273280,14600,islandpath_dimob
NC_011751.1,643979,653226,9247,islandpath_dimob
NC_011751.1,699485,710892,11407,islandpath_dimob
NC_011751.1,2327962,2342945,14983,islandpath_dimob
NC_011751.1,3047195,3065183,17988,islandpath_dimob
NC_011751.1,3073622,3079693,6071,islandpath_dimob
NC_011751.1,3446197,3528498,82301,islandpath_dimob
NC_011751.1,3884693,3908572,23879,islandpath_dimob
NC_011751.1,5006789,5023897,17108,islandpath_dimob
NC_011751.1,5036486,5058775,22289,islandpath_dimob
NC_011748.1,830698,839431,8733,islandpath_dimob
NC_011748.1,2285507,2309954,24447,islandpath_dimob
NC_011748.1,2664274,2688554,24280,islandpath_dimob
NC_011748.1,2972001,3006339,34338,islandpath_dimob
NC_011748.1,3351480,3451035,99555,islandpath_dimob
NC_011748.1,3788072,3810972,22900,islandpath_dimob
NC_011748.1,3968344,4002390,34046,islandpath_dimob
NC_011748.1,4742950,4806559,63609,islandpath_dimob
NC_011748.1,4980290,5004055,23765,islandpath_dimob
NC_011748.1,5030882,5043838,12956,islandpath_dimob
NC_011748.1,5060409,5068057,7648,islandpath_dimob
NC_011830.1,904525,918653,14128,islandpath_dimob
NC_011830.1,1046805,1058910,12105,islandpath_dimob
NC_011830.1,2605480,2648628,43148,islandpath_dimob
NC_011830.1,2905063,2913774,8711,islandpath_dimob
NC_011830.1,4240436,4252791,12355,islandpath_dimob
NC_011830.1,4408019,4435895,27876,islandpath_dimob
NC_011830.1,4725101,4745248,20147,islandpath_dimob
NC_011830.1,4956607,4976735,20128,islandpath_dimob
NC_011884.1,104964,115219,10255,islandpath_dimob
NC_011884.1,131859,139910,8051,islandpath_dimob
NC_011884.1,1906258,1918313,12055,islandpath_dimob
NC_011884.1,1950394,1961643,11249,islandpath_dimob
NC_011884.1,1987894,2014948,27054,islandpath_dimob
NC_011884.1,2079030,2091910,12880,islandpath_dimob
NC_011884.1,2195735,2212238,16503,islandpath_dimob
NC_011884.1,2412047,2435139,23092,islandpath_dimob
NC_011884.1,2555514,2576626,21112,islandpath_dimob
NC_011884.1,2927730,2942763,15033,islandpath_dimob
NC_011884.1,2994951,3001692,6741,islandpath_dimob
NC_011884.1,3054112,3068570,14458,islandpath_dimob
NC_011884.1,3074324,3084258,9934,islandpath_dimob
NC_011884.1,3107539,3137164,29625,islandpath_dimob
NC_011884.1,3264474,3269498,5024,islandpath_dimob
NC_011884.1,3404174,3410090,5916,islandpath_dimob
NC_011884.1,4201022,4208143,7121,islandpath_dimob
NC_011884.1,4373375,4391586,18211,islandpath_dimob
NC_011884.1,5072313,5077537,5224,islandpath_dimob
NC_011884.1,5176235,5182559,6324,islandpath_dimob
NC_011989.1,476132,498640,22508,islandpath_dimob
NC_011989.1,558801,615301,56500,islandpath_dimob
NC_011989.1,920144,928081,7937,islandpath_dimob
NC_011989.1,1637287,1657143,19856,islandpath_dimob
NC_011989.1,2270011,2296357,26346,islandpath_dimob
NC_011989.1,2528318,2543859,15541,islandpath_dimob
NC_011989.1,2803581,2832827,29246,islandpath_dimob
NC_011901.1,46068,55974,9906,islandpath_dimob
NC_011901.1,429191,454443,25252,islandpath_dimob
NC_011901.1,503493,511015,7522,islandpath_dimob
NC_011901.1,644936,657262,12326,islandpath_dimob
NC_011901.1,980425,994642,14217,islandpath_dimob
NC_011901.1,1127624,1134875,7251,islandpath_dimob
NC_011901.1,1403082,1416039,12957,islandpath_dimob
NC_011901.1,1734056,1744487,10431,islandpath_dimob
NC_011901.1,1746712,1770671,23959,islandpath_dimob
NC_011901.1,1864546,1907871,43325,islandpath_dimob
NC_011901.1,1985629,2031122,45493,islandpath_dimob
NC_011901.1,2217081,2231085,14004,islandpath_dimob
NC_011901.1,2839027,2848117,9090,islandpath_dimob
NC_011901.1,2940662,3013212,72550,islandpath_dimob
NC_011985.1,74072,98153,24081,islandpath_dimob
NC_011985.1,1030076,1063256,33180,islandpath_dimob
NC_011985.1,1804257,1848481,44224,islandpath_dimob
NC_011985.1,3257720,3288752,31032,islandpath_dimob
NC_011985.1,3386755,3398542,11787,islandpath_dimob
NC_011985.1,3631948,3649456,17508,islandpath_dimob
NC_011985.1,3817426,3847437,30011,islandpath_dimob
NC_011985.1,3897260,3915164,17904,islandpath_dimob
NC_011894.1,602629,634376,31747,islandpath_dimob
NC_011894.1,675268,684858,9590,islandpath_dimob
NC_011894.1,988970,1002418,13448,islandpath_dimob
NC_011894.1,2073304,2078324,5020,islandpath_dimob
NC_011894.1,2127169,2140845,13676,islandpath_dimob
NC_011894.1,2339671,2352412,12741,islandpath_dimob
NC_011894.1,2613620,2639289,25669,islandpath_dimob
NC_011894.1,2657500,2673470,15970,islandpath_dimob
NC_011894.1,3056082,3068875,12793,islandpath_dimob
NC_011894.1,3573460,3594125,20665,islandpath_dimob
NC_011894.1,3937960,3945140,7180,islandpath_dimob
NC_011894.1,4093387,4102273,8886,islandpath_dimob
NC_011894.1,4311473,4318851,7378,islandpath_dimob
NC_011894.1,4362783,4382229,19446,islandpath_dimob
NC_011894.1,5090441,5098083,7642,islandpath_dimob
NC_011894.1,5472020,5490262,18242,islandpath_dimob
NC_011894.1,6118796,6123373,4577,islandpath_dimob
NC_011894.1,6213286,6243133,29847,islandpath_dimob
NC_011894.1,6261945,6269719,7774,islandpath_dimob
NC_011894.1,6295212,6311700,16488,islandpath_dimob
NC_011894.1,6386642,6444344,57702,islandpath_dimob
NC_011894.1,6516856,6522912,6056,islandpath_dimob
NC_011894.1,6539910,6548828,8918,islandpath_dimob
NC_011894.1,6895015,6921418,26403,islandpath_dimob
NC_011894.1,6922325,6961655,39330,islandpath_dimob
NC_011894.1,7571453,7598241,26788,islandpath_dimob
NC_011894.1,7708944,7718594,9650,islandpath_dimob
NC_011894.1,7728887,7737072,8185,islandpath_dimob
NC_011969.1,365755,391918,26163,islandpath_dimob
NC_011969.1,570944,585039,14095,islandpath_dimob
NC_011969.1,1094741,1110993,16252,islandpath_dimob
NC_011969.1,1322750,1344186,21436,islandpath_dimob
NC_011969.1,3274522,3285982,11460,islandpath_dimob
NC_011969.1,3404281,3420817,16536,islandpath_dimob
NC_011969.1,3454534,3462629,8095,islandpath_dimob
NC_011969.1,4170555,4194825,24270,islandpath_dimob
NC_011969.1,4201636,4222366,20730,islandpath_dimob
NC_011969.1,4343992,4358300,14308,islandpath_dimob
NC_011891.1,22434,35099,12665,islandpath_dimob
NC_011891.1,881723,895399,13676,islandpath_dimob
NC_011891.1,1227184,1261987,34803,islandpath_dimob
NC_011891.1,1442562,1456488,13926,islandpath_dimob
NC_011891.1,2804060,2821974,17914,islandpath_dimob
NC_011891.1,3375755,3389213,13458,islandpath_dimob
NC_011891.1,3421413,3434190,12777,islandpath_dimob
NC_011891.1,4106619,4112042,5423,islandpath_dimob
NC_011891.1,4454316,4468506,14190,islandpath_dimob
NC_014010.1,1396049,1453703,57654,islandpath_dimob
NC_012730.1,133213,153387,20174,islandpath_dimob
NC_012730.1,161183,174629,13446,islandpath_dimob
NC_012730.1,206795,224841,18046,islandpath_dimob
NC_012730.1,238591,256700,18109,islandpath_dimob
NC_012730.1,1032649,1038518,5869,islandpath_dimob
NC_012633.1,683905,701129,17224,islandpath_dimob
NC_012633.1,1177579,1200560,22981,islandpath_dimob
NC_005303.2,381179,386744,5565,islandpath_dimob
NC_005303.2,605901,619215,13314,islandpath_dimob
NC_005303.2,631045,645853,14808,islandpath_dimob
NC_005303.2,773877,792595,18718,islandpath_dimob
NC_012857.1,45300,70310,25010,islandpath_dimob
NC_012857.1,502267,513891,11624,islandpath_dimob
NC_012857.1,1104189,1128203,24014,islandpath_dimob
NC_012806.1,184643,192731,8088,islandpath_dimob
NC_012856.1,211342,231458,20116,islandpath_dimob
NC_012856.1,766719,784076,17357,islandpath_dimob
NC_012856.1,806080,816895,10815,islandpath_dimob
NC_012856.1,1083131,1099552,16421,islandpath_dimob
NC_012856.1,2408924,2420903,11979,islandpath_dimob
NC_012856.1,2638814,2653866,15052,islandpath_dimob
NC_012856.1,2800898,2850278,49380,islandpath_dimob
NC_012856.1,2936305,2947761,11456,islandpath_dimob
NC_012856.1,2980512,2998665,18153,islandpath_dimob
NC_012856.1,3000839,3014772,13933,islandpath_dimob
NC_012973.1,1509346,1523510,14164,islandpath_dimob
NC_012785.1,71143,79994,8851,islandpath_dimob
NC_012785.1,548327,555658,7331,islandpath_dimob
NC_012785.1,593073,600462,7389,islandpath_dimob
NC_012785.1,826434,835139,8705,islandpath_dimob
NC_012785.1,1316515,1320772,4257,islandpath_dimob
NC_012785.1,1341656,1357505,15849,islandpath_dimob
NC_012785.1,1404544,1416304,11760,islandpath_dimob
NC_012785.1,1611305,1621946,10641,islandpath_dimob
NC_013209.1,168917,202426,33509,islandpath_dimob
NC_013209.1,276160,282210,6050,islandpath_dimob
NC_013209.1,516553,548683,32130,islandpath_dimob
NC_013209.1,850782,885466,34684,islandpath_dimob
NC_013209.1,1518086,1536235,18149,islandpath_dimob
NC_013209.1,1928685,1980248,51563,islandpath_dimob
NC_013209.1,2026602,2046653,20051,islandpath_dimob
NC_013209.1,2177390,2202483,25093,islandpath_dimob
NC_013209.1,2475615,2486606,10991,islandpath_dimob
NC_013209.1,2579761,2614238,34477,islandpath_dimob
NC_013209.1,2786791,2795312,8521,islandpath_dimob
NC_013209.1,2895574,2904483,8909,islandpath_dimob
NC_012803.1,21172,33143,11971,islandpath_dimob
NC_012803.1,672367,681287,8920,islandpath_dimob
NC_012803.1,699186,717153,17967,islandpath_dimob
NC_012803.1,1125418,1133268,7850,islandpath_dimob
NC_012803.1,1308128,1318285,10157,islandpath_dimob
NC_012803.1,1521705,1532131,10426,islandpath_dimob
NC_012803.1,1760253,1773242,12989,islandpath_dimob
NC_012803.1,1978880,1994822,15942,islandpath_dimob
NC_012803.1,2121376,2149247,27871,islandpath_dimob
NC_012803.1,2205934,2221865,15931,islandpath_dimob
NC_012803.1,2251262,2264711,13449,islandpath_dimob
NC_012803.1,2459231,2479078,19847,islandpath_dimob
NC_006570.2,334250,359883,25633,islandpath_dimob
NC_006570.2,1074364,1086219,11855,islandpath_dimob
NC_006570.2,1282522,1290620,8098,islandpath_dimob
NC_013169.1,170343,179053,8710,islandpath_dimob
NC_013169.1,477590,495518,17928,islandpath_dimob
NC_013169.1,524476,533517,9041,islandpath_dimob
NC_013169.1,536702,544097,7395,islandpath_dimob
NC_013169.1,616884,630786,13902,islandpath_dimob
NC_013169.1,632007,647733,15726,islandpath_dimob
NC_013169.1,812382,824748,12366,islandpath_dimob
NC_013169.1,1831367,1840281,8914,islandpath_dimob
NC_013169.1,1851803,1864145,12342,islandpath_dimob
NC_013169.1,2108209,2118913,10704,islandpath_dimob
NC_013169.1,2175100,2187418,12318,islandpath_dimob
NC_013169.1,2346398,2354404,8006,islandpath_dimob
NC_013169.1,2429220,2470616,41396,islandpath_dimob
NC_013169.1,2503443,2510447,7004,islandpath_dimob
NC_013174.1,1050754,1067603,16849,islandpath_dimob
NC_013174.1,2495081,2504264,9183,islandpath_dimob
NC_013166.1,30356,74689,44333,islandpath_dimob
NC_012968.1,59845,90015,30170,islandpath_dimob
NC_012968.1,238323,261964,23641,islandpath_dimob
NC_012968.1,493508,520584,27076,islandpath_dimob
NC_012968.1,2008023,2027587,19564,islandpath_dimob
NC_013192.1,405399,418279,12880,islandpath_dimob
NC_013222.1,234854,261657,26803,islandpath_dimob
NC_013222.1,333401,355223,21822,islandpath_dimob
NC_013222.1,360446,369520,9074,islandpath_dimob
NC_013222.1,617959,631714,13755,islandpath_dimob
NC_013222.1,822802,847882,25080,islandpath_dimob
NC_013222.1,1910555,1938111,27556,islandpath_dimob
NC_013222.1,3244912,3287733,42821,islandpath_dimob
NC_013170.1,314235,348600,34365,islandpath_dimob
NC_012778.1,229503,248804,19301,islandpath_dimob
NC_012778.1,1563084,1602384,39300,islandpath_dimob
NC_012778.1,1825082,1849991,24909,islandpath_dimob
NC_012778.1,1856313,1860941,4628,islandpath_dimob
NC_012969.1,1566680,1592227,25547,islandpath_dimob
NC_012969.1,2141829,2218765,76936,islandpath_dimob
NC_012793.1,182204,194679,12475,islandpath_dimob
NC_012793.1,205014,212256,7242,islandpath_dimob
NC_012793.1,266588,278233,11645,islandpath_dimob
NC_012793.1,387834,404263,16429,islandpath_dimob
NC_012793.1,608836,619365,10529,islandpath_dimob
NC_012793.1,635573,646073,10500,islandpath_dimob
NC_012793.1,1367690,1384531,16841,islandpath_dimob
NC_012793.1,1472648,1494960,22312,islandpath_dimob
NC_012793.1,1718140,1778182,60042,islandpath_dimob
NC_012793.1,1794313,1808305,13992,islandpath_dimob
NC_012793.1,1854340,1865261,10921,islandpath_dimob
NC_012793.1,2120552,2151358,30806,islandpath_dimob
NC_012793.1,2842647,2873128,30481,islandpath_dimob
NC_012793.1,3078984,3136759,57775,islandpath_dimob
NC_012793.1,3225739,3233473,7734,islandpath_dimob
NC_012793.1,3280161,3298215,18054,islandpath_dimob
NC_013159.1,1776388,1799487,23099,islandpath_dimob
NC_013159.1,2083822,2098251,14429,islandpath_dimob
NC_013159.1,2100873,2128014,27141,islandpath_dimob
NC_013159.1,2320088,2329426,9338,islandpath_dimob
NC_013159.1,2571000,2579257,8257,islandpath_dimob
NC_013199.1,688530,715848,27318,islandpath_dimob
NC_013199.1,834578,887194,52616,islandpath_dimob
NC_013198.1,396929,426310,29381,islandpath_dimob
NC_013198.1,442875,459932,17057,islandpath_dimob
NC_013198.1,1102527,1145049,42522,islandpath_dimob
NC_013198.1,1528627,1565175,36548,islandpath_dimob
NC_013198.1,1992809,2008190,15381,islandpath_dimob
NC_013198.1,2092968,2108594,15626,islandpath_dimob
NC_012984.1,38452,42960,4508,islandpath_dimob
NC_012984.1,513673,521522,7849,islandpath_dimob
NC_012984.1,1025777,1066208,40431,islandpath_dimob
NC_012984.1,1131472,1139909,8437,islandpath_dimob
NC_012984.1,1647026,1655564,8538,islandpath_dimob
NC_012984.1,2441721,2453986,12265,islandpath_dimob
NC_012984.1,2714410,2728678,14268,islandpath_dimob
NC_012751.1,561704,569662,7958,islandpath_dimob
NC_012751.1,724178,733886,9708,islandpath_dimob
NC_012751.1,938385,945913,7528,islandpath_dimob
NC_012751.1,993985,1010755,16770,islandpath_dimob
NC_012751.1,1016431,1020718,4287,islandpath_dimob
NC_012751.1,1040397,1044865,4468,islandpath_dimob
NC_012751.1,1054872,1062842,7970,islandpath_dimob
NC_012751.1,1285562,1303104,17542,islandpath_dimob
NC_012751.1,1420952,1426487,5535,islandpath_dimob
NC_012751.1,1742440,1749857,7417,islandpath_dimob
NC_012751.1,1970659,1985719,15060,islandpath_dimob
NC_012751.1,1997580,2003213,5633,islandpath_dimob
NC_010337.2,14976,19403,4427,islandpath_dimob
NC_010337.2,32501,53505,21004,islandpath_dimob
NC_010337.2,103699,182864,79165,islandpath_dimob
NC_010337.2,186742,191801,5059,islandpath_dimob
NC_010337.2,194515,204645,10130,islandpath_dimob
NC_010337.2,810917,817960,7043,islandpath_dimob
NC_010337.2,820303,831556,11253,islandpath_dimob
NC_010337.2,1195032,1201530,6498,islandpath_dimob
NC_010337.2,2007714,2017573,9859,islandpath_dimob
NC_010337.2,2805292,2871201,65909,islandpath_dimob
NC_010337.2,2897192,2906945,9753,islandpath_dimob
NC_013223.1,447158,488136,40978,islandpath_dimob
NC_013223.1,727557,769755,42198,islandpath_dimob
NC_013223.1,1096551,1117654,21103,islandpath_dimob
NC_013223.1,1125631,1134963,9332,islandpath_dimob
NC_013223.1,1191531,1202924,11393,islandpath_dimob
NC_013223.1,1357798,1412119,54321,islandpath_dimob
NC_013223.1,1774073,1793756,19683,islandpath_dimob
NC_013223.1,2287245,2301841,14596,islandpath_dimob
NC_013158.1,100855,107891,7036,islandpath_dimob
NC_013158.1,773706,788146,14440,islandpath_dimob
NC_013158.1,1033599,1054232,20633,islandpath_dimob
NC_013158.1,2625061,2631948,6887,islandpath_dimob
NC_012814.1,1095571,1111256,15685,islandpath_dimob
NC_012814.1,1362448,1370460,8012,islandpath_dimob
NC_012814.1,1688611,1697921,9310,islandpath_dimob
NC_012815.1,1095506,1111191,15685,islandpath_dimob
NC_012815.1,1362381,1370393,8012,islandpath_dimob
NC_012815.1,1688328,1697638,9310,islandpath_dimob
NC_013202.1,60716,92220,31504,islandpath_dimob
NC_013202.1,154076,164058,9982,islandpath_dimob
NC_013202.1,423608,448356,24748,islandpath_dimob
NC_013202.1,449205,452876,3671,islandpath_dimob
NC_013202.1,530340,539864,9524,islandpath_dimob
NC_013202.1,912093,926608,14515,islandpath_dimob
NC_013202.1,1148205,1170673,22468,islandpath_dimob
NC_013202.1,1370874,1389894,19020,islandpath_dimob
NC_013202.1,1391873,1406441,14568,islandpath_dimob
NC_013202.1,1496666,1506386,9720,islandpath_dimob
NC_013202.1,1622678,1638371,15693,islandpath_dimob
NC_009664.2,15819,24013,8194,islandpath_dimob
NC_009664.2,380377,389497,9120,islandpath_dimob
NC_009664.2,487132,510456,23324,islandpath_dimob
NC_009664.2,2452591,2497895,45304,islandpath_dimob
NC_009664.2,4156666,4172547,15881,islandpath_dimob
NC_009664.2,4549381,4562224,12843,islandpath_dimob
NC_009664.2,4599502,4619611,20109,islandpath_dimob
NC_009664.2,4632298,4665607,33309,islandpath_dimob
NC_009664.2,4689163,4727854,38691,islandpath_dimob
NC_012850.1,187660,219102,31442,islandpath_dimob
NC_012850.1,578729,583801,5072,islandpath_dimob
NC_012850.1,1494230,1578049,83819,islandpath_dimob
NC_012759.1,262551,274340,11789,islandpath_dimob
NC_012759.1,466798,487616,20818,islandpath_dimob
NC_012759.1,1303320,1313668,10348,islandpath_dimob
NC_012759.1,1952898,1969868,16970,islandpath_dimob
NC_012759.1,1988954,2002483,13529,islandpath_dimob
NC_012759.1,2166767,2176791,10024,islandpath_dimob
NC_012759.1,2348079,2357793,9714,islandpath_dimob
NC_012759.1,2632632,2680620,47988,islandpath_dimob
NC_012759.1,2869581,2882770,13189,islandpath_dimob
NC_012759.1,3351976,3363676,11700,islandpath_dimob
NC_012759.1,3535045,3542419,7374,islandpath_dimob
NC_012759.1,3763423,3771208,7785,islandpath_dimob
NC_012759.1,4128028,4174173,46145,islandpath_dimob
NC_012759.1,4431948,4453435,21487,islandpath_dimob
NC_013119.1,264580,280967,16387,islandpath_dimob
NC_013119.1,515504,533162,17658,islandpath_dimob
NC_013119.1,707804,726865,19061,islandpath_dimob
NC_013119.1,941319,957639,16320,islandpath_dimob
NC_013119.1,1052038,1062839,10801,islandpath_dimob
NC_013171.1,781630,816549,34919,islandpath_dimob
NC_013171.1,906687,931003,24316,islandpath_dimob
NC_013171.1,1450056,1462872,12816,islandpath_dimob
NC_012967.1,16749,24404,7655,islandpath_dimob
NC_012967.1,274677,282957,8280,islandpath_dimob
NC_012967.1,530320,550037,19717,islandpath_dimob
NC_012967.1,880691,897175,16484,islandpath_dimob
NC_012967.1,898602,903931,5329,islandpath_dimob
NC_012967.1,1494593,1507169,12576,islandpath_dimob
NC_012967.1,1609298,1615835,6537,islandpath_dimob
NC_012967.1,2001388,2009870,8482,islandpath_dimob
NC_012967.1,2032831,2046292,13461,islandpath_dimob
NC_012967.1,2140045,2145365,5320,islandpath_dimob
NC_012967.1,2670159,2691539,21380,islandpath_dimob
NC_012967.1,3019065,3026802,7737,islandpath_dimob
NC_012967.1,3394702,3406402,11700,islandpath_dimob
NC_012967.1,3734473,3745427,10954,islandpath_dimob
NC_012967.1,3775658,3796503,20845,islandpath_dimob
NC_012967.1,3837428,3845213,7785,islandpath_dimob
NC_012967.1,4478418,4501709,23291,islandpath_dimob
NC_012947.1,47934,68779,20845,islandpath_dimob
NC_012947.1,96265,109964,13699,islandpath_dimob
NC_012947.1,185400,191557,6157,islandpath_dimob
NC_012947.1,323665,329350,5685,islandpath_dimob
NC_012947.1,435706,446410,10704,islandpath_dimob
NC_012947.1,1111437,1123387,11950,islandpath_dimob
NC_012947.1,1727715,1741176,13461,islandpath_dimob
NC_012947.1,1789764,1806889,17125,islandpath_dimob
NC_012947.1,2194048,2200015,5967,islandpath_dimob
NC_012947.1,2293424,2302268,8844,islandpath_dimob
NC_012947.1,2371204,2383230,12026,islandpath_dimob
NC_012947.1,2890457,2895440,4983,islandpath_dimob
NC_012947.1,2897652,2908683,11031,islandpath_dimob
NC_012947.1,3019323,3037134,17811,islandpath_dimob
NC_012947.1,3234762,3253600,18838,islandpath_dimob
NC_012947.1,3354618,3360225,5607,islandpath_dimob
NC_012947.1,3490429,3505392,14963,islandpath_dimob
NC_012947.1,3910841,3935690,24849,islandpath_dimob
NC_012917.1,677172,689365,12193,islandpath_dimob
NC_012917.1,838188,847776,9588,islandpath_dimob
NC_012917.1,1207594,1215427,7833,islandpath_dimob
NC_012917.1,1842295,1879434,37139,islandpath_dimob
NC_012917.1,2644495,2658125,13630,islandpath_dimob
NC_012917.1,2984027,2995788,11761,islandpath_dimob
NC_012917.1,3204199,3210641,6442,islandpath_dimob
NC_012917.1,3244755,3282322,37567,islandpath_dimob
NC_012917.1,3688427,3697527,9100,islandpath_dimob
NC_012792.1,561346,576438,15092,islandpath_dimob
NC_012792.1,709272,716471,7199,islandpath_dimob
NC_012792.1,955352,973026,17674,islandpath_dimob
NC_012912.1,246846,257253,10407,islandpath_dimob
NC_012912.1,1045205,1077362,32157,islandpath_dimob
NC_012912.1,1303911,1317383,13472,islandpath_dimob
NC_012912.1,1707798,1730910,23112,islandpath_dimob
NC_012912.1,1791406,1814907,23501,islandpath_dimob
NC_012912.1,2556742,2564511,7769,islandpath_dimob
NC_012912.1,2921555,2934446,12891,islandpath_dimob
NC_012912.1,3752460,3768180,15720,islandpath_dimob
NC_012912.1,3860135,3890539,30404,islandpath_dimob
NC_012912.1,4171095,4187758,16663,islandpath_dimob
NC_012912.1,4615861,4618865,3004,islandpath_dimob
NC_012912.1,4782450,4809196,26746,islandpath_dimob
NC_012943.1,834886,852664,17778,islandpath_dimob
NC_012943.1,921417,934604,13187,islandpath_dimob
NC_012943.1,1276815,1293165,16350,islandpath_dimob
NC_012943.1,1435864,1443692,7828,islandpath_dimob
NC_012943.1,1605986,1622317,16331,islandpath_dimob
NC_012943.1,1771661,1789419,17758,islandpath_dimob
NC_012943.1,2044742,2051119,6377,islandpath_dimob
NC_012943.1,2161928,2166988,5060,islandpath_dimob
NC_012943.1,2366757,2385068,18311,islandpath_dimob
NC_012943.1,2421758,2441516,19758,islandpath_dimob
NC_012943.1,3720524,3765668,45144,islandpath_dimob
NC_012943.1,3793755,3800087,6332,islandpath_dimob
NC_012731.1,587739,597911,10172,islandpath_dimob
NC_012731.1,604793,655635,50842,islandpath_dimob
NC_012731.1,1273954,1283348,9394,islandpath_dimob
NC_012731.1,2981471,2999125,17654,islandpath_dimob
NC_012731.1,3427155,3433152,5997,islandpath_dimob
NC_012731.1,3443871,3471770,27899,islandpath_dimob
NC_013204.1,956494,984272,27778,islandpath_dimob
NC_013204.1,995414,1132195,136781,islandpath_dimob
NC_013204.1,1136591,1145230,8639,islandpath_dimob
NC_013204.1,1766191,1826948,60757,islandpath_dimob
NC_013204.1,3029279,3035389,6110,islandpath_dimob
NC_013204.1,3059303,3066376,7073,islandpath_dimob
NC_013061.1,989386,1010130,20744,islandpath_dimob
NC_013061.1,2037365,2063708,26343,islandpath_dimob
NC_013061.1,2065671,2075517,9846,islandpath_dimob
NC_012781.1,395858,402450,6592,islandpath_dimob
NC_012781.1,696710,744669,47959,islandpath_dimob
NC_012781.1,1096208,1105477,9269,islandpath_dimob
NC_012781.1,1950660,1991283,40623,islandpath_dimob
NC_012781.1,2501413,2524246,22833,islandpath_dimob
NC_012781.1,2552723,2602049,49326,islandpath_dimob
NC_012781.1,3181360,3186727,5367,islandpath_dimob
NC_012781.1,3270081,3275338,5257,islandpath_dimob
NC_012781.1,3317145,3364004,46859,islandpath_dimob
NC_012925.1,69570,98669,29099,islandpath_dimob
NC_012925.1,1361730,1375362,13632,islandpath_dimob
NC_012913.1,1041061,1068372,27311,islandpath_dimob
NC_012913.1,2254137,2260440,6303,islandpath_dimob
NC_012924.1,70261,95278,25017,islandpath_dimob
NC_012924.1,1450137,1463770,13633,islandpath_dimob
NC_012891.1,62861,80598,17737,islandpath_dimob
NC_012891.1,252188,262649,10461,islandpath_dimob
NC_012891.1,492824,496504,3680,islandpath_dimob
NC_012891.1,1105706,1119619,13913,islandpath_dimob
NC_012891.1,1282855,1292212,9357,islandpath_dimob
NC_012891.1,1594124,1602400,8276,islandpath_dimob
NC_013173.1,959833,983052,23219,islandpath_dimob
NC_013173.1,1360616,1375257,14641,islandpath_dimob
NC_013173.1,1401313,1431283,29970,islandpath_dimob
NC_013173.1,1475417,1515417,40000,islandpath_dimob
NC_013173.1,2921094,2930508,9414,islandpath_dimob
NC_013173.1,3705328,3727551,22223,islandpath_dimob
NC_012779.1,32463,41018,8555,islandpath_dimob
NC_012779.1,1291139,1313445,22306,islandpath_dimob
NC_012779.1,1315428,1325589,10161,islandpath_dimob
NC_012779.1,1405080,1413595,8515,islandpath_dimob
NC_012779.1,1452628,1465764,13136,islandpath_dimob
NC_012779.1,1477031,1488665,11634,islandpath_dimob
NC_012779.1,1501861,1520053,18192,islandpath_dimob
NC_012779.1,1709239,1716014,6775,islandpath_dimob
NC_012779.1,2125997,2131598,5601,islandpath_dimob
NC_012779.1,2135634,2144585,8951,islandpath_dimob
NC_012779.1,2150206,2155932,5726,islandpath_dimob
NC_012779.1,2195802,2209493,13691,islandpath_dimob
NC_012779.1,2298199,2309478,11279,islandpath_dimob
NC_012779.1,2588126,2598360,10234,islandpath_dimob
NC_012779.1,2860260,2876544,16284,islandpath_dimob
NC_012779.1,2895889,2907275,11386,islandpath_dimob
NC_012779.1,2933913,2938394,4481,islandpath_dimob
NC_012779.1,2960595,2969832,9237,islandpath_dimob
NC_012779.1,3185908,3206685,20777,islandpath_dimob
NC_012779.1,3323817,3341072,17255,islandpath_dimob
NC_012883.1,1538126,1563253,25127,islandpath_dimob
NC_012883.1,1690902,1695701,4799,islandpath_dimob
NC_012883.1,1819516,1831257,11741,islandpath_dimob
NC_012918.1,445640,450194,4554,islandpath_dimob
NC_012918.1,934349,959868,25519,islandpath_dimob
NC_012918.1,1460810,1467858,7048,islandpath_dimob
NC_012918.1,1703167,1726411,23244,islandpath_dimob
NC_012918.1,2762399,2787416,25017,islandpath_dimob
NC_012918.1,4222790,4237001,14211,islandpath_dimob
NC_012881.1,327557,340706,13149,islandpath_dimob
NC_012881.1,3524501,3532084,7583,islandpath_dimob
NC_012880.1,346626,354914,8288,islandpath_dimob
NC_012880.1,442984,466065,23081,islandpath_dimob
NC_012880.1,1788716,1851675,62959,islandpath_dimob
NC_012880.1,2355712,2369813,14101,islandpath_dimob
NC_012880.1,2753255,2766235,12980,islandpath_dimob
NC_012880.1,2778795,2791850,13055,islandpath_dimob
NC_012880.1,2876911,2884765,7854,islandpath_dimob
NC_012880.1,3426604,3449753,23149,islandpath_dimob
NC_012880.1,3773986,3780711,6725,islandpath_dimob
NC_012880.1,3988761,4002812,14051,islandpath_dimob
NC_012880.1,4117865,4126083,8218,islandpath_dimob
NC_012880.1,4453554,4456935,3381,islandpath_dimob
NC_012808.1,61962,77550,15588,islandpath_dimob
NC_012808.1,1124452,1155175,30723,islandpath_dimob
NC_012808.1,1991224,1997405,6181,islandpath_dimob
NC_012808.1,2808983,2816411,7428,islandpath_dimob
NC_012808.1,2919876,2944429,24553,islandpath_dimob
NC_012808.1,3894365,3916493,22128,islandpath_dimob
NC_012808.1,4137005,4166058,29053,islandpath_dimob
NC_013172.1,606387,638494,32107,islandpath_dimob
NC_013172.1,2481156,2487327,6171,islandpath_dimob
NC_013172.1,2658397,2683224,24827,islandpath_dimob
NC_013172.1,2875590,2888187,12597,islandpath_dimob
NC_013172.1,2891180,2903665,12485,islandpath_dimob
NC_013216.1,170739,185537,14798,islandpath_dimob
NC_013216.1,402266,445977,43711,islandpath_dimob
NC_013216.1,493538,500431,6893,islandpath_dimob
NC_013216.1,873543,895269,21726,islandpath_dimob
NC_013216.1,1574268,1590776,16508,islandpath_dimob
NC_013216.1,1952240,1967818,15578,islandpath_dimob
NC_013216.1,2649303,2657668,8365,islandpath_dimob
NC_013216.1,2689186,2696992,7806,islandpath_dimob
NC_013216.1,2905957,2916756,10799,islandpath_dimob
NC_013216.1,3478732,3500692,21960,islandpath_dimob
NC_013216.1,3856956,3869169,12213,islandpath_dimob
NC_013216.1,4062499,4098021,35522,islandpath_dimob
NC_013216.1,4225471,4230391,4920,islandpath_dimob
NC_013216.1,4252805,4268439,15634,islandpath_dimob
NC_013205.1,292767,331106,38339,islandpath_dimob
NC_013205.1,558668,587859,29191,islandpath_dimob
NC_013205.1,600665,616607,15942,islandpath_dimob
NC_013205.1,1556670,1565395,8725,islandpath_dimob
NC_013205.1,1570940,1612212,41272,islandpath_dimob
NC_013205.1,2611881,2626098,14217,islandpath_dimob
NC_013235.1,467440,481400,13960,islandpath_dimob
NC_013235.1,485158,528144,42986,islandpath_dimob
NC_013235.1,595051,608552,13501,islandpath_dimob
NC_013235.1,688196,698698,10502,islandpath_dimob
NC_013235.1,1359930,1367176,7246,islandpath_dimob
NC_013235.1,2154902,2184189,29287,islandpath_dimob
NC_013235.1,2266398,2288267,21869,islandpath_dimob
NC_013235.1,2291364,2305410,14046,islandpath_dimob
NC_013235.1,2767984,2772799,4815,islandpath_dimob
NC_013235.1,2879290,2885908,6618,islandpath_dimob
NC_013235.1,2907925,2919493,11568,islandpath_dimob
NC_013235.1,3132220,3160627,28407,islandpath_dimob
NC_013235.1,3345953,3365049,19096,islandpath_dimob
NC_013235.1,3397161,3408433,11272,islandpath_dimob
NC_013235.1,3523204,3532792,9588,islandpath_dimob
NC_013235.1,3834789,3838253,3464,islandpath_dimob
NC_013235.1,3940573,3952231,11658,islandpath_dimob
NC_013235.1,4011168,4015994,4826,islandpath_dimob
NC_013235.1,4108385,4118734,10349,islandpath_dimob
NC_013235.1,4943298,5011047,67749,islandpath_dimob
NC_013235.1,5131099,5165437,34338,islandpath_dimob
NC_013235.1,5520430,5528503,8073,islandpath_dimob
NC_013037.1,561714,608223,46509,islandpath_dimob
NC_013037.1,1024231,1052665,28434,islandpath_dimob
NC_013037.1,1078720,1131657,52937,islandpath_dimob
NC_013037.1,2094411,2099420,5009,islandpath_dimob
NC_013037.1,2299419,2333839,34420,islandpath_dimob
NC_013037.1,2371115,2389844,18729,islandpath_dimob
NC_013037.1,2856317,2917934,61617,islandpath_dimob
NC_013037.1,3578918,3587270,8352,islandpath_dimob
NC_013037.1,5068426,5089528,21102,islandpath_dimob
NC_013037.1,6218165,6240701,22536,islandpath_dimob
NC_013037.1,6286374,6330581,44207,islandpath_dimob
NC_013037.1,6655383,6661119,5736,islandpath_dimob
NC_013161.1,1441971,1446828,4857,islandpath_dimob
NC_013161.1,2113039,2118390,5351,islandpath_dimob
NC_013161.1,2510943,2520357,9414,islandpath_dimob
NC_013161.1,2608260,2612472,4212,islandpath_dimob
NC_013161.1,3193364,3208240,14876,islandpath_dimob
NC_007492.2,860485,879594,19109,islandpath_dimob
NC_007492.2,2311467,2328092,16625,islandpath_dimob
NC_007492.2,3185832,3204941,19109,islandpath_dimob
NC_007492.2,3389143,3399593,10450,islandpath_dimob
NC_007492.2,3487378,3502629,15251,islandpath_dimob
NC_007492.2,3959908,3986460,26552,islandpath_dimob
NC_007492.2,6395699,6417950,22251,islandpath_dimob
NC_012988.1,40276,52740,12464,islandpath_dimob
NC_012988.1,291565,297094,5529,islandpath_dimob
NC_012988.1,673123,683063,9940,islandpath_dimob
NC_012988.1,688645,703846,15201,islandpath_dimob
NC_012988.1,777641,808687,31046,islandpath_dimob
NC_012988.1,814511,831701,17190,islandpath_dimob
NC_012988.1,840017,847236,7219,islandpath_dimob
NC_012988.1,1115945,1140814,24869,islandpath_dimob
NC_012988.1,1150656,1218121,67465,islandpath_dimob
NC_012988.1,1269969,1280507,10538,islandpath_dimob
NC_012988.1,1319044,1325977,6933,islandpath_dimob
NC_012988.1,1554723,1561001,6278,islandpath_dimob
NC_012988.1,1783648,1800616,16968,islandpath_dimob
NC_012988.1,1804264,1816988,12724,islandpath_dimob
NC_012988.1,2463469,2494719,31250,islandpath_dimob
NC_012988.1,2500951,2509680,8729,islandpath_dimob
NC_012988.1,2553672,2578917,25245,islandpath_dimob
NC_012988.1,4285372,4300801,15429,islandpath_dimob
NC_012988.1,4302097,4311263,9166,islandpath_dimob
NC_012988.1,4330840,4348115,17275,islandpath_dimob
NC_012988.1,4392854,4418641,25787,islandpath_dimob
NC_012988.1,4638607,4656997,18390,islandpath_dimob
NC_012988.1,5288827,5313146,24319,islandpath_dimob
NC_013008.1,263854,276349,12495,islandpath_dimob
NC_013008.1,309868,321698,11830,islandpath_dimob
NC_013008.1,347684,350377,2693,islandpath_dimob
NC_013008.1,1170104,1176678,6574,islandpath_dimob
NC_013008.1,1183283,1193378,10095,islandpath_dimob
NC_013008.1,1314578,1335451,20873,islandpath_dimob
NC_013008.1,1339302,1349067,9765,islandpath_dimob
NC_013008.1,1358608,1400428,41820,islandpath_dimob
NC_013008.1,1501963,1530725,28762,islandpath_dimob
NC_013008.1,1558536,1564317,5781,islandpath_dimob
NC_013008.1,1589389,1601677,12288,islandpath_dimob
NC_013008.1,1704530,1730701,26171,islandpath_dimob
NC_013008.1,1751210,1779924,28714,islandpath_dimob
NC_013008.1,2514704,2519491,4787,islandpath_dimob
NC_013008.1,2644754,2658041,13287,islandpath_dimob
NC_013008.1,2705014,2718900,13886,islandpath_dimob
NC_013008.1,2892559,2926113,33554,islandpath_dimob
NC_013008.1,3199503,3219799,20296,islandpath_dimob
NC_013008.1,3255743,3260882,5139,islandpath_dimob
NC_013008.1,3533890,3545608,11718,islandpath_dimob
NC_013008.1,3548029,3558858,10829,islandpath_dimob
NC_013008.1,3912738,3932410,19672,islandpath_dimob
NC_013008.1,4238238,4256446,18208,islandpath_dimob
NC_013008.1,5139349,5145995,6646,islandpath_dimob
NC_013194.1,99957,135489,35532,islandpath_dimob
NC_013194.1,244431,250291,5860,islandpath_dimob
NC_013194.1,639402,647428,8026,islandpath_dimob
NC_013194.1,759635,775037,15402,islandpath_dimob
NC_013194.1,971595,1009235,37640,islandpath_dimob
NC_013194.1,1645080,1670389,25309,islandpath_dimob
NC_013194.1,1991642,2002836,11194,islandpath_dimob
NC_013194.1,2008128,2033036,24908,islandpath_dimob
NC_013194.1,2037742,2045373,7631,islandpath_dimob
NC_013194.1,3170695,3180672,9977,islandpath_dimob
NC_013194.1,3695463,3711146,15683,islandpath_dimob
NC_013194.1,3722032,3749784,27752,islandpath_dimob
NC_013194.1,4985533,4996300,10767,islandpath_dimob
NC_013194.1,4998546,5009216,10670,islandpath_dimob
NC_000964.3,738995,747534,8539,islandpath_dimob
NC_000964.3,1695254,1700976,5722,islandpath_dimob
NC_000964.3,2050689,2074221,23532,islandpath_dimob
NC_000964.3,2152265,2288062,135797,islandpath_dimob
NC_000964.3,2660330,2669340,9010,islandpath_dimob
NC_000964.3,2671061,2696027,24966,islandpath_dimob
NC_000964.3,4123931,4135764,11833,islandpath_dimob
NC_012914.1,1875205,1900666,25461,islandpath_dimob
NC_012914.1,5251623,5272163,20540,islandpath_dimob
NC_012914.1,5449823,5479400,29577,islandpath_dimob
NC_013132.1,41299,54053,12754,islandpath_dimob
NC_013132.1,3121653,3142340,20687,islandpath_dimob
NC_013132.1,3914356,3997715,83359,islandpath_dimob
NC_013132.1,4355363,4393489,38126,islandpath_dimob
NC_013132.1,4811695,4818617,6922,islandpath_dimob
NC_013132.1,5253524,5282054,28530,islandpath_dimob
NC_013132.1,5948492,5957540,9048,islandpath_dimob
NC_013132.1,7957351,7982622,25271,islandpath_dimob
NC_012997.1,821360,834844,13484,islandpath_dimob
NC_012997.1,1342089,1352504,10415,islandpath_dimob
NC_012997.1,1443918,1465400,21482,islandpath_dimob
NC_012997.1,1827037,1863553,36516,islandpath_dimob
NC_012997.1,2262105,2276820,14715,islandpath_dimob
NC_012997.1,2961839,2974731,12892,islandpath_dimob
NC_012997.1,4036621,4054331,17710,islandpath_dimob
NC_012997.1,4562441,4595662,33221,islandpath_dimob
NC_012997.1,4922449,4947101,24652,islandpath_dimob
NC_013093.1,633802,652946,19144,islandpath_dimob
NC_013093.1,1421239,1430416,9177,islandpath_dimob
NC_013093.1,2637274,2648804,11530,islandpath_dimob
NC_013093.1,3792880,3806099,13219,islandpath_dimob
NC_013093.1,4000299,4029346,29047,islandpath_dimob
NC_013093.1,4522255,4548399,26144,islandpath_dimob
NC_013093.1,5411564,5425444,13880,islandpath_dimob
NC_013093.1,7451658,7463635,11977,islandpath_dimob
NC_013131.1,1742783,1748559,5776,islandpath_dimob
NC_013131.1,2534291,2545383,11092,islandpath_dimob
NC_013131.1,3144877,3164619,19742,islandpath_dimob
NC_013131.1,3316174,3324213,8039,islandpath_dimob
NC_013131.1,3348697,3356909,8212,islandpath_dimob
NC_013131.1,3362099,3368090,5991,islandpath_dimob
NC_013131.1,3476181,3502852,26671,islandpath_dimob
NC_013131.1,4664998,4671349,6351,islandpath_dimob
NC_013131.1,5230095,5262159,32064,islandpath_dimob
NC_013131.1,6136379,6145403,9024,islandpath_dimob
NC_013131.1,8484223,8513071,28848,islandpath_dimob
NC_013131.1,9906735,9925812,19077,islandpath_dimob
NC_013131.1,9939029,9948098,9069,islandpath_dimob
NC_013131.1,10043761,10050502,6741,islandpath_dimob
NC_012926.1,70271,95286,25015,islandpath_dimob
NC_012926.1,1026008,1039655,13647,islandpath_dimob
NC_012926.1,1500457,1514110,13653,islandpath_dimob
NC_012982.1,713177,758542,45365,islandpath_dimob
NC_012982.1,3184010,3203275,19265,islandpath_dimob
NC_012982.1,3219526,3230931,11405,islandpath_dimob
NC_013165.1,9921,22116,12195,islandpath_dimob
NC_013165.1,332002,369224,37222,islandpath_dimob
NC_013165.1,390337,402149,11812,islandpath_dimob
NC_013165.1,403575,419337,15762,islandpath_dimob
NC_013165.1,945920,963038,17118,islandpath_dimob
NC_013165.1,1759123,1791939,32816,islandpath_dimob
NC_013165.1,2115106,2151700,36594,islandpath_dimob
NC_013165.1,2247782,2290472,42690,islandpath_dimob
NC_013165.1,2920594,2928279,7685,islandpath_dimob
NC_012791.1,655833,664188,8355,islandpath_dimob
NC_012791.1,742860,750892,8032,islandpath_dimob
NC_012791.1,2249886,2262909,13023,islandpath_dimob
NC_012791.1,2420858,2456781,35923,islandpath_dimob
NC_012791.1,4679618,4686935,7317,islandpath_dimob
NC_012791.1,4754656,4765984,11328,islandpath_dimob
NC_012791.1,4769048,4817504,48456,islandpath_dimob
NC_012791.1,5520452,5528652,8200,islandpath_dimob
NC_013062.1,270471,287555,17084,islandpath_dimob
NC_013062.1,1070393,1089471,19078,islandpath_dimob
NC_013062.1,1278056,1337605,59549,islandpath_dimob
NC_013118.1,342353,363928,21575,islandpath_dimob
NC_013118.1,530590,542898,12308,islandpath_dimob
NC_013118.1,817956,834594,16638,islandpath_dimob
NC_013203.1,219727,249531,29804,islandpath_dimob
NC_013124.1,57262,72292,15030,islandpath_dimob
NC_013124.1,304760,314546,9786,islandpath_dimob
NC_013124.1,506074,521862,15788,islandpath_dimob
NC_013124.1,994826,1007183,12357,islandpath_dimob
NC_013124.1,1360801,1378044,17243,islandpath_dimob
NC_013124.1,1444024,1464679,20655,islandpath_dimob
NC_013124.1,1487690,1496454,8764,islandpath_dimob
NC_013124.1,1554151,1561853,7702,islandpath_dimob
NC_013124.1,1740464,1744555,4091,islandpath_dimob
NC_013124.1,1947801,1959158,11357,islandpath_dimob
NC_013124.1,1970820,1986109,15289,islandpath_dimob
NC_012796.1,82121,100804,18683,islandpath_dimob
NC_012796.1,106874,114915,8041,islandpath_dimob
NC_012796.1,117559,124966,7407,islandpath_dimob
NC_012796.1,991191,1008448,17257,islandpath_dimob
NC_012796.1,1056473,1070296,13823,islandpath_dimob
NC_012796.1,1076242,1168426,92184,islandpath_dimob
NC_012796.1,1617597,1626830,9233,islandpath_dimob
NC_012796.1,1657572,1667191,9619,islandpath_dimob
NC_012796.1,2047966,2062440,14474,islandpath_dimob
NC_012796.1,2094176,2101437,7261,islandpath_dimob
NC_012796.1,2688976,2697750,8774,islandpath_dimob
NC_012796.1,3039660,3051424,11764,islandpath_dimob
NC_012796.1,3062917,3072549,9632,islandpath_dimob
NC_012796.1,3273590,3303527,29937,islandpath_dimob
NC_012796.1,3417826,3437537,19711,islandpath_dimob
NC_012796.1,3441354,3449537,8183,islandpath_dimob
NC_012796.1,3607954,3655044,47090,islandpath_dimob
NC_012796.1,4136440,4192296,55856,islandpath_dimob
NC_012796.1,4673749,4680806,7057,islandpath_dimob
NC_012796.1,4689779,4726722,36943,islandpath_dimob
NC_012962.1,1155302,1168346,13044,islandpath_dimob
NC_012962.1,3910016,3915454,5438,islandpath_dimob
NC_012962.1,3954751,3959160,4409,islandpath_dimob
NC_012962.1,4597873,4610878,13005,islandpath_dimob
NC_012962.1,4860448,4881210,20762,islandpath_dimob
NC_013524.1,437865,474792,36927,islandpath_dimob
NC_013524.1,843330,857557,14227,islandpath_dimob
NC_013525.1,977191,983844,6653,islandpath_dimob
NC_013457.1,1706590,1719999,13409,islandpath_dimob
NC_013520.1,521499,538699,17200,islandpath_dimob
NC_013515.1,254316,261882,7566,islandpath_dimob
NC_013515.1,720370,758862,38492,islandpath_dimob
NC_013512.1,82362,89623,7261,islandpath_dimob
NC_013512.1,764719,775495,10776,islandpath_dimob
NC_013512.1,927909,969074,41165,islandpath_dimob
NC_013512.1,987910,1034181,46271,islandpath_dimob
NC_013512.1,1131729,1139924,8195,islandpath_dimob
NC_013512.1,1259390,1273918,14528,islandpath_dimob
NC_013355.1,1483171,1516617,33446,islandpath_dimob
NC_013355.1,1528394,1607981,79587,islandpath_dimob
NC_013456.1,216801,236658,19857,islandpath_dimob
NC_013456.1,747045,754488,7443,islandpath_dimob
NC_013456.1,2532043,2539396,7353,islandpath_dimob
NC_013456.1,2983586,2998701,15115,islandpath_dimob
NC_013523.1,125488,133846,8358,islandpath_dimob
NC_013523.1,382172,390423,8251,islandpath_dimob
NC_013523.1,529796,535359,5563,islandpath_dimob
NC_013523.1,1623411,1630959,7548,islandpath_dimob
NC_013523.1,1755805,1768889,13084,islandpath_dimob
NC_013523.1,2496675,2521345,24670,islandpath_dimob
NC_013450.1,49679,54536,4857,islandpath_dimob
NC_013450.1,854790,866912,12122,islandpath_dimob
NC_013450.1,2298910,2305841,6931,islandpath_dimob
NC_013504.1,370876,377539,6663,islandpath_dimob
NC_013504.1,982527,1006612,24085,islandpath_dimob
NC_013504.1,1053396,1061806,8410,islandpath_dimob
NC_013504.1,1096390,1109388,12998,islandpath_dimob
NC_013504.1,1402058,1410343,8285,islandpath_dimob
NC_013501.1,57731,71233,13502,islandpath_dimob
NC_013501.1,1139262,1176633,37371,islandpath_dimob
NC_013501.1,1639018,1647033,8015,islandpath_dimob
NC_013422.1,7248,26856,19608,islandpath_dimob
NC_013422.1,369414,393110,23696,islandpath_dimob
NC_013422.1,995153,1044241,49088,islandpath_dimob
NC_013422.1,2421139,2433441,12302,islandpath_dimob
NC_013530.1,1723187,1739546,16359,islandpath_dimob
NC_013530.1,2222017,2229432,7415,islandpath_dimob
NC_013530.1,2822801,2842545,19744,islandpath_dimob
NC_013530.1,3210521,3235372,24851,islandpath_dimob
NC_013411.1,323319,333436,10117,islandpath_dimob
NC_013411.1,345709,358300,12591,islandpath_dimob
NC_013411.1,542601,559797,17196,islandpath_dimob
NC_013411.1,603929,636535,32606,islandpath_dimob
NC_013411.1,1173824,1186480,12656,islandpath_dimob
NC_013411.1,1198260,1228819,30559,islandpath_dimob
NC_013411.1,1240661,1248450,7789,islandpath_dimob
NC_013411.1,1459248,1476166,16918,islandpath_dimob
NC_013411.1,1587689,1600817,13128,islandpath_dimob
NC_013411.1,1698582,1714036,15454,islandpath_dimob
NC_013411.1,1943286,1958942,15656,islandpath_dimob
NC_013411.1,2209814,2221142,11328,islandpath_dimob
NC_013411.1,2732370,2801592,69222,islandpath_dimob
NC_013411.1,2981696,2993750,12054,islandpath_dimob
NC_013411.1,3117778,3126043,8265,islandpath_dimob
NC_013411.1,3206671,3217110,10439,islandpath_dimob
NC_013411.1,3336122,3350566,14444,islandpath_dimob
NC_013411.1,3435097,3444481,9384,islandpath_dimob
NC_013532.1,1178454,1197154,18700,islandpath_dimob
NC_013315.1,490334,502766,12432,islandpath_dimob
NC_013315.1,613609,632992,19383,islandpath_dimob
NC_013315.1,3431836,3446866,15030,islandpath_dimob
NC_013315.1,3469698,3490610,20912,islandpath_dimob
NC_013315.1,4014466,4051854,37388,islandpath_dimob
NC_013510.1,40655,57303,16648,islandpath_dimob
NC_013510.1,2762507,2794822,32315,islandpath_dimob
NC_013510.1,4963144,4977815,14671,islandpath_dimob
NC_013510.1,5132054,5143285,11231,islandpath_dimob
NC_013508.1,33547,53881,20334,islandpath_dimob
NC_013508.1,893049,901802,8753,islandpath_dimob
NC_013508.1,1498255,1511299,13044,islandpath_dimob
NC_013508.1,1694438,1701463,7025,islandpath_dimob
NC_013508.1,1995975,2001950,5975,islandpath_dimob
NC_013508.1,2142390,2155064,12674,islandpath_dimob
NC_013508.1,2873759,2888079,14320,islandpath_dimob
NC_013508.1,3194174,3224312,30138,islandpath_dimob
NC_013508.1,3389257,3410512,21255,islandpath_dimob
NC_013316.1,488513,499709,11196,islandpath_dimob
NC_013316.1,2037361,2113725,76364,islandpath_dimob
NC_013316.1,4095252,4126526,31274,islandpath_dimob
NC_013410.1,1596720,1613324,16604,islandpath_dimob
NC_013421.1,165245,179715,14470,islandpath_dimob
NC_013421.1,390648,407155,16507,islandpath_dimob
NC_013421.1,483089,495275,12186,islandpath_dimob
NC_013421.1,670437,695875,25438,islandpath_dimob
NC_013421.1,741866,751027,9161,islandpath_dimob
NC_013421.1,923028,939759,16731,islandpath_dimob
NC_013421.1,1843778,1907323,63545,islandpath_dimob
NC_013421.1,2727246,2731023,3777,islandpath_dimob
NC_013421.1,3104904,3110057,5153,islandpath_dimob
NC_013385.1,14446,19736,5290,islandpath_dimob
NC_013385.1,104996,114060,9064,islandpath_dimob
NC_013385.1,416402,428888,12486,islandpath_dimob
NC_013385.1,729551,833308,103757,islandpath_dimob
NC_013385.1,885411,894699,9288,islandpath_dimob
NC_013385.1,1190657,1201735,11078,islandpath_dimob
NC_013385.1,1997878,2004179,6301,islandpath_dimob
NC_013416.1,825676,835112,9436,islandpath_dimob
NC_013416.1,948369,953934,5565,islandpath_dimob
NC_013416.1,1787385,1795776,8391,islandpath_dimob
NC_013353.1,928176,938454,10278,islandpath_dimob
NC_013353.1,1461086,1489818,28732,islandpath_dimob
NC_013353.1,1787497,1795780,8283,islandpath_dimob
NC_013353.1,2322606,2328816,6210,islandpath_dimob
NC_013353.1,2334673,2362141,27468,islandpath_dimob
NC_013353.1,2383205,2397972,14767,islandpath_dimob
NC_013353.1,3242912,3256540,13628,islandpath_dimob
NC_013353.1,3483558,3507506,23948,islandpath_dimob
NC_013353.1,3629611,3695230,65619,islandpath_dimob
NC_013353.1,3699817,3718480,18663,islandpath_dimob
NC_013353.1,3826011,3843760,17749,islandpath_dimob
NC_013353.1,3855036,3891067,36031,islandpath_dimob
NC_013353.1,4120877,4139085,18208,islandpath_dimob
NC_013353.1,5069281,5116391,47110,islandpath_dimob
NC_013353.1,5364246,5378342,14096,islandpath_dimob
NC_012214.1,83195,88248,5053,islandpath_dimob
NC_012214.1,468086,486050,17964,islandpath_dimob
NC_012214.1,1123500,1133497,9997,islandpath_dimob
NC_012214.1,1217905,1227936,10031,islandpath_dimob
NC_012214.1,1356582,1369430,12848,islandpath_dimob
NC_012214.1,1656872,1666953,10081,islandpath_dimob
NC_012214.1,2227917,2261927,34010,islandpath_dimob
NC_012214.1,2439262,2447686,8424,islandpath_dimob
NC_012214.1,2810142,2821326,11184,islandpath_dimob
NC_012214.1,2897675,2913023,15348,islandpath_dimob
NC_012214.1,3492873,3500601,7728,islandpath_dimob
NC_012214.1,3668286,3690792,22506,islandpath_dimob
NC_012214.1,3939341,3946082,6741,islandpath_dimob
NC_013446.1,1661560,1685901,24341,islandpath_dimob
NC_013446.1,1720249,1739454,19205,islandpath_dimob
NC_013446.1,2255337,2272598,17261,islandpath_dimob
NC_013446.1,2764416,2793328,28912,islandpath_dimob
NC_013446.1,2821488,2845652,24164,islandpath_dimob
NC_013446.1,2850397,2865920,15523,islandpath_dimob
NC_013446.1,2874018,2884485,10467,islandpath_dimob
NC_013446.1,3153594,3166139,12545,islandpath_dimob
NC_013446.1,4050407,4064960,14553,islandpath_dimob
NC_013446.1,4187512,4201219,13707,islandpath_dimob
NC_013446.1,4285700,4299229,13529,islandpath_dimob
NC_013446.1,4524141,4553894,29753,islandpath_dimob
NC_013441.1,27877,52019,24142,islandpath_dimob
NC_013441.1,370056,421217,51161,islandpath_dimob
NC_013441.1,583335,604815,21480,islandpath_dimob
NC_013441.1,757170,770185,13015,islandpath_dimob
NC_013441.1,828384,834395,6011,islandpath_dimob
NC_013441.1,952210,959989,7779,islandpath_dimob
NC_013441.1,1226558,1250711,24153,islandpath_dimob
NC_013441.1,1490855,1522145,31290,islandpath_dimob
NC_013441.1,2752909,2826320,73411,islandpath_dimob
NC_013441.1,2843194,2862733,19539,islandpath_dimob
NC_013441.1,4528479,4545926,17447,islandpath_dimob
NC_013441.1,5029576,5042085,12509,islandpath_dimob
NC_013441.1,5051038,5060801,9763,islandpath_dimob
NC_013282.1,553855,577297,23442,islandpath_dimob
NC_013282.1,1205570,1256329,50759,islandpath_dimob
NC_013282.1,1810347,1816059,5712,islandpath_dimob
NC_013282.1,2588567,2596441,7874,islandpath_dimob
NC_013282.1,3404148,3414699,10551,islandpath_dimob
NC_013364.1,332184,338066,5882,islandpath_dimob
NC_013364.1,933725,944003,10278,islandpath_dimob
NC_013364.1,1209578,1229261,19683,islandpath_dimob
NC_013364.1,1264391,1283929,19538,islandpath_dimob
NC_013364.1,1288615,1300138,11523,islandpath_dimob
NC_013364.1,1320653,1349684,29031,islandpath_dimob
NC_013364.1,1440874,1449295,8421,islandpath_dimob
NC_013364.1,1615128,1645936,30808,islandpath_dimob
NC_013364.1,2005812,2042361,36549,islandpath_dimob
NC_013364.1,2559428,2568647,9219,islandpath_dimob
NC_013364.1,2604524,2612650,8126,islandpath_dimob
NC_013364.1,2628641,2657596,28955,islandpath_dimob
NC_013364.1,2911764,2917806,6042,islandpath_dimob
NC_013364.1,3314872,3330708,15836,islandpath_dimob
NC_013364.1,3333132,3345928,12796,islandpath_dimob
NC_013364.1,3707217,3735404,28187,islandpath_dimob
NC_013364.1,3741318,3758067,16749,islandpath_dimob
NC_013364.1,4114992,4133638,18646,islandpath_dimob
NC_013364.1,4586342,4597217,10875,islandpath_dimob
NC_013364.1,5084191,5107313,23122,islandpath_dimob
NC_013361.1,322056,333720,11664,islandpath_dimob
NC_013361.1,891322,902106,10784,islandpath_dimob
NC_013361.1,923285,941364,18079,islandpath_dimob
NC_013361.1,1291171,1312162,20991,islandpath_dimob
NC_013361.1,1317175,1325626,8451,islandpath_dimob
NC_013361.1,1349068,1386593,37525,islandpath_dimob
NC_013361.1,1496113,1521037,24924,islandpath_dimob
NC_013361.1,1756078,1773541,17463,islandpath_dimob
NC_013361.1,2166732,2188226,21494,islandpath_dimob
NC_013361.1,2535756,2549363,13607,islandpath_dimob
NC_013361.1,2802786,2832701,29915,islandpath_dimob
NC_013361.1,3091744,3102935,11191,islandpath_dimob
NC_013361.1,3128202,3137775,9573,islandpath_dimob
NC_013361.1,3265767,3286598,20831,islandpath_dimob
NC_013361.1,3877039,3904464,27425,islandpath_dimob
NC_013361.1,4377312,4394541,17229,islandpath_dimob
NC_013361.1,5326694,5343055,16361,islandpath_dimob
NC_013361.1,5346943,5387353,40410,islandpath_dimob
NC_013361.1,5534244,5544238,9994,islandpath_dimob
NC_013361.1,5557133,5583190,26057,islandpath_dimob
NC_013406.1,308061,330608,22547,islandpath_dimob
NC_013406.1,3530696,3555516,24820,islandpath_dimob
NC_013406.1,3588939,3622823,33884,islandpath_dimob
NC_013406.1,5929471,5934277,4806,islandpath_dimob
NC_013440.1,838237,880467,42230,islandpath_dimob
NC_013440.1,890175,926000,35825,islandpath_dimob
NC_013440.1,931091,942134,11043,islandpath_dimob
NC_013440.1,994549,1004497,9948,islandpath_dimob
NC_013440.1,1006748,1015014,8266,islandpath_dimob
NC_013440.1,1080966,1117222,36256,islandpath_dimob
NC_013440.1,1121700,1158014,36314,islandpath_dimob
NC_013440.1,1194966,1227577,32611,islandpath_dimob
NC_013440.1,1232753,1260667,27914,islandpath_dimob
NC_013440.1,1292312,1305092,12780,islandpath_dimob
NC_013440.1,1321708,1346299,24591,islandpath_dimob
NC_013440.1,1405146,1453028,47882,islandpath_dimob
NC_013440.1,3967174,3994351,27177,islandpath_dimob
NC_013440.1,4007122,4073537,66415,islandpath_dimob
NC_013642.1,578032,590620,12588,islandpath_dimob
NC_013552.1,204454,260611,56157,islandpath_dimob
NC_013552.1,1176472,1209062,32590,islandpath_dimob
NC_013656.1,94488,108806,14318,islandpath_dimob
NC_013656.1,665991,695381,29390,islandpath_dimob
NC_013656.1,700921,713711,12790,islandpath_dimob
NC_013656.1,895645,899518,3873,islandpath_dimob
NC_013656.1,1256945,1271750,14805,islandpath_dimob
NC_013656.1,1329583,1343962,14379,islandpath_dimob
NC_013656.1,2332809,2345364,12555,islandpath_dimob
NC_013656.1,2504686,2522182,17496,islandpath_dimob
NC_013665.1,738883,778587,39704,islandpath_dimob
NC_013665.1,879830,898176,18346,islandpath_dimob
NC_013665.1,1128299,1139272,10973,islandpath_dimob
NC_013665.1,2136528,2149755,13227,islandpath_dimob
NC_013665.1,2932888,2951134,18246,islandpath_dimob
NC_013592.1,450568,460051,9483,islandpath_dimob
NC_013592.1,808904,823890,14986,islandpath_dimob
NC_013592.1,962315,978385,16070,islandpath_dimob
NC_013592.1,1631318,1667659,36341,islandpath_dimob
NC_013592.1,3219135,3235340,16205,islandpath_dimob
NC_013592.1,4300459,4310580,10121,islandpath_dimob
NC_013595.1,157111,175392,18281,islandpath_dimob
NC_013595.1,224362,232165,7803,islandpath_dimob
NC_013595.1,236644,245197,8553,islandpath_dimob
NC_013595.1,3601808,3608713,6905,islandpath_dimob
NC_013595.1,4731396,4748114,16718,islandpath_dimob
NC_013595.1,4841653,4860083,18430,islandpath_dimob
NC_013595.1,4940480,4974136,33656,islandpath_dimob
NC_013595.1,5143504,5155752,12248,islandpath_dimob
NC_013595.1,5177968,5201543,23575,islandpath_dimob
NC_013595.1,5212401,5227839,15438,islandpath_dimob
NC_013595.1,5250832,5273039,22207,islandpath_dimob
NC_013595.1,5282207,5306643,24436,islandpath_dimob
NC_013595.1,5825248,5842639,17391,islandpath_dimob
NC_013595.1,6193180,6211672,18492,islandpath_dimob
NC_013595.1,7305726,7326470,20744,islandpath_dimob
NC_013595.1,8172441,8196490,24049,islandpath_dimob
NC_013595.1,9564682,9592853,28171,islandpath_dimob
NC_014150.1,185031,218532,33501,islandpath_dimob
NC_014150.1,1486905,1497566,10661,islandpath_dimob
NC_014150.1,1963052,1966076,3024,islandpath_dimob
NC_014100.1,641318,646731,5413,islandpath_dimob
NC_014100.1,3215481,3232353,16872,islandpath_dimob
NC_014103.1,2642188,2649840,7652,islandpath_dimob
NC_014019.1,1716159,1839871,123712,islandpath_dimob
NC_014019.1,1930007,1961685,31678,islandpath_dimob
NC_014019.1,3489014,3514963,25949,islandpath_dimob
NC_013941.1,302634,312500,9866,islandpath_dimob
NC_013941.1,329164,357495,28331,islandpath_dimob
NC_013941.1,697281,700601,3320,islandpath_dimob
NC_013941.1,707289,716258,8969,islandpath_dimob
NC_013941.1,1595152,1628892,33740,islandpath_dimob
NC_013941.1,1963523,1969553,6030,islandpath_dimob
NC_013941.1,2508657,2531100,22443,islandpath_dimob
NC_013941.1,2550620,2565415,14795,islandpath_dimob
NC_013941.1,3162414,3168213,5799,islandpath_dimob
NC_013941.1,3310177,3348579,38402,islandpath_dimob
NC_013941.1,3677528,3725912,48384,islandpath_dimob
NC_013941.1,4062445,4086053,23608,islandpath_dimob
NC_013941.1,4472284,4496549,24265,islandpath_dimob
NC_014121.1,65694,71330,5636,islandpath_dimob
NC_014121.1,454668,474236,19568,islandpath_dimob
NC_014121.1,477915,508393,30478,islandpath_dimob
NC_014121.1,517924,525014,7090,islandpath_dimob
NC_014121.1,678728,688843,10115,islandpath_dimob
NC_014121.1,1595931,1609050,13119,islandpath_dimob
NC_014121.1,1684610,1691320,6710,islandpath_dimob
NC_014121.1,2338793,2349633,10840,islandpath_dimob
NC_014121.1,2516383,2527787,11404,islandpath_dimob
NC_014121.1,3632171,3682485,50314,islandpath_dimob
NC_014121.1,3774183,3786851,12668,islandpath_dimob
NC_014121.1,3906972,3922502,15530,islandpath_dimob
NC_014121.1,4302331,4322983,20652,islandpath_dimob
NC_014121.1,4587045,4593449,6404,islandpath_dimob
NC_014121.1,4800027,4823634,23607,islandpath_dimob
NC_014121.1,4983015,5018902,35887,islandpath_dimob
NC_014259.1,1605948,1611084,5136,islandpath_dimob
NC_013715.1,504398,519381,14983,islandpath_dimob
NC_013715.1,1572177,1579754,7577,islandpath_dimob
NC_013769.1,438202,447046,8844,islandpath_dimob
NC_013769.1,709823,724677,14854,islandpath_dimob
NC_013769.1,733663,744275,10612,islandpath_dimob
NC_013769.1,781483,785241,3758,islandpath_dimob
NC_013769.1,950607,969635,19028,islandpath_dimob
NC_013769.1,1296030,1308306,12276,islandpath_dimob
NC_013769.1,1323769,1328154,4385,islandpath_dimob
NC_013769.1,1360365,1378813,18448,islandpath_dimob
NC_013769.1,1702876,1715289,12413,islandpath_dimob
NC_013769.1,1868476,1879537,11061,islandpath_dimob
NC_013769.1,2154064,2163456,9392,islandpath_dimob
NC_013769.1,2411124,2415383,4259,islandpath_dimob
NC_013721.1,541658,554134,12476,islandpath_dimob
NC_013721.1,564254,591964,27710,islandpath_dimob
NC_013721.1,843988,865240,21252,islandpath_dimob
NC_013766.1,681092,690924,9832,islandpath_dimob
NC_013766.1,692038,706965,14927,islandpath_dimob
NC_013766.1,1289682,1295062,5380,islandpath_dimob
NC_013766.1,1298247,1306022,7775,islandpath_dimob
NC_013766.1,1835336,1847344,12008,islandpath_dimob
NC_013766.1,2506746,2518159,11413,islandpath_dimob
NC_013766.1,2853211,2861821,8610,islandpath_dimob
NC_013743.1,1047601,1067862,20261,islandpath_dimob
NC_013743.1,1286236,1333133,46897,islandpath_dimob
NC_013743.1,1454695,1468032,13337,islandpath_dimob
NC_013743.1,3245162,3249967,4805,islandpath_dimob
NC_013741.1,381572,388986,7414,islandpath_dimob
NC_013741.1,1366914,1370942,4028,islandpath_dimob
NC_013741.1,1539143,1550030,10887,islandpath_dimob
NC_013714.1,2207142,2212955,5813,islandpath_dimob
NC_006526.2,1472742,1483939,11197,islandpath_dimob
NC_006526.2,1943576,1967402,23826,islandpath_dimob
NC_006526.2,1981861,2023362,41501,islandpath_dimob
NC_013740.1,848046,872777,24731,islandpath_dimob
NC_013740.1,1182904,1198589,15685,islandpath_dimob
NC_013740.1,1259180,1296637,37457,islandpath_dimob
NC_013740.1,1838726,1849177,10451,islandpath_dimob
NC_013740.1,1949084,1960437,11353,islandpath_dimob
NC_013740.1,2146544,2158434,11890,islandpath_dimob
NC_013720.1,536900,565882,28982,islandpath_dimob
NC_013720.1,1609375,1624004,14629,islandpath_dimob
NC_013720.1,2900105,2908294,8189,islandpath_dimob
NC_013730.1,782821,793335,10514,islandpath_dimob
NC_013730.1,838103,849641,11538,islandpath_dimob
NC_013730.1,1010586,1038947,28361,islandpath_dimob
NC_013730.1,1080849,1087352,6503,islandpath_dimob
NC_013730.1,2042486,2048393,5907,islandpath_dimob
NC_013730.1,2195637,2203903,8266,islandpath_dimob
NC_013730.1,2362717,2383366,20649,islandpath_dimob
NC_013730.1,2553605,2596201,42596,islandpath_dimob
NC_013730.1,2603421,2612216,8795,islandpath_dimob
NC_013730.1,2759178,2772557,13379,islandpath_dimob
NC_013730.1,3215012,3229297,14285,islandpath_dimob
NC_013730.1,3702248,3712249,10001,islandpath_dimob
NC_013730.1,3750528,3761745,11217,islandpath_dimob
NC_013730.1,3963480,3980144,16664,islandpath_dimob
NC_013730.1,4414094,4419163,5069,islandpath_dimob
NC_013730.1,4442592,4477376,34784,islandpath_dimob
NC_013730.1,4490818,4535574,44756,islandpath_dimob
NC_013730.1,4541528,4576768,35240,islandpath_dimob
NC_013730.1,4596831,4613469,16638,islandpath_dimob
NC_013730.1,5094081,5107241,13160,islandpath_dimob
NC_013730.1,5169171,5215870,46699,islandpath_dimob
NC_013730.1,5886032,5893534,7502,islandpath_dimob
NC_013730.1,6419593,6438344,18751,islandpath_dimob
NC_013730.1,6476517,6497720,21203,islandpath_dimob
NC_013730.1,6783022,6805343,22321,islandpath_dimob
NC_013730.1,7021129,7025407,4278,islandpath_dimob
NC_013730.1,7102863,7118715,15852,islandpath_dimob
NC_013730.1,7458076,7477290,19214,islandpath_dimob
NC_013730.1,7833345,7853879,20534,islandpath_dimob
NC_013716.1,286223,317905,31682,islandpath_dimob
NC_013716.1,991386,1019079,27693,islandpath_dimob
NC_013716.1,1141681,1161786,20105,islandpath_dimob
NC_013716.1,2145537,2162930,17393,islandpath_dimob
NC_013716.1,2480973,2486542,5569,islandpath_dimob
NC_013716.1,2770516,2794445,23929,islandpath_dimob
NC_013716.1,2986697,2993369,6672,islandpath_dimob
NC_013716.1,3130718,3184151,53433,islandpath_dimob
NC_013716.1,3332650,3364279,31629,islandpath_dimob
NC_013716.1,3520076,3558192,38116,islandpath_dimob
NC_013716.1,3847482,3872050,24568,islandpath_dimob
NC_013716.1,4311034,4340114,29080,islandpath_dimob
NC_013716.1,4726736,4738338,11602,islandpath_dimob
NC_013716.1,4950110,4986103,35993,islandpath_dimob
NC_013716.1,5015094,5039851,24757,islandpath_dimob
NC_013716.1,5147615,5156541,8926,islandpath_dimob
NC_013716.1,5206444,5271514,65070,islandpath_dimob
NC_013739.1,718766,742653,23887,islandpath_dimob
NC_013739.1,2109470,2147723,38253,islandpath_dimob
NC_013739.1,3008859,3020974,12115,islandpath_dimob
NC_013739.1,5540678,5572512,31834,islandpath_dimob
NC_013739.1,5710409,5732928,22519,islandpath_dimob
NC_013729.1,2160858,2180865,20007,islandpath_dimob
NC_013729.1,2264009,2301795,37786,islandpath_dimob
NC_013729.1,3574859,3594224,19365,islandpath_dimob
NC_013729.1,5987547,6004263,16716,islandpath_dimob
NC_013853.1,30990,39777,8787,islandpath_dimob
NC_013853.1,763761,771741,7980,islandpath_dimob
NC_013853.1,1295060,1311948,16888,islandpath_dimob
NC_013853.1,1746625,1779243,32618,islandpath_dimob
NC_013853.1,1831868,1840710,8842,islandpath_dimob
NC_013853.1,1947128,1963923,16795,islandpath_dimob
NC_013798.1,301439,318243,16804,islandpath_dimob
NC_013798.1,588140,602380,14240,islandpath_dimob
NC_013798.1,998929,1018625,19696,islandpath_dimob
NC_013798.1,2102987,2128797,25810,islandpath_dimob
NC_013798.1,2223116,2228611,5495,islandpath_dimob
NC_013798.1,2259659,2269134,9475,islandpath_dimob
NC_013798.1,2296432,2309899,13467,islandpath_dimob
NC_013921.1,238263,263559,25296,islandpath_dimob
NC_013921.1,653868,668370,14502,islandpath_dimob
NC_013921.1,695443,709189,13746,islandpath_dimob
NC_013921.1,1920550,1932551,12001,islandpath_dimob
NC_013921.1,2139264,2163163,23899,islandpath_dimob
NC_013889.1,116278,124356,8078,islandpath_dimob
NC_013889.1,221916,232775,10859,islandpath_dimob
NC_013889.1,1164956,1180406,15450,islandpath_dimob
NC_013889.1,1183464,1219649,36185,islandpath_dimob
NC_013889.1,1300955,1320776,19821,islandpath_dimob
NC_013889.1,1524689,1535427,10738,islandpath_dimob
NC_013889.1,1633757,1665852,32095,islandpath_dimob
NC_013889.1,1735103,1760765,25662,islandpath_dimob
NC_013889.1,1925449,1934740,9291,islandpath_dimob
NC_013889.1,2608458,2614377,5919,islandpath_dimob
NC_013893.1,324426,332100,7674,islandpath_dimob
NC_013893.1,514241,532316,18075,islandpath_dimob
NC_013887.1,393890,401749,7859,islandpath_dimob
NC_013799.1,501783,506962,5179,islandpath_dimob
NC_013799.1,816396,835021,18625,islandpath_dimob
NC_013799.1,836575,849111,12536,islandpath_dimob
NC_013799.1,930513,944728,14215,islandpath_dimob
NC_013799.1,1095149,1102470,7321,islandpath_dimob
NC_013890.1,56085,107866,51781,islandpath_dimob
NC_013890.1,174177,218593,44416,islandpath_dimob
NC_013890.1,1142554,1165322,22768,islandpath_dimob
NC_013890.1,1166970,1188347,21377,islandpath_dimob
NC_013790.1,2156181,2166709,10528,islandpath_dimob
NC_013790.1,2812901,2837833,24932,islandpath_dimob
NC_013895.1,1336077,1384616,48539,islandpath_dimob
NC_013895.1,1725289,1728829,3540,islandpath_dimob
NC_013891.1,1151095,1180011,28916,islandpath_dimob
NC_013891.1,1654098,1670021,15923,islandpath_dimob
NC_013849.1,201528,207691,6163,islandpath_dimob
NC_013849.1,341409,355944,14535,islandpath_dimob
NC_013849.1,372259,512008,139749,islandpath_dimob
NC_013849.1,571176,600171,28995,islandpath_dimob
NC_013922.1,55617,69232,13615,islandpath_dimob
NC_013922.1,147262,170886,23624,islandpath_dimob
NC_013922.1,231374,252820,21446,islandpath_dimob
NC_013922.1,336979,380494,43515,islandpath_dimob
NC_013922.1,805636,811508,5872,islandpath_dimob
NC_013922.1,865954,873006,7052,islandpath_dimob
NC_013922.1,1209496,1216668,7172,islandpath_dimob
NC_013922.1,2656917,2675378,18461,islandpath_dimob
NC_013922.1,3294852,3303583,8731,islandpath_dimob
NC_013922.1,3700909,3706884,5975,islandpath_dimob
NC_013922.1,3723171,3732183,9012,islandpath_dimob
NC_011420.2,509867,514821,4954,islandpath_dimob
NC_011420.2,988091,1011037,22946,islandpath_dimob
NC_011420.2,1175982,1197072,21090,islandpath_dimob
NC_011420.2,1336279,1350634,14355,islandpath_dimob
NC_011420.2,1530238,1535669,5431,islandpath_dimob
NC_011420.2,1652708,1666599,13891,islandpath_dimob
NC_011420.2,2997486,3016787,19301,islandpath_dimob
NC_011420.2,3022939,3031067,8128,islandpath_dimob
NC_013768.1,1256386,1261766,5380,islandpath_dimob
NC_013768.1,1264227,1272726,8499,islandpath_dimob
NC_013768.1,1802067,1814075,12008,islandpath_dimob
NC_013768.1,2472477,2484890,12413,islandpath_dimob
NC_013768.1,2820259,2828869,8610,islandpath_dimob
NC_013861.1,21858,33603,11745,islandpath_dimob
NC_013861.1,1521137,1532538,11401,islandpath_dimob
NC_013861.1,1912504,1926004,13500,islandpath_dimob
NC_013861.1,2194236,2207262,13026,islandpath_dimob
NC_013861.1,3331160,3339493,8333,islandpath_dimob
NC_013861.1,3344087,3364017,19930,islandpath_dimob
NC_013926.1,138386,154819,16433,islandpath_dimob
NC_013926.1,752235,763303,11068,islandpath_dimob
NC_013926.1,1001159,1023201,22042,islandpath_dimob
NC_013926.1,1313786,1327299,13513,islandpath_dimob
NC_013850.1,1893425,1921621,28196,islandpath_dimob
NC_013850.1,2123566,2137025,13459,islandpath_dimob
NC_013850.1,2192107,2215496,23389,islandpath_dimob
NC_013850.1,2222066,2249762,27696,islandpath_dimob
NC_013850.1,4136478,4148460,11982,islandpath_dimob
NC_013850.1,4828365,4847252,18887,islandpath_dimob
NC_013854.1,241613,260362,18749,islandpath_dimob
NC_013854.1,615093,622059,6966,islandpath_dimob
NC_013854.1,1280924,1288550,7626,islandpath_dimob
NC_013854.1,1302797,1334948,32151,islandpath_dimob
NC_013854.1,1354714,1368140,13426,islandpath_dimob
NC_013854.1,1581731,1593998,12267,islandpath_dimob
NC_013854.1,1689210,1701579,12369,islandpath_dimob
NC_013854.1,1958972,1969747,10775,islandpath_dimob
NC_013854.1,2152160,2162330,10170,islandpath_dimob
NC_013854.1,2165214,2184381,19167,islandpath_dimob
NC_013854.1,2717911,2726260,8349,islandpath_dimob
NC_013854.1,3087017,3094852,7835,islandpath_dimob
NC_013854.1,3181681,3194685,13004,islandpath_dimob
NC_013757.1,726973,770878,43905,islandpath_dimob
NC_013757.1,903489,919485,15996,islandpath_dimob
NC_013757.1,1211282,1235840,24558,islandpath_dimob
NC_013757.1,1456303,1468107,11804,islandpath_dimob
NC_013757.1,1497945,1511653,13708,islandpath_dimob
NC_013757.1,1549956,1571273,21317,islandpath_dimob
NC_013757.1,2042223,2053928,11705,islandpath_dimob
NC_013757.1,2693391,2706673,13282,islandpath_dimob
NC_013757.1,3026996,3035940,8944,islandpath_dimob
NC_013757.1,3652744,3686624,33880,islandpath_dimob
NC_013757.1,3709532,3725027,15495,islandpath_dimob
NC_013851.1,235833,280166,44333,islandpath_dimob
NC_013851.1,862890,874233,11343,islandpath_dimob
NC_013851.1,955417,973127,17710,islandpath_dimob
NC_013851.1,1032219,1041413,9194,islandpath_dimob
NC_013851.1,1284164,1295760,11596,islandpath_dimob
NC_013851.1,2050581,2074287,23706,islandpath_dimob
NC_013851.1,2321041,2331824,10783,islandpath_dimob
NC_013851.1,2924957,2931445,6488,islandpath_dimob
NC_013851.1,3144415,3158582,14167,islandpath_dimob
NC_013851.1,3170604,3186624,16020,islandpath_dimob
NC_013851.1,3480112,3503083,22971,islandpath_dimob
NC_013722.1,731238,737261,6023,islandpath_dimob
NC_013722.1,754700,766894,12194,islandpath_dimob
NC_013722.1,1001098,1010104,9006,islandpath_dimob
NC_013722.1,1430274,1440651,10377,islandpath_dimob
NC_013722.1,1684598,1746513,61915,islandpath_dimob
NC_013722.1,1794232,1799337,5105,islandpath_dimob
NC_013722.1,1850985,1866844,15859,islandpath_dimob
NC_013722.1,2156995,2178546,21551,islandpath_dimob
NC_013722.1,2186528,2200024,13496,islandpath_dimob
NC_013722.1,2773129,2780563,7434,islandpath_dimob
NC_013722.1,2818661,2830976,12315,islandpath_dimob
NC_013722.1,2848835,2874414,25579,islandpath_dimob
NC_013722.1,2926506,2937348,10842,islandpath_dimob
NC_013722.1,3086880,3098865,11985,islandpath_dimob
NC_013722.1,3116105,3130164,14059,islandpath_dimob
NC_013722.1,3468852,3476224,7372,islandpath_dimob
NC_013791.1,725441,734405,8964,islandpath_dimob
NC_013791.1,875224,898153,22929,islandpath_dimob
NC_013791.1,1185178,1213337,28159,islandpath_dimob
NC_013791.1,3401421,3409278,7857,islandpath_dimob
NC_014098.1,3227685,3258091,30406,islandpath_dimob
NC_014098.1,3016832,3051448,34616,islandpath_dimob
NC_014098.1,2854305,2866595,12290,islandpath_dimob
NC_014098.1,2894979,2907483,12504,islandpath_dimob
NC_014098.1,2812538,2829826,17288,islandpath_dimob
NC_014098.1,2734787,2748225,13438,islandpath_dimob
NC_014010.1,1057973,1077000,19027,islandpath_dimob
NC_014034.1,2047277,2061510,14233,islandpath_dimob
NC_014034.1,2258001,2274337,16336,islandpath_dimob
NC_014034.1,2754458,2768171,13713,islandpath_dimob
NC_014034.1,2900830,2913597,12767,islandpath_dimob
NC_014034.1,2953489,2959416,5927,islandpath_dimob
NC_014034.1,3099659,3108079,8420,islandpath_dimob
NC_014034.1,3116969,3139356,22387,islandpath_dimob
NC_014119.1,259745,273716,13971,islandpath_dimob
NC_014119.1,941083,951559,10476,islandpath_dimob
NC_014119.1,1048549,1064374,15825,islandpath_dimob
NC_014248.1,1689824,1698740,8916,islandpath_dimob
NC_014248.1,2080724,2089101,8377,islandpath_dimob
NC_014248.1,2185833,2225720,39887,islandpath_dimob
NC_014248.1,2249098,2266245,17147,islandpath_dimob
NC_014248.1,3018782,3027475,8693,islandpath_dimob
NC_014248.1,3259438,3269078,9640,islandpath_dimob
NC_014248.1,3373617,3379516,5899,islandpath_dimob
NC_014248.1,4320588,4340845,20257,islandpath_dimob
NC_014217.1,635583,649945,14362,islandpath_dimob
NC_014217.1,718512,730173,11661,islandpath_dimob
NC_014217.1,1306508,1320425,13917,islandpath_dimob
NC_014217.1,2024195,2061271,37076,islandpath_dimob
NC_014217.1,2766598,2815231,48633,islandpath_dimob
NC_014217.1,4594756,4614435,19679,islandpath_dimob
NC_013946.1,498649,580311,81662,islandpath_dimob
NC_013946.1,1013856,1025029,11173,islandpath_dimob
NC_013946.1,1240030,1282272,42242,islandpath_dimob
NC_013946.1,2014876,2034826,19950,islandpath_dimob
NC_013946.1,2810987,2817616,6629,islandpath_dimob
NC_014012.1,1389861,1414053,24192,islandpath_dimob
NC_014012.1,2860509,2866397,5888,islandpath_dimob
NC_014012.1,3011636,3020005,8369,islandpath_dimob
NC_014012.1,3214014,3223099,9085,islandpath_dimob
NC_014212.1,498920,532635,33715,islandpath_dimob
NC_014212.1,537051,551610,14559,islandpath_dimob
NC_014212.1,673326,687093,13767,islandpath_dimob
NC_014212.1,784574,791123,6549,islandpath_dimob
NC_014212.1,1129831,1135921,6090,islandpath_dimob
NC_014212.1,1744063,1766224,22161,islandpath_dimob
NC_014212.1,1887006,1900642,13636,islandpath_dimob
NC_014212.1,2812952,2823856,10904,islandpath_dimob
NC_014212.1,2952415,2963525,11110,islandpath_dimob
NC_014212.1,3179593,3196923,17330,islandpath_dimob
NC_014230.1,76337,118597,42260,islandpath_dimob
NC_014230.1,967669,980205,12536,islandpath_dimob
NC_014218.1,580390,598170,17780,islandpath_dimob
NC_014218.1,879504,896623,17119,islandpath_dimob
NC_014218.1,1177382,1194023,16641,islandpath_dimob
NC_014218.1,1334453,1342989,8536,islandpath_dimob
NC_014218.1,1439939,1466812,26873,islandpath_dimob
NC_014218.1,1672281,1705832,33551,islandpath_dimob
NC_014218.1,1807194,1837047,29853,islandpath_dimob
NC_013939.1,279605,302931,23326,islandpath_dimob
NC_013939.1,693093,709525,16432,islandpath_dimob
NC_013960.1,313017,319170,6153,islandpath_dimob
NC_013960.1,386921,401266,14345,islandpath_dimob
NC_013960.1,614721,635979,21258,islandpath_dimob
NC_013960.1,963096,1012718,49622,islandpath_dimob
NC_013960.1,1020308,1034331,14023,islandpath_dimob
NC_013960.1,1565738,1574318,8580,islandpath_dimob
NC_013960.1,1620599,1630553,9954,islandpath_dimob
NC_013960.1,1651541,1655732,4191,islandpath_dimob
NC_013960.1,1778411,1798927,20516,islandpath_dimob
NC_013960.1,1980801,1988303,7502,islandpath_dimob
NC_013960.1,2044026,2069102,25076,islandpath_dimob
NC_013960.1,2261487,2274421,12934,islandpath_dimob
NC_013960.1,2788576,2800311,11735,islandpath_dimob
NC_013960.1,2994529,3011110,16581,islandpath_dimob
NC_013960.1,3071830,3080509,8679,islandpath_dimob
NC_013960.1,3416581,3449565,32984,islandpath_dimob
NC_013960.1,3749817,3754095,4278,islandpath_dimob
NC_013967.1,231538,237988,6450,islandpath_dimob
NC_013967.1,1294150,1300286,6136,islandpath_dimob
NC_013967.1,1380674,1395617,14943,islandpath_dimob
NC_013967.1,1690567,1704599,14032,islandpath_dimob
NC_013967.1,1888354,1913850,25496,islandpath_dimob
NC_013967.1,2105839,2165231,59392,islandpath_dimob
NC_013967.1,2644788,2655413,10625,islandpath_dimob
NC_014125.1,610415,615492,5077,islandpath_dimob
NC_014125.1,1253638,1268952,15314,islandpath_dimob
NC_014125.1,1973192,1985949,12757,islandpath_dimob
NC_014125.1,2476952,2520454,43502,islandpath_dimob
NC_014125.1,2752344,2761286,8942,islandpath_dimob
NC_014125.1,3319550,3329349,9799,islandpath_dimob
NC_014125.1,3411043,3414857,3814,islandpath_dimob
NC_014171.1,909869,925997,16128,islandpath_dimob
NC_014171.1,1598880,1616957,18077,islandpath_dimob
NC_014171.1,2496169,2505222,9053,islandpath_dimob
NC_014171.1,3305186,3318078,12892,islandpath_dimob
NC_014171.1,4424900,4437373,12473,islandpath_dimob
NC_014171.1,4920672,4946539,25867,islandpath_dimob
NC_004342.2,414588,425630,11042,islandpath_dimob
NC_004342.2,477157,491800,14643,islandpath_dimob
NC_004342.2,713145,739801,26656,islandpath_dimob
NC_004342.2,1742210,1775603,33393,islandpath_dimob
NC_004342.2,1778530,1786920,8390,islandpath_dimob
NC_004342.2,1792350,1800207,7857,islandpath_dimob
NC_004342.2,1803923,1827726,23803,islandpath_dimob
NC_004342.2,2664359,2670892,6533,islandpath_dimob
NC_004342.2,3165489,3190325,24836,islandpath_dimob
NC_004342.2,3238510,3258091,19581,islandpath_dimob
NC_004342.2,3281936,3315648,33712,islandpath_dimob
NC_004342.2,3381170,3395655,14485,islandpath_dimob
NC_004342.2,3445042,3454188,9146,islandpath_dimob
NC_004342.2,3680306,3709913,29607,islandpath_dimob
NC_004342.2,3845321,3858143,12822,islandpath_dimob
NC_014216.1,370627,390714,20087,islandpath_dimob
NC_014216.1,1187669,1217755,30086,islandpath_dimob
NC_014216.1,2133323,2141389,8066,islandpath_dimob
NC_014216.1,2337588,2350886,13298,islandpath_dimob
NC_014216.1,2538601,2557785,19184,islandpath_dimob
NC_014216.1,2866042,2876059,10017,islandpath_dimob
NC_014148.1,1317522,1333602,16080,islandpath_dimob
NC_014148.1,1379538,1407220,27682,islandpath_dimob
NC_014148.1,3961539,3995634,34095,islandpath_dimob
NC_014313.1,128326,189893,61567,islandpath_dimob
NC_014313.1,729604,743374,13770,islandpath_dimob
NC_014313.1,942762,961865,19103,islandpath_dimob
NC_014313.1,1768349,1786376,18027,islandpath_dimob
NC_014313.1,3282716,3290211,7495,islandpath_dimob
NC_014206.1,260112,284895,24783,islandpath_dimob
NC_014206.1,350505,381567,31062,islandpath_dimob
NC_014206.1,404621,411679,7058,islandpath_dimob
NC_014206.1,1471535,1490833,19298,islandpath_dimob
NC_014206.1,1699029,1762842,63813,islandpath_dimob
NC_014206.1,2523010,2572310,49300,islandpath_dimob
NC_014206.1,3207677,3226142,18465,islandpath_dimob
NC_013943.1,266893,278001,11108,islandpath_dimob
NC_013943.1,292069,302187,10118,islandpath_dimob
NC_013943.1,630090,641318,11228,islandpath_dimob
NC_013943.1,644003,650426,6423,islandpath_dimob
NC_013943.1,726019,730702,4683,islandpath_dimob
NC_013943.1,768767,776515,7748,islandpath_dimob
NC_013943.1,1549411,1559520,10109,islandpath_dimob
NC_013943.1,2739837,2749529,9692,islandpath_dimob
NC_013943.1,2800167,2814002,13835,islandpath_dimob
NC_013943.1,2840090,2854310,14220,islandpath_dimob
NC_013943.1,2974851,2988196,13345,islandpath_dimob
NC_014169.1,235868,258355,22487,islandpath_dimob
NC_014169.1,433179,443842,10663,islandpath_dimob
NC_014169.1,1109194,1128189,18995,islandpath_dimob
NC_014169.1,1446206,1460781,14575,islandpath_dimob
NC_014169.1,2116272,2137235,20963,islandpath_dimob
NC_014169.1,2234872,2249666,14794,islandpath_dimob
NC_014169.1,2336938,2368171,31233,islandpath_dimob
NC_014118.1,997180,1098084,100904,islandpath_dimob
NC_014118.1,1337070,1343704,6634,islandpath_dimob
NC_014118.1,1533508,1541995,8487,islandpath_dimob
NC_014118.1,2044132,2057057,12925,islandpath_dimob
NC_014118.1,2368037,2381300,13263,islandpath_dimob
NC_014151.1,35500,52791,17291,islandpath_dimob
NC_014151.1,377253,392628,15375,islandpath_dimob
NC_014151.1,456052,482694,26642,islandpath_dimob
NC_014151.1,661789,670292,8503,islandpath_dimob
NC_014151.1,810185,834538,24353,islandpath_dimob
NC_014151.1,861027,873462,12435,islandpath_dimob
NC_014151.1,1373937,1389810,15873,islandpath_dimob
NC_014151.1,2715517,2731716,16199,islandpath_dimob
NC_014151.1,3623189,3633433,10244,islandpath_dimob
NC_014151.1,3640692,3657635,16943,islandpath_dimob
NC_014151.1,3680714,3687338,6624,islandpath_dimob
NC_014151.1,4026585,4033562,6977,islandpath_dimob
NC_014151.1,4036693,4047692,10999,islandpath_dimob
NC_013971.1,80155,98397,18242,islandpath_dimob
NC_013971.1,615391,622053,6662,islandpath_dimob
NC_013971.1,2411717,2428243,16526,islandpath_dimob
NC_013971.1,3469691,3492208,22517,islandpath_dimob
NC_014011.1,985533,991268,5735,islandpath_dimob
NC_014011.1,1131445,1161322,29877,islandpath_dimob
NC_014210.1,621954,649362,27408,islandpath_dimob
NC_014210.1,724804,741242,16438,islandpath_dimob
NC_014210.1,2591188,2653226,62038,islandpath_dimob
NC_014210.1,4123169,4141157,17988,islandpath_dimob
NC_013961.1,81685,98397,16712,islandpath_dimob
NC_013961.1,2374189,2392899,18710,islandpath_dimob
NC_013961.1,2646602,2651561,4959,islandpath_dimob
NC_013961.1,3148622,3157367,8745,islandpath_dimob
NC_014219.1,1043095,1051902,8807,islandpath_dimob
NC_014219.1,2257120,2270613,13493,islandpath_dimob
NC_014219.1,3218585,3227780,9195,islandpath_dimob
NC_014117.1,132524,176990,44466,islandpath_dimob
NC_014117.1,441253,506736,65483,islandpath_dimob
NC_014117.1,1092155,1110916,18761,islandpath_dimob
NC_014117.1,1315279,1318977,3698,islandpath_dimob
NC_014010.1,178560,200589,22029,islandpath_dimob
NC_014010.1,382862,425241,42379,islandpath_dimob
NC_014034.1,1393862,1436972,43110,islandpath_dimob
NC_014034.1,1327558,1345941,18383,islandpath_dimob
NC_014034.1,1036652,1070679,34027,islandpath_dimob
NC_013956.1,4496237,4503976,7739,islandpath_dimob
NC_013956.1,4321416,4340863,19447,islandpath_dimob
NC_013956.1,3994632,4018545,23913,islandpath_dimob
NC_013956.1,3540353,3546258,5905,islandpath_dimob
NC_013956.1,3509878,3520546,10668,islandpath_dimob
NC_013956.1,3277601,3295127,17526,islandpath_dimob
NC_013956.1,3266392,3275999,9607,islandpath_dimob
NC_009494.2,2827080,2842585,15505,islandpath_dimob
NC_009494.2,3473791,3477786,3995,islandpath_dimob
NC_013956.1,1789568,1799679,10111,islandpath_dimob
NC_009494.2,2790707,2817222,26515,islandpath_dimob
NC_009494.2,2490944,2522680,31736,islandpath_dimob
NC_009494.2,2242778,2249669,6891,islandpath_dimob
NC_009494.2,1282573,1294860,12287,islandpath_dimob
NC_009494.2,615234,620311,5077,islandpath_dimob
NC_014033.1,431047,441855,10808,islandpath_dimob
NC_014033.1,1302827,1311468,8641,islandpath_dimob
NC_014033.1,2090053,2113839,23786,islandpath_dimob
NC_014033.1,2550694,2574971,24277,islandpath_dimob
NC_014158.1,3317368,3323997,6629,islandpath_dimob
NC_014158.1,4008076,4022023,13947,islandpath_dimob
NC_014158.1,1049506,1053780,4274,islandpath_dimob
NC_014158.1,1486426,1504758,18332,islandpath_dimob
NC_014158.1,274219,337228,63009,islandpath_dimob
NC_014013.1,531876,549553,17677,islandpath_dimob
NC_014013.1,551285,561362,10077,islandpath_dimob
NC_014013.1,617745,621912,4167,islandpath_dimob
NC_014225.1,1888,7507,5619,islandpath_dimob
NC_014225.1,197039,203279,6240,islandpath_dimob
NC_014225.1,522373,532093,9720,islandpath_dimob
NC_014225.1,667277,686650,19373,islandpath_dimob
NC_014225.1,716974,727050,10076,islandpath_dimob
NC_014225.1,1172259,1178164,5905,islandpath_dimob
NC_014225.1,1506023,1512052,6029,islandpath_dimob
NC_014225.1,1802943,1811737,8794,islandpath_dimob
NC_014225.1,1913535,1929506,15971,islandpath_dimob
NC_014225.1,2029595,2043460,13865,islandpath_dimob
NC_014225.1,2097007,2110544,13537,islandpath_dimob
NC_011744.2,419340,423962,4622,islandpath_dimob
NC_011744.2,730057,738480,8423,islandpath_dimob
NC_011744.2,899856,905320,5464,islandpath_dimob
NC_014205.1,1158101,1170067,11966,islandpath_dimob
NC_014220.1,1864703,1881589,16886,islandpath_dimob
NC_013928.1,106447,122499,16052,islandpath_dimob
NC_013928.1,344893,350313,5420,islandpath_dimob
NC_013928.1,1109426,1117253,7827,islandpath_dimob
NC_004829.2,587372,611529,24157,islandpath_dimob
NC_004343.2,216334,228892,12558,islandpath_dimob
NC_004343.2,302636,310997,8361,islandpath_dimob
NC_014209.1,19233,31806,12573,islandpath_dimob
NC_014209.1,1389666,1404772,15106,islandpath_dimob
NC_014209.1,1491723,1507100,15377,islandpath_dimob
NC_013948.1,674564,684542,9978,islandpath_dimob
NC_013948.1,688874,699356,10482,islandpath_dimob
NC_013948.1,948642,956187,7545,islandpath_dimob
NC_014251.1,217578,224113,6535,islandpath_dimob
NC_014251.1,256828,267373,10545,islandpath_dimob
NC_014251.1,1007727,1018053,10326,islandpath_dimob
NC_014251.1,1320516,1338641,18125,islandpath_dimob
NC_014251.1,1372386,1377111,4725,islandpath_dimob
NC_014251.1,1575872,1588306,12434,islandpath_dimob
NC_014251.1,2007642,2012574,4932,islandpath_dimob
NC_011753.2,511619,519784,8165,islandpath_dimob
NC_011753.2,1501868,1518258,16390,islandpath_dimob
NC_011753.2,2017138,2022981,5843,islandpath_dimob
NC_011753.2,2023914,2030270,6356,islandpath_dimob
NC_014221.1,1938177,1947631,9454,islandpath_dimob
NC_014152.1,1528903,1539932,11029,islandpath_dimob
NC_014152.1,2053294,2077755,24461,islandpath_dimob
NC_014152.1,2855812,2867804,11992,islandpath_dimob
NC_014222.1,320959,325668,4709,islandpath_dimob
NC_014222.1,479616,499650,20034,islandpath_dimob
NC_014222.1,516876,525565,8689,islandpath_dimob
NC_014153.1,606453,612613,6160,islandpath_dimob
NC_014153.1,1156913,1163973,7060,islandpath_dimob
NC_014153.1,1210571,1219832,9261,islandpath_dimob
NC_014153.1,1622415,1632240,9825,islandpath_dimob
NC_014153.1,1680007,1694414,14407,islandpath_dimob
NC_014153.1,2028315,2061779,33464,islandpath_dimob
NC_014153.1,2065464,2086118,20654,islandpath_dimob
NC_014153.1,2196123,2202674,6551,islandpath_dimob
NC_014153.1,2343703,2349950,6247,islandpath_dimob
NC_014153.1,3253954,3280140,26186,islandpath_dimob
NC_014153.1,3285830,3303785,17955,islandpath_dimob
NC_014246.1,63750,72497,8747,islandpath_dimob
NC_014246.1,761899,787196,25297,islandpath_dimob
NC_014246.1,881102,897628,16526,islandpath_dimob
NC_014246.1,1547730,1554218,6488,islandpath_dimob
NC_014246.1,1573003,1596389,23386,islandpath_dimob
NC_014246.1,1997705,2006128,8423,islandpath_dimob
NC_014002.1,478176,488972,10796,islandpath_dimob
NC_014002.1,882002,888814,6812,islandpath_dimob
NC_014002.1,1974987,1983164,8177,islandpath_dimob
NC_014253.1,337669,357564,19895,islandpath_dimob
NC_014253.1,450613,467139,16526,islandpath_dimob
NC_014253.1,594420,611615,17195,islandpath_dimob
NC_014253.1,613958,634393,20435,islandpath_dimob
NC_014253.1,1166625,1179759,13134,islandpath_dimob
NC_014253.1,1220723,1239523,18800,islandpath_dimob
NC_014253.1,1632300,1640852,8552,islandpath_dimob
NC_014253.1,2117330,2130561,13231,islandpath_dimob
NC_014207.1,6180,45332,39152,islandpath_dimob
NC_014207.1,1371529,1399919,28390,islandpath_dimob
NC_014207.1,2036180,2067883,31703,islandpath_dimob
NC_014207.1,2075200,2086779,11579,islandpath_dimob
NC_014207.1,2420309,2449063,28754,islandpath_dimob
NC_014039.1,145817,152230,6413,islandpath_dimob
NC_014039.1,936203,948241,12038,islandpath_dimob
NC_014039.1,1625085,1631458,6373,islandpath_dimob
NC_014039.1,2208694,2219458,10764,islandpath_dimob
NC_014147.1,596897,611164,14267,islandpath_dimob
NC_014147.1,1495736,1511033,15297,islandpath_dimob
NC_014147.1,1602696,1610560,7864,islandpath_dimob
NC_013521.1,304819,323249,18430,islandpath_dimob
NC_013521.1,351056,371347,20291,islandpath_dimob
NC_013521.1,3208959,3228237,19278,islandpath_dimob
NC_013521.1,3239688,3247195,7507,islandpath_dimob
NC_014215.1,146609,152960,6351,islandpath_dimob
NC_014215.1,231901,246065,14164,islandpath_dimob
NC_014215.1,277414,294079,16665,islandpath_dimob
NC_014215.1,351099,372490,21391,islandpath_dimob
NC_014215.1,425207,429738,4531,islandpath_dimob
NC_014215.1,497393,508664,11271,islandpath_dimob
NC_014215.1,1241746,1258120,16374,islandpath_dimob
NC_014215.1,1826611,1839870,13259,islandpath_dimob
NC_014215.1,1967288,1975390,8102,islandpath_dimob
NC_014215.1,2266080,2295475,29395,islandpath_dimob
NC_014215.1,2299071,2303385,4314,islandpath_dimob
NC_014215.1,2427675,2447868,20193,islandpath_dimob
NC_014215.1,2480032,2490281,10249,islandpath_dimob
NC_013959.1,92000,97494,5494,islandpath_dimob
NC_013959.1,213188,223958,10770,islandpath_dimob
NC_013959.1,2802589,2815060,12471,islandpath_dimob
NC_014165.1,92965,134049,41084,islandpath_dimob
NC_014165.1,374674,405042,30368,islandpath_dimob
NC_014165.1,3951934,3964532,12598,islandpath_dimob
NC_014106.1,24761,31433,6672,islandpath_dimob
NC_014106.1,167805,183307,15502,islandpath_dimob
NC_014106.1,226453,236021,9568,islandpath_dimob
NC_014106.1,247131,268631,21500,islandpath_dimob
NC_014106.1,485884,491687,5803,islandpath_dimob
NC_014106.1,786878,804744,17866,islandpath_dimob
NC_014106.1,1756705,1762485,5780,islandpath_dimob
NC_014106.1,1772202,1791197,18995,islandpath_dimob
NC_014106.1,1879067,1884809,5742,islandpath_dimob
NC_014168.1,34034,77155,43121,islandpath_dimob
NC_014168.1,1139806,1162952,23146,islandpath_dimob
NC_014168.1,1967811,1975041,7230,islandpath_dimob
NC_014168.1,2122937,2131503,8566,islandpath_dimob
NC_013949.1,44383,52412,8029,islandpath_dimob
NC_013892.1,149765,155419,5654,islandpath_dimob
NC_013892.1,162585,167158,4573,islandpath_dimob
NC_013892.1,293690,300780,7090,islandpath_dimob
NC_013892.1,302619,319990,17371,islandpath_dimob
NC_013892.1,464271,469904,5633,islandpath_dimob
NC_013892.1,658626,666998,8372,islandpath_dimob
NC_013892.1,738101,741579,3478,islandpath_dimob
NC_013892.1,1107315,1119971,12656,islandpath_dimob
NC_013892.1,1341466,1344457,2991,islandpath_dimob
NC_013892.1,1367865,1371615,3750,islandpath_dimob
NC_013892.1,1441968,1453876,11908,islandpath_dimob
NC_013892.1,1478793,1483172,4379,islandpath_dimob
NC_013892.1,1718802,1724737,5935,islandpath_dimob
NC_013892.1,1808855,1823384,14529,islandpath_dimob
NC_013892.1,1892419,1959758,67339,islandpath_dimob
NC_013892.1,1975150,1982288,7138,islandpath_dimob
NC_013892.1,2141824,2174039,32215,islandpath_dimob
NC_013892.1,2362663,2367547,4884,islandpath_dimob
NC_013892.1,2689645,2707613,17968,islandpath_dimob
NC_013892.1,2734892,2738407,3515,islandpath_dimob
NC_013892.1,2754789,2759257,4468,islandpath_dimob
NC_013892.1,2768976,2773852,4876,islandpath_dimob
NC_013892.1,3020446,3023610,3164,islandpath_dimob
NC_013892.1,3101693,3106938,5245,islandpath_dimob
NC_013892.1,3118345,3120257,1912,islandpath_dimob
NC_013892.1,3628513,3632573,4060,islandpath_dimob
NC_013892.1,3653603,3667340,13737,islandpath_dimob
NC_014256.1,448052,533220,85168,islandpath_dimob
NC_014136.1,32052,71909,39857,islandpath_dimob
NC_014136.1,349507,371620,22113,islandpath_dimob
NC_014136.1,1879049,1889046,9997,islandpath_dimob
NC_014032.1,258043,270233,12190,islandpath_dimob
NC_014032.1,278624,290614,11990,islandpath_dimob
NC_014032.1,334882,354309,19427,islandpath_dimob
NC_014032.1,828411,841222,12811,islandpath_dimob
NC_014032.1,851201,869316,18115,islandpath_dimob
NC_014032.1,874351,901524,27173,islandpath_dimob
NC_014032.1,904176,928185,24009,islandpath_dimob
NC_014032.1,930452,935504,5052,islandpath_dimob
NC_014032.1,1228474,1242925,14451,islandpath_dimob
NC_014032.1,3336657,3345089,8432,islandpath_dimob
NC_014006.1,448371,459383,11012,islandpath_dimob
NC_014006.1,565901,585694,19793,islandpath_dimob
NC_014006.1,616378,633827,17449,islandpath_dimob
NC_014006.1,854350,897310,42960,islandpath_dimob
NC_014006.1,980482,991055,10573,islandpath_dimob
NC_014006.1,3118094,3138925,20831,islandpath_dimob
NC_014158.1,234837,271530,36693,islandpath_dimob
NC_014319.1,50911,69541,18630,islandpath_dimob
NC_014319.1,106392,112534,6142,islandpath_dimob
NC_014319.1,595895,600867,4972,islandpath_dimob
NC_014319.1,986499,1000992,14493,islandpath_dimob
NC_014319.1,1532807,1539668,6861,islandpath_dimob
NC_014319.1,1622528,1646961,24433,islandpath_dimob
NC_014319.1,1851478,1875944,24466,islandpath_dimob
NC_014377.1,48963,60407,11444,islandpath_dimob
NC_014377.1,215533,226643,11110,islandpath_dimob
NC_014377.1,395146,405608,10462,islandpath_dimob
NC_014377.1,531659,543841,12182,islandpath_dimob
NC_014377.1,674348,680672,6324,islandpath_dimob
NC_014377.1,974349,982160,7811,islandpath_dimob
NC_014377.1,1243358,1265068,21710,islandpath_dimob
NC_014377.1,1967950,1983573,15623,islandpath_dimob
NC_014377.1,1992463,1997865,5402,islandpath_dimob
NC_014377.1,2036698,2062080,25382,islandpath_dimob
NC_014377.1,2109236,2116771,7535,islandpath_dimob
NC_014560.1,1372341,1417070,44729,islandpath_dimob
NC_014555.1,499391,539250,39859,islandpath_dimob
NC_014555.1,576588,585001,8413,islandpath_dimob
NC_014555.1,1527863,1576585,48722,islandpath_dimob
NC_014471.1,1050697,1054405,3708,islandpath_dimob
NC_014471.1,1388264,1394881,6617,islandpath_dimob
NC_014538.1,647747,662238,14491,islandpath_dimob
NC_014538.1,1603166,1657917,54751,islandpath_dimob
NC_014538.1,2121020,2134879,13859,islandpath_dimob
NC_014494.1,438128,450632,12504,islandpath_dimob
NC_014494.1,818937,825457,6520,islandpath_dimob
NC_014494.1,826824,872099,45275,islandpath_dimob
NC_014494.1,1082628,1089950,7322,islandpath_dimob
NC_014494.1,1095042,1108010,12968,islandpath_dimob
NC_014494.1,1377448,1389314,11866,islandpath_dimob
NC_014494.1,1419994,1430040,10046,islandpath_dimob
NC_014494.1,2099115,2107215,8100,islandpath_dimob
NC_014506.1,150953,186221,35268,islandpath_dimob
NC_014506.1,1007836,1016024,8188,islandpath_dimob
NC_014506.1,1145114,1164343,19229,islandpath_dimob
NC_014506.1,1977882,1991584,13702,islandpath_dimob
NC_014410.1,279447,298559,19112,islandpath_dimob
NC_014410.1,1027442,1046527,19085,islandpath_dimob
NC_014410.1,1663535,1677169,13634,islandpath_dimob
NC_014410.1,2276253,2286494,10241,islandpath_dimob
NC_014498.1,563758,566871,3113,islandpath_dimob
NC_014498.1,751100,762405,11305,islandpath_dimob
NC_014498.1,793042,803172,10130,islandpath_dimob
NC_014498.1,1206808,1215713,8905,islandpath_dimob
NC_014334.1,140782,147942,7160,islandpath_dimob
NC_014334.1,159190,169467,10277,islandpath_dimob
NC_014334.1,597460,602600,5140,islandpath_dimob
NC_014334.1,979751,994894,15143,islandpath_dimob
NC_014334.1,1182114,1192974,10860,islandpath_dimob
NC_014334.1,1856435,1865653,9218,islandpath_dimob
NC_014334.1,1950707,1975077,24370,islandpath_dimob
NC_014334.1,2007788,2024033,16245,islandpath_dimob
NC_014334.1,2630923,2641583,10660,islandpath_dimob
NC_014554.1,1108390,1116827,8437,islandpath_dimob
NC_014554.1,1795804,1836150,40346,islandpath_dimob
NC_014554.1,2139605,2156833,17228,islandpath_dimob
NC_014554.1,2159249,2197025,37776,islandpath_dimob
NC_014554.1,3163541,3191293,27752,islandpath_dimob
NC_014394.1,712620,749962,37342,islandpath_dimob
NC_014394.1,769637,790312,20675,islandpath_dimob
NC_014394.1,1000325,1021521,21196,islandpath_dimob
NC_014394.1,1547201,1562866,15665,islandpath_dimob
NC_014394.1,1626699,1645603,18904,islandpath_dimob
NC_014394.1,1825770,1831533,5763,islandpath_dimob
NC_014394.1,1954180,1961391,7211,islandpath_dimob
NC_014394.1,2599190,2612254,13064,islandpath_dimob
NC_014394.1,2772523,2778818,6295,islandpath_dimob
NC_014394.1,2956298,2969304,13006,islandpath_dimob
NC_014532.1,1927543,1936687,9144,islandpath_dimob
NC_014532.1,2683857,2713715,29858,islandpath_dimob
NC_014532.1,3601202,3610294,9092,islandpath_dimob
NC_014484.1,1272447,1278396,5949,islandpath_dimob
NC_014484.1,1685933,1725874,39941,islandpath_dimob
NC_014484.1,2274919,2288594,13675,islandpath_dimob
NC_014314.1,260417,268408,7991,islandpath_dimob
NC_014314.1,1151134,1171359,20225,islandpath_dimob
NC_014314.1,1243552,1249145,5593,islandpath_dimob
NC_014314.1,1493353,1499907,6554,islandpath_dimob
NC_014314.1,1515618,1526318,10700,islandpath_dimob
NC_014314.1,1580515,1632031,51516,islandpath_dimob
NC_014314.1,1634547,1672879,38332,islandpath_dimob
NC_014297.1,985689,997051,11362,islandpath_dimob
NC_014297.1,1107135,1116223,9088,islandpath_dimob
NC_014297.1,1287790,1295638,7848,islandpath_dimob
NC_014297.1,1344431,1362774,18343,islandpath_dimob
NC_014297.1,1787685,1798384,10699,islandpath_dimob
NC_014371.1,797552,807731,10179,islandpath_dimob
NC_014371.1,813649,823657,10008,islandpath_dimob
NC_014371.1,836933,858382,21449,islandpath_dimob
NC_014371.1,873799,895449,21650,islandpath_dimob
NC_014370.1,410486,416499,6013,islandpath_dimob
NC_014370.1,804101,815436,11335,islandpath_dimob
NC_014370.1,859183,883462,24279,islandpath_dimob
NC_014370.1,1407260,1427471,20211,islandpath_dimob
NC_013895.2,179358,182689,3331,islandpath_dimob
NC_013895.2,416917,419590,2673,islandpath_dimob
NC_013895.2,523362,568232,44870,islandpath_dimob
NC_013895.2,1315804,1327830,12026,islandpath_dimob
NC_014310.1,285489,301567,16078,islandpath_dimob
NC_014310.1,818443,831786,13343,islandpath_dimob
NC_014310.1,1134708,1149810,15102,islandpath_dimob
NC_014310.1,1875958,1880233,4275,islandpath_dimob
NC_014541.1,505218,530738,25520,islandpath_dimob
NC_014541.1,1234607,1242702,8095,islandpath_dimob
NC_014541.1,2115708,2129763,14055,islandpath_dimob
NC_014448.1,180300,222411,42111,islandpath_dimob
NC_014448.1,228983,240070,11087,islandpath_dimob
NC_014448.1,431132,447197,16065,islandpath_dimob
NC_014365.1,1417660,1424012,6352,islandpath_dimob
NC_014365.1,1891482,1914440,22958,islandpath_dimob
NC_014365.1,2000191,2055752,55561,islandpath_dimob
NC_014365.1,2817102,2888900,71798,islandpath_dimob
NC_014365.1,2889955,2902396,12441,islandpath_dimob
NC_014472.1,8315,35884,27569,islandpath_dimob
NC_014614.1,940556,949323,8767,islandpath_dimob
NC_014614.1,2641253,2665030,23777,islandpath_dimob
NC_014363.1,487315,499430,12115,islandpath_dimob
NC_014363.1,1257492,1266379,8887,islandpath_dimob
NC_014363.1,1899014,1921081,22067,islandpath_dimob
NC_014500.1,295338,307681,12343,islandpath_dimob
NC_014500.1,449100,462991,13891,islandpath_dimob
NC_014500.1,574365,594650,20285,islandpath_dimob
NC_014500.1,849018,921188,72170,islandpath_dimob
NC_014500.1,1374063,1376497,2434,islandpath_dimob
NC_014500.1,1752872,1761197,8325,islandpath_dimob
NC_014500.1,1868555,1904722,36167,islandpath_dimob
NC_014500.1,2027592,2033433,5841,islandpath_dimob
NC_014500.1,2519946,2539390,19444,islandpath_dimob
NC_014500.1,2694276,2702068,7792,islandpath_dimob
NC_014500.1,3041580,3053592,12012,islandpath_dimob
NC_014500.1,3155727,3166103,10376,islandpath_dimob
NC_014500.1,3167995,3201229,33234,islandpath_dimob
NC_014500.1,3407286,3412423,5137,islandpath_dimob
NC_014392.1,22184,31517,9333,islandpath_dimob
NC_014392.1,291714,317982,26268,islandpath_dimob
NC_014392.1,364948,390494,25546,islandpath_dimob
NC_014392.1,615012,626328,11316,islandpath_dimob
NC_014392.1,1317375,1330773,13398,islandpath_dimob
NC_014392.1,1672973,1685782,12809,islandpath_dimob
NC_014392.1,1769803,1822669,52866,islandpath_dimob
NC_014392.1,2204246,2228997,24751,islandpath_dimob
NC_014392.1,2467055,2476863,9808,islandpath_dimob
NC_014501.1,741130,746479,5349,islandpath_dimob
NC_014501.1,827837,833128,5291,islandpath_dimob
NC_014501.1,923051,960263,37212,islandpath_dimob
NC_014501.1,4523464,4534031,10567,islandpath_dimob
NC_014501.1,5589477,5610113,20636,islandpath_dimob
NC_014364.1,721249,731187,9938,islandpath_dimob
NC_014364.1,2253980,2270384,16404,islandpath_dimob
NC_014364.1,2329685,2363559,33874,islandpath_dimob
NC_014364.1,2976748,2996119,19371,islandpath_dimob
NC_014364.1,3934117,3938908,4791,islandpath_dimob
NC_014364.1,4538643,4546643,8000,islandpath_dimob
NC_014323.1,3255,16108,12853,islandpath_dimob
NC_014323.1,961825,978590,16765,islandpath_dimob
NC_014323.1,3300704,3308823,8119,islandpath_dimob
NC_014323.1,4670044,4704615,34571,islandpath_dimob
NC_014311.1,260505,311237,50732,islandpath_dimob
NC_014311.1,810349,827337,16988,islandpath_dimob
NC_014311.1,980463,1010485,30022,islandpath_dimob
NC_014311.1,1316598,1336125,19527,islandpath_dimob
NC_014311.1,1512461,1519854,7393,islandpath_dimob
NC_014311.1,1630259,1636523,6264,islandpath_dimob
NC_014311.1,1642802,1657761,14959,islandpath_dimob
NC_014311.1,1896818,1904360,7542,islandpath_dimob
NC_014311.1,2613435,2618476,5041,islandpath_dimob
NC_014311.1,2848377,2862644,14267,islandpath_dimob
NC_014311.1,3082565,3115556,32991,islandpath_dimob
NC_014311.1,3511541,3516090,4549,islandpath_dimob
NC_014393.1,892313,900988,8675,islandpath_dimob
NC_014393.1,981736,992924,11188,islandpath_dimob
NC_014393.1,2449655,2467082,17427,islandpath_dimob
NC_014393.1,2782990,2800422,17432,islandpath_dimob
NC_014393.1,2818155,2829254,11099,islandpath_dimob
NC_014393.1,3219639,3237481,17842,islandpath_dimob
NC_014393.1,3448605,3475881,27276,islandpath_dimob
NC_014393.1,3632556,3640939,8383,islandpath_dimob
NC_014393.1,3879401,3888751,9350,islandpath_dimob
NC_014393.1,4776423,4840117,63694,islandpath_dimob
NC_014616.1,56769,84743,27974,islandpath_dimob
NC_014616.1,114792,128536,13744,islandpath_dimob
NC_014616.1,218980,239648,20668,islandpath_dimob
NC_014616.1,470494,480804,10310,islandpath_dimob
NC_014616.1,991834,996542,4708,islandpath_dimob
NC_014616.1,1069509,1078499,8990,islandpath_dimob
NC_014562.1,991368,1003734,12366,islandpath_dimob
NC_014562.1,1008206,1026685,18479,islandpath_dimob
NC_014562.1,2568870,2604773,35903,islandpath_dimob
NC_014562.1,2857360,2873475,16115,islandpath_dimob
NC_014562.1,2875270,2883217,7947,islandpath_dimob
NC_014562.1,3037884,3063604,25720,islandpath_dimob
NC_014330.1,1306285,1317533,11248,islandpath_dimob
NC_014387.1,997781,1010129,12348,islandpath_dimob
NC_014387.1,1365310,1376720,11410,islandpath_dimob
NC_014387.1,2314241,2341058,26817,islandpath_dimob
NC_014387.1,3305365,3315598,10233,islandpath_dimob
NC_014387.1,3328244,3333600,5356,islandpath_dimob
NC_014306.1,3109757,3115267,5510,islandpath_dimob
NC_014306.1,3529968,3546811,16843,islandpath_dimob
NC_014306.1,3548610,3588184,39574,islandpath_dimob
NC_014306.1,4044556,4049452,4896,islandpath_dimob
NC_014306.1,4112754,4123573,10819,islandpath_dimob
NC_014306.1,4411081,4422044,10963,islandpath_dimob
NC_014306.1,4576814,4601388,24574,islandpath_dimob
NC_014306.1,4909110,4919611,10501,islandpath_dimob
NC_014306.1,4940308,4948188,7880,islandpath_dimob
NC_014315.1,431107,438551,7444,islandpath_dimob
NC_014315.1,2110624,2118295,7671,islandpath_dimob
NC_014315.1,2616331,2626883,10552,islandpath_dimob
NC_014315.1,2632566,2648039,15473,islandpath_dimob
NC_014315.1,2652531,2674296,21765,islandpath_dimob
NC_014315.1,2800332,2811913,11581,islandpath_dimob
NC_014315.1,3009459,3026356,16897,islandpath_dimob
NC_014315.1,3131513,3153429,21916,islandpath_dimob
NC_014376.1,291421,327745,36324,islandpath_dimob
NC_014376.1,1247149,1259031,11882,islandpath_dimob
NC_014376.1,1852772,1877200,24428,islandpath_dimob
NC_014376.1,2963444,2988601,25157,islandpath_dimob
NC_014376.1,2991164,3074048,82884,islandpath_dimob
NC_014376.1,3392835,3415723,22888,islandpath_dimob
NC_014376.1,3765066,3825837,60771,islandpath_dimob
NC_014376.1,3982678,4039866,57188,islandpath_dimob
NC_014376.1,4186015,4197295,11280,islandpath_dimob
NC_014328.1,1095292,1099363,4071,islandpath_dimob
NC_014328.1,1100512,1106713,6201,islandpath_dimob
NC_014328.1,4315413,4343494,28081,islandpath_dimob
NC_014307.1,6671,23560,16889,islandpath_dimob
NC_014307.1,236342,256544,20202,islandpath_dimob
NC_014307.1,373207,378681,5474,islandpath_dimob
NC_014307.1,953457,993828,40371,islandpath_dimob
NC_014307.1,1133889,1144836,10947,islandpath_dimob
NC_014307.1,1274714,1286265,11551,islandpath_dimob
NC_014307.1,1623085,1634727,11642,islandpath_dimob
NC_014307.1,2308470,2317707,9237,islandpath_dimob
NC_014307.1,2500268,2507420,7152,islandpath_dimob
NC_014307.1,2766483,2783562,17079,islandpath_dimob
NC_014307.1,3184170,3207886,23716,islandpath_dimob
NC_014479.1,1221886,1237967,16081,islandpath_dimob
NC_014479.1,1480675,1488494,7819,islandpath_dimob
NC_014479.1,1618812,1626791,7979,islandpath_dimob
NC_014479.1,1651627,1657474,5847,islandpath_dimob
NC_014479.1,1979156,1992710,13554,islandpath_dimob
NC_014479.1,2509897,2527399,17502,islandpath_dimob
NC_014479.1,3516703,3522780,6077,islandpath_dimob
NC_014479.1,3857127,3861071,3944,islandpath_dimob
NC_014479.1,3945475,3961528,16053,islandpath_dimob
NC_014375.1,1232780,1257413,24633,islandpath_dimob
NC_014375.1,1387459,1396757,9298,islandpath_dimob
NC_014375.1,1609864,1627383,17519,islandpath_dimob
NC_014375.1,1991553,1997083,5530,islandpath_dimob
NC_014375.1,2951321,2985309,33988,islandpath_dimob
NC_014539.1,6190,44531,38341,islandpath_dimob
NC_014539.1,72050,82854,10804,islandpath_dimob
NC_014539.1,750816,761261,10445,islandpath_dimob
NC_014539.1,762972,796778,33806,islandpath_dimob
NC_014539.1,807477,837215,29738,islandpath_dimob
NC_014539.1,875962,906073,30111,islandpath_dimob
NC_014539.1,1692030,1700274,8244,islandpath_dimob
NC_014539.1,2281792,2291194,9402,islandpath_dimob
NC_014539.1,2428098,2443626,15528,islandpath_dimob
NC_014622.1,268336,289771,21435,islandpath_dimob
NC_014622.1,1732153,1776220,44067,islandpath_dimob
NC_014622.1,2290549,2307455,16906,islandpath_dimob
NC_014622.1,2587340,2598968,11628,islandpath_dimob
NC_014622.1,3121125,3137486,16361,islandpath_dimob
NC_014622.1,3981861,3997976,16115,islandpath_dimob
NC_014355.1,53608,117301,63693,islandpath_dimob
NC_014355.1,141440,156846,15406,islandpath_dimob
NC_014355.1,881686,894850,13164,islandpath_dimob
NC_014355.1,2041296,2044856,3560,islandpath_dimob
NC_014355.1,2639070,2655052,15982,islandpath_dimob
NC_014355.1,2772016,2802179,30163,islandpath_dimob
NC_014355.1,3959196,3966883,7687,islandpath_dimob
NC_014355.1,4155680,4169084,13404,islandpath_dimob
NC_014378.1,1440849,1448169,7320,islandpath_dimob
NC_014378.1,2009966,2036713,26747,islandpath_dimob
NC_014378.1,2081283,2092916,11633,islandpath_dimob
NC_014378.1,2217724,2245964,28240,islandpath_dimob
NC_014378.1,2255253,2267691,12438,islandpath_dimob
NC_014366.1,268930,279682,10752,islandpath_dimob
NC_014366.1,477603,491434,13831,islandpath_dimob
NC_014366.1,590654,605651,14997,islandpath_dimob
NC_014366.1,743299,754622,11323,islandpath_dimob
NC_014366.1,1425005,1458802,33797,islandpath_dimob
NC_014366.1,2175203,2224601,49398,islandpath_dimob
NC_014366.1,2249081,2254229,5148,islandpath_dimob
NC_014366.1,2261222,2282043,20821,islandpath_dimob
NC_014366.1,2400178,2418144,17966,islandpath_dimob
NC_014366.1,2815602,2838262,22660,islandpath_dimob
NC_014366.1,2902269,2926373,24104,islandpath_dimob
NC_014366.1,3437222,3447688,10466,islandpath_dimob
NC_014366.1,3564449,3591051,26602,islandpath_dimob
NC_014366.1,3680587,3687368,6781,islandpath_dimob
NC_014366.1,3817151,3825239,8088,islandpath_dimob
NC_014366.1,4231206,4248526,17320,islandpath_dimob
NC_014366.1,4255859,4271394,15535,islandpath_dimob
NC_014507.1,379413,385993,6580,islandpath_dimob
NC_014507.1,1134738,1142583,7845,islandpath_dimob
NC_014507.1,1406998,1437470,30472,islandpath_dimob
NC_014507.1,1566203,1589098,22895,islandpath_dimob
NC_014507.1,2323642,2330531,6889,islandpath_dimob
NC_014551.1,917118,991455,74337,islandpath_dimob
NC_014551.1,1876461,1920540,44079,islandpath_dimob
NC_014551.1,2062942,2076440,13498,islandpath_dimob
NC_014551.1,2516012,2546724,30712,islandpath_dimob
NC_014551.1,2935088,2974875,39787,islandpath_dimob
NC_014551.1,3519748,3526394,6646,islandpath_dimob
NC_014551.1,3869922,3900311,30389,islandpath_dimob
NC_014029.1,207933,235541,27608,islandpath_dimob
NC_014029.1,384591,399987,15396,islandpath_dimob
NC_014029.1,452248,464391,12143,islandpath_dimob
NC_014029.1,660629,670850,10221,islandpath_dimob
NC_014029.1,797284,809622,12338,islandpath_dimob
NC_014029.1,1082587,1092430,9843,islandpath_dimob
NC_014029.1,1367523,1375769,8246,islandpath_dimob
NC_014029.1,2221036,2230191,9155,islandpath_dimob
NC_014029.1,2233088,2248158,15070,islandpath_dimob
NC_014029.1,2370090,2385661,15571,islandpath_dimob
NC_014029.1,3597090,3602727,5637,islandpath_dimob
NC_014029.1,3659163,3678606,19443,islandpath_dimob
NC_014029.1,3885111,3896466,11355,islandpath_dimob
NC_014029.1,3943686,3953645,9959,islandpath_dimob
NC_014029.1,4173410,4189280,15870,islandpath_dimob
NC_014029.1,4240092,4264455,24363,islandpath_dimob
NC_014483.1,577891,587683,9792,islandpath_dimob
NC_014483.1,1152883,1159662,6779,islandpath_dimob
NC_014483.1,1284833,1293615,8782,islandpath_dimob
NC_014483.1,1602768,1635401,32633,islandpath_dimob
NC_014483.1,2626324,2629623,3299,islandpath_dimob
NC_014483.1,2828326,2843651,15325,islandpath_dimob
NC_014483.1,2927352,2934189,6837,islandpath_dimob
NC_014483.1,3346216,3354240,8024,islandpath_dimob
NC_014483.1,3361563,3368282,6719,islandpath_dimob
NC_014483.1,3631443,3637089,5646,islandpath_dimob
NC_014483.1,3638348,3651024,12676,islandpath_dimob
NC_014483.1,3823935,3832506,8571,islandpath_dimob
NC_014483.1,4602361,4612673,10312,islandpath_dimob
NC_014228.1,119702,128288,8586,islandpath_dimob
NC_014228.1,258325,284221,25896,islandpath_dimob
NC_014228.1,630755,634962,4207,islandpath_dimob
NC_014228.1,693213,695740,2527,islandpath_dimob
NC_014228.1,734610,740110,5500,islandpath_dimob
NC_014228.1,1060502,1069420,8918,islandpath_dimob
NC_014228.1,1102861,1105522,2661,islandpath_dimob
NC_014228.1,1713676,1724438,10762,islandpath_dimob
NC_014228.1,1811424,1818476,7052,islandpath_dimob
NC_014228.1,1881656,1889479,7823,islandpath_dimob
NC_014228.1,1973285,1976703,3418,islandpath_dimob
NC_014228.1,2001516,2008968,7452,islandpath_dimob
NC_014228.1,2270601,2292260,21659,islandpath_dimob
NC_014228.1,2297353,2321695,24342,islandpath_dimob
NC_014228.1,2873838,2878414,4576,islandpath_dimob
NC_014228.1,2978165,2980963,2798,islandpath_dimob
NC_014228.1,3170094,3174580,4486,islandpath_dimob
NC_014228.1,3353560,3357299,3739,islandpath_dimob
NC_014228.1,3466809,3478630,11821,islandpath_dimob
NC_014228.1,3671503,3677383,5880,islandpath_dimob
NC_014228.1,4060414,4072822,12408,islandpath_dimob
NC_014228.1,4080959,4091057,10098,islandpath_dimob
NC_014228.1,4136299,4145339,9040,islandpath_dimob
NC_014228.1,4180783,4214023,33240,islandpath_dimob
NC_014228.1,4330780,4335510,4730,islandpath_dimob
NC_014041.1,1261968,1281648,19680,islandpath_dimob
NC_014041.1,1395761,1411555,15794,islandpath_dimob
NC_014041.1,2986204,3001817,15613,islandpath_dimob
NC_014041.1,3246997,3268052,21055,islandpath_dimob
NC_014041.1,3562108,3565532,3424,islandpath_dimob
NC_014041.1,3574656,3594767,20111,islandpath_dimob
NC_014041.1,3679903,3686959,7056,islandpath_dimob
NC_014041.1,3736084,3766614,30530,islandpath_dimob
NC_014041.1,4269219,4277526,8307,islandpath_dimob
NC_014041.1,4284964,4289669,4705,islandpath_dimob
NC_014335.1,985501,995802,10301,islandpath_dimob
NC_014335.1,1095655,1111809,16154,islandpath_dimob
NC_014335.1,2009662,2030326,20664,islandpath_dimob
NC_014335.1,2074581,2090605,16024,islandpath_dimob
NC_014335.1,2278627,2293316,14689,islandpath_dimob
NC_014335.1,2350802,2372640,21838,islandpath_dimob
NC_014335.1,2488675,2505365,16690,islandpath_dimob
NC_014335.1,4073491,4085768,12277,islandpath_dimob
NC_014335.1,4633376,4647048,13672,islandpath_dimob
NC_014335.1,5150828,5167810,16982,islandpath_dimob
NC_014391.1,289265,301048,11783,islandpath_dimob
NC_014391.1,626141,631373,5232,islandpath_dimob
NC_014391.1,1816305,1842820,26515,islandpath_dimob
NC_014391.1,1915809,1938861,23052,islandpath_dimob
NC_014391.1,1951031,1958627,7596,islandpath_dimob
NC_014391.1,2582965,2606496,23531,islandpath_dimob
NC_014391.1,3609448,3618238,8790,islandpath_dimob
NC_014391.1,4624563,4631278,6715,islandpath_dimob
NC_014391.1,4700634,4712869,12235,islandpath_dimob
NC_014391.1,5604454,5619771,15317,islandpath_dimob
NC_014391.1,6751269,6793331,42062,islandpath_dimob
NC_014318.1,366003,391571,25568,islandpath_dimob
NC_014318.1,1832242,1844297,12055,islandpath_dimob
NC_014318.1,2260583,2283576,22993,islandpath_dimob
NC_014318.1,3014890,3021528,6638,islandpath_dimob
NC_014318.1,4117621,4144873,27252,islandpath_dimob
NC_014318.1,5190220,5198816,8596,islandpath_dimob
NC_014318.1,5290310,5297191,6881,islandpath_dimob
NC_014318.1,5594648,5630631,35983,islandpath_dimob
NC_014318.1,6108633,6142273,33640,islandpath_dimob
NC_014318.1,6231920,6239285,7365,islandpath_dimob
NC_014318.1,6286997,6297606,10609,islandpath_dimob
NC_014318.1,6460277,6469426,9149,islandpath_dimob
NC_014318.1,6800675,6827248,26573,islandpath_dimob
NC_014318.1,7170659,7178139,7480,islandpath_dimob
NC_014318.1,7377795,7384227,6432,islandpath_dimob
NC_014318.1,8448754,8454560,5806,islandpath_dimob
NC_014318.1,8585005,8627191,42186,islandpath_dimob
NC_014318.1,9887969,9898910,10941,islandpath_dimob
NC_014800.1,351582,355729,4147,islandpath_dimob
NC_014800.1,376359,396456,20097,islandpath_dimob
NC_014800.1,498576,503644,5068,islandpath_dimob
NC_014800.1,683563,699089,15526,islandpath_dimob
NC_014762.1,1686613,1698331,11718,islandpath_dimob
NC_014762.1,1981496,1997309,15813,islandpath_dimob
NC_014762.1,2430015,2446812,16797,islandpath_dimob
NC_014804.1,759129,769034,9905,islandpath_dimob
NC_014760.1,489995,503897,13902,islandpath_dimob
NC_014760.1,928737,952691,23954,islandpath_dimob
NC_014751.1,979404,991842,12438,islandpath_dimob
NC_014751.1,1000090,1005449,5359,islandpath_dimob
NC_014803.1,248437,267038,18601,islandpath_dimob
NC_014803.1,576183,583633,7450,islandpath_dimob
NC_014803.1,709821,733821,24000,islandpath_dimob
NC_014803.1,1335703,1344302,8599,islandpath_dimob
NC_014803.1,2190146,2200773,10627,islandpath_dimob
NC_014803.1,2781288,2833394,52106,islandpath_dimob
NC_014803.1,3034214,3041307,7093,islandpath_dimob
NC_014803.1,3109257,3133439,24182,islandpath_dimob
NC_014803.1,3184802,3194034,9232,islandpath_dimob
NC_014738.1,1351273,1367738,16465,islandpath_dimob
NC_014738.1,1637404,1644907,7503,islandpath_dimob
NC_014738.1,1745640,1771130,25490,islandpath_dimob
NC_014738.1,1990872,2040526,49654,islandpath_dimob
NC_014658.1,583129,591169,8040,islandpath_dimob
NC_014643.1,615377,625863,10486,islandpath_dimob
NC_014643.1,1259271,1269197,9926,islandpath_dimob
NC_014664.1,366022,383695,17673,islandpath_dimob
NC_014664.1,450550,482233,31683,islandpath_dimob
NC_014664.1,486319,511833,25514,islandpath_dimob
NC_014664.1,1160391,1190940,30549,islandpath_dimob
NC_014664.1,1361593,1380595,19002,islandpath_dimob
NC_014664.1,1549975,1607367,57392,islandpath_dimob
NC_014664.1,1619159,1635073,15914,islandpath_dimob
NC_014664.1,1639857,1649019,9162,islandpath_dimob
NC_014664.1,1783644,1788542,4898,islandpath_dimob
NC_014664.1,1933718,1948335,14617,islandpath_dimob
NC_014664.1,1959877,1978424,18547,islandpath_dimob
NC_014664.1,2062013,2069122,7109,islandpath_dimob
NC_014664.1,2077712,2090380,12668,islandpath_dimob
NC_014664.1,2235404,2245309,9905,islandpath_dimob
NC_014664.1,2663283,2671589,8306,islandpath_dimob
NC_014664.1,3010059,3021236,11177,islandpath_dimob
NC_014664.1,3031428,3046348,14920,islandpath_dimob
NC_014664.1,3052363,3061071,8708,islandpath_dimob
NC_014664.1,3066332,3079848,13516,islandpath_dimob
NC_014664.1,3400581,3408535,7954,islandpath_dimob
NC_014664.1,3445294,3467523,22229,islandpath_dimob
NC_014664.1,3559651,3572807,13156,islandpath_dimob
NC_014752.1,841780,852174,10394,islandpath_dimob
NC_014752.1,865283,880100,14817,islandpath_dimob
NC_014752.1,1071019,1079919,8900,islandpath_dimob
NC_014752.1,1394340,1418553,24213,islandpath_dimob
NC_014752.1,1511958,1515479,3521,islandpath_dimob
NC_014752.1,1606295,1609369,3074,islandpath_dimob
NC_014761.1,1150782,1159765,8983,islandpath_dimob
NC_014632.1,137567,151625,14058,islandpath_dimob
NC_014632.1,1025871,1033616,7745,islandpath_dimob
NC_014724.1,20909,29561,8652,islandpath_dimob
NC_014724.1,189939,196528,6589,islandpath_dimob
NC_014724.1,423860,438278,14418,islandpath_dimob
NC_014724.1,727353,734838,7485,islandpath_dimob
NC_014724.1,1065134,1084614,19480,islandpath_dimob
NC_014724.1,1531773,1543789,12016,islandpath_dimob
NC_014724.1,1815120,1827522,12402,islandpath_dimob
NC_014724.1,1836561,1853799,17238,islandpath_dimob
NC_014644.1,7178,26288,19110,islandpath_dimob
NC_014644.1,951320,962592,11272,islandpath_dimob
NC_014644.1,1273902,1291411,17509,islandpath_dimob
NC_014727.1,346773,370043,23270,islandpath_dimob
NC_014727.1,891902,901505,9603,islandpath_dimob
NC_014727.1,1137710,1143040,5330,islandpath_dimob
NC_014727.1,1248015,1270538,22523,islandpath_dimob
NC_014727.1,1519743,1529380,9637,islandpath_dimob
NC_014727.1,1606372,1610417,4045,islandpath_dimob
NC_014727.1,1835921,1844743,8822,islandpath_dimob
NC_014727.1,1854702,1861684,6982,islandpath_dimob
NC_014727.1,1877764,1892833,15069,islandpath_dimob
NC_014727.1,2043210,2070550,27340,islandpath_dimob
NC_014727.1,2096822,2104538,7716,islandpath_dimob
NC_014654.1,115535,124735,9200,islandpath_dimob
NC_014654.1,249999,273327,23328,islandpath_dimob
NC_014654.1,295519,320439,24920,islandpath_dimob
NC_014654.1,484824,499451,14627,islandpath_dimob
NC_014654.1,646824,656855,10031,islandpath_dimob
NC_014654.1,671149,681275,10126,islandpath_dimob
NC_014654.1,706147,715459,9312,islandpath_dimob
NC_014654.1,1162731,1170774,8043,islandpath_dimob
NC_014654.1,1259930,1266892,6962,islandpath_dimob
NC_014654.1,1536560,1546460,9900,islandpath_dimob
NC_014654.1,1597558,1609957,12399,islandpath_dimob
NC_014625.1,647040,689248,42208,islandpath_dimob
NC_014625.1,1192472,1212197,19725,islandpath_dimob
NC_014625.1,1414392,1420926,6534,islandpath_dimob
NC_014625.1,1940908,1972240,31332,islandpath_dimob
NC_014718.1,71652,78053,6401,islandpath_dimob
NC_014718.1,333213,336270,3057,islandpath_dimob
NC_014718.1,348563,352839,4276,islandpath_dimob
NC_014718.1,562504,578538,16034,islandpath_dimob
NC_014718.1,797810,805501,7691,islandpath_dimob
NC_014718.1,813181,819480,6299,islandpath_dimob
NC_014659.1,2554599,2563935,9336,islandpath_dimob
NC_014659.1,3658642,3678524,19882,islandpath_dimob
NC_014659.1,4529497,4559470,29973,islandpath_dimob
NC_014734.1,790199,796999,6800,islandpath_dimob
NC_014734.1,1856212,1876167,19955,islandpath_dimob
NC_014734.1,2053677,2071053,17376,islandpath_dimob
NC_014733.1,1067532,1091879,24347,islandpath_dimob
NC_014733.1,1564366,1592664,28298,islandpath_dimob
NC_014834.1,223229,231738,8509,islandpath_dimob
NC_014834.1,2008547,2023936,15389,islandpath_dimob
NC_014834.1,2211769,2257397,45628,islandpath_dimob
NC_014834.1,2266244,2292180,25936,islandpath_dimob
NC_014834.1,3133060,3182620,49560,islandpath_dimob
NC_014834.1,3867523,3886887,19364,islandpath_dimob
NC_014802.1,843686,851512,7826,islandpath_dimob
NC_014729.1,571075,577126,6051,islandpath_dimob
NC_014729.1,633388,658688,25300,islandpath_dimob
NC_014729.1,804077,815281,11204,islandpath_dimob
NC_014729.1,1207587,1268339,60752,islandpath_dimob
NC_014729.1,1912108,1922091,9983,islandpath_dimob
NC_014729.1,2782577,2787871,5294,islandpath_dimob
NC_014652.1,36332,46320,9988,islandpath_dimob
NC_014652.1,358140,372794,14654,islandpath_dimob
NC_014652.1,377362,407073,29711,islandpath_dimob
NC_014652.1,418289,451803,33514,islandpath_dimob
NC_014652.1,1803578,1822303,18725,islandpath_dimob
NC_014652.1,2473510,2494122,20612,islandpath_dimob
NC_014652.1,2664107,2677841,13734,islandpath_dimob
NC_014817.1,316406,333200,16794,islandpath_dimob
NC_014820.1,1123997,1131225,7228,islandpath_dimob
NC_014820.1,1536671,1543980,7309,islandpath_dimob
NC_014721.1,11437,29989,18552,islandpath_dimob
NC_014721.1,33871,55929,22058,islandpath_dimob
NC_014721.1,740816,751054,10238,islandpath_dimob
NC_014721.1,1595608,1605173,9565,islandpath_dimob
NC_014721.1,1897343,1914794,17451,islandpath_dimob
NC_014721.1,2134882,2148679,13797,islandpath_dimob
NC_014721.1,2322765,2346021,23256,islandpath_dimob
NC_014721.1,2535683,2559335,23652,islandpath_dimob
NC_014721.1,2572326,2580929,8603,islandpath_dimob
NC_014655.1,138624,222380,83756,islandpath_dimob
NC_014655.1,342870,353626,10756,islandpath_dimob
NC_014655.1,440178,466839,26661,islandpath_dimob
NC_014655.1,577033,595556,18523,islandpath_dimob
NC_014655.1,836324,876392,40068,islandpath_dimob
NC_014655.1,1001860,1026714,24854,islandpath_dimob
NC_014655.1,1083657,1129147,45490,islandpath_dimob
NC_014655.1,1425327,1435560,10233,islandpath_dimob
NC_014655.1,2658582,2672644,14062,islandpath_dimob
NC_014758.1,133435,141354,7919,islandpath_dimob
NC_014758.1,469509,480994,11485,islandpath_dimob
NC_014722.1,7104,42456,35352,islandpath_dimob
NC_014722.1,48514,63699,15185,islandpath_dimob
NC_014722.1,188308,195143,6835,islandpath_dimob
NC_014722.1,199116,204589,5473,islandpath_dimob
NC_014722.1,476721,495357,18636,islandpath_dimob
NC_014722.1,918308,933738,15430,islandpath_dimob
NC_014722.1,1097633,1101854,4221,islandpath_dimob
NC_014722.1,1407191,1410480,3289,islandpath_dimob
NC_014722.1,1475203,1481647,6444,islandpath_dimob
NC_014722.1,1529023,1538887,9864,islandpath_dimob
NC_014722.1,1557092,1565991,8899,islandpath_dimob
NC_014722.1,1576101,1659437,83336,islandpath_dimob
NC_014722.1,1662898,1684632,21734,islandpath_dimob
NC_014722.1,1731636,1735626,3990,islandpath_dimob
NC_014722.1,1953168,1957904,4736,islandpath_dimob
NC_014722.1,2083101,2094277,11176,islandpath_dimob
NC_014722.1,2136930,2142497,5567,islandpath_dimob
NC_014722.1,2388132,2393701,5569,islandpath_dimob
NC_014722.1,2742590,2747019,4429,islandpath_dimob
NC_014759.1,316646,346034,29388,islandpath_dimob
NC_014759.1,1676774,1712969,36195,islandpath_dimob
NC_014759.1,4129848,4137552,7704,islandpath_dimob
NC_014657.1,1717149,1730068,12919,islandpath_dimob
NC_014657.1,2127521,2161897,34376,islandpath_dimob
NC_014638.1,58260,83375,25115,islandpath_dimob
NC_014638.1,86582,96663,10081,islandpath_dimob
NC_014638.1,321382,339434,18052,islandpath_dimob
NC_014638.1,368853,389000,20147,islandpath_dimob
NC_014638.1,970033,975978,5945,islandpath_dimob
NC_014638.1,1048550,1066243,17693,islandpath_dimob
NC_014656.1,3484,10627,7143,islandpath_dimob
NC_014656.1,368275,377963,9688,islandpath_dimob
NC_014656.1,406124,418692,12568,islandpath_dimob
NC_014656.1,526729,547787,21058,islandpath_dimob
NC_014656.1,816541,823976,7435,islandpath_dimob
NC_014656.1,1021375,1038124,16749,islandpath_dimob
NC_014656.1,1834475,1849611,15136,islandpath_dimob
NC_014650.1,309683,325345,15662,islandpath_dimob
NC_014650.1,479090,498258,19168,islandpath_dimob
NC_014650.1,602248,629172,26924,islandpath_dimob
NC_014650.1,660106,688783,28677,islandpath_dimob
NC_014650.1,1415624,1428408,12784,islandpath_dimob
NC_014650.1,1719256,1726383,7127,islandpath_dimob
NC_014650.1,1732956,1739836,6880,islandpath_dimob
NC_014650.1,1792445,1808300,15855,islandpath_dimob
NC_014650.1,1843336,1912530,69194,islandpath_dimob
NC_014650.1,1946386,1964600,18214,islandpath_dimob
NC_014650.1,2036371,2043876,7505,islandpath_dimob
NC_014650.1,2293092,2301531,8439,islandpath_dimob
NC_014650.1,2323368,2341486,18118,islandpath_dimob
NC_014650.1,2379006,2402011,23005,islandpath_dimob
NC_014650.1,2470005,2476030,6025,islandpath_dimob
NC_014650.1,2941839,2988923,47084,islandpath_dimob
NC_014650.1,3248199,3259038,10839,islandpath_dimob
NC_014650.1,3323292,3333311,10019,islandpath_dimob
NC_014650.1,3442783,3458716,15933,islandpath_dimob
NC_014650.1,3490640,3500583,9943,islandpath_dimob
NC_014650.1,3595763,3623440,27677,islandpath_dimob
NC_014618.1,415387,439006,23619,islandpath_dimob
NC_014618.1,592268,604269,12001,islandpath_dimob
NC_014618.1,697929,725610,27681,islandpath_dimob
NC_014618.1,1122732,1160364,37632,islandpath_dimob
NC_014618.1,1937919,1944577,6658,islandpath_dimob
NC_014618.1,1954728,1963559,8831,islandpath_dimob
NC_014720.1,269679,282075,12396,islandpath_dimob
NC_014720.1,791251,801638,10387,islandpath_dimob
NC_014720.1,837386,852143,14757,islandpath_dimob
NC_014720.1,909798,931034,21236,islandpath_dimob
NC_014720.1,984489,1045657,61168,islandpath_dimob
NC_014720.1,1944741,1954064,9323,islandpath_dimob
NC_014720.1,2743429,2760923,17494,islandpath_dimob
NC_014816.1,260371,279586,19215,islandpath_dimob
NC_014816.1,2379464,2394413,14949,islandpath_dimob
NC_014624.1,205767,218056,12289,islandpath_dimob
NC_014624.1,375733,397832,22099,islandpath_dimob
NC_014624.1,401515,412475,10960,islandpath_dimob
NC_014624.1,1211212,1232287,21075,islandpath_dimob
NC_014624.1,2573218,2587937,14719,islandpath_dimob
NC_014624.1,2697920,2714630,16710,islandpath_dimob
NC_014624.1,3537918,3556037,18119,islandpath_dimob
NC_014639.1,1557396,1650360,92964,islandpath_dimob
NC_014639.1,1897561,1956870,59309,islandpath_dimob
NC_014639.1,2173050,2181886,8836,islandpath_dimob
NC_014639.1,3529700,3546794,17094,islandpath_dimob
NC_014639.1,3855373,3866483,11110,islandpath_dimob
NC_014815.1,632752,657133,24381,islandpath_dimob
NC_014815.1,662655,692628,29973,islandpath_dimob
NC_014815.1,864450,886514,22064,islandpath_dimob
NC_014815.1,1407515,1422577,15062,islandpath_dimob
NC_014815.1,1485610,1503801,18191,islandpath_dimob
NC_014815.1,2367735,2383213,15478,islandpath_dimob
NC_014815.1,3793010,3805489,12479,islandpath_dimob
NC_014815.1,4383582,4412238,28656,islandpath_dimob
NC_014815.1,4416565,4458538,41973,islandpath_dimob
NC_014815.1,5606039,5624186,18147,islandpath_dimob
NC_014815.1,5636378,5642747,6369,islandpath_dimob
NC_014815.1,6578960,6596680,17720,islandpath_dimob
NC_014814.1,131168,161121,29953,islandpath_dimob
NC_014814.1,189708,236130,46422,islandpath_dimob
NC_014814.1,238862,260264,21402,islandpath_dimob
NC_014814.1,494407,502365,7958,islandpath_dimob
NC_014814.1,696034,702625,6591,islandpath_dimob
NC_014814.1,866036,905399,39363,islandpath_dimob
NC_014814.1,1397098,1422541,25443,islandpath_dimob
NC_014814.1,1426123,1433695,7572,islandpath_dimob
NC_014814.1,2141362,2147214,5852,islandpath_dimob
NC_014814.1,2583415,2635702,52287,islandpath_dimob
NC_014814.1,2851676,2859506,7830,islandpath_dimob
NC_014814.1,3891727,3940235,48508,islandpath_dimob
NC_014814.1,4243863,4343340,99477,islandpath_dimob
NC_014814.1,4416570,4428788,12218,islandpath_dimob
NC_014814.1,4779244,4786554,7310,islandpath_dimob
NC_014814.1,4817239,4840295,23056,islandpath_dimob
NC_014814.1,5426434,5437391,10957,islandpath_dimob
NC_014814.1,5440311,5491596,51285,islandpath_dimob
NC_014666.1,325619,348084,22465,islandpath_dimob
NC_014666.1,1141386,1150974,9588,islandpath_dimob
NC_014666.1,1606613,1619640,13027,islandpath_dimob
NC_014666.1,1857329,1865385,8056,islandpath_dimob
NC_014666.1,2124046,2135117,11071,islandpath_dimob
NC_014666.1,4500628,4517736,17108,islandpath_dimob
NC_014666.1,5242983,5253949,10966,islandpath_dimob
NC_014666.1,5453608,5474359,20751,islandpath_dimob
NC_014666.1,7154964,7181978,27014,islandpath_dimob
NC_014640.1,1196699,1210687,13988,islandpath_dimob
NC_014640.1,2187959,2203769,15810,islandpath_dimob
NC_014640.1,4037872,4052316,14444,islandpath_dimob
NC_014640.1,4935719,4964159,28440,islandpath_dimob
NC_014640.1,6824393,6843931,19538,islandpath_dimob
NC_017267.1,4671265,4679349,8084,islandpath_dimob
NC_017267.1,4507979,4532373,24394,islandpath_dimob
NC_017267.1,4393756,4406556,12800,islandpath_dimob
NC_017267.1,2915683,2925904,10221,islandpath_dimob
NC_017267.1,4238897,4245471,6574,islandpath_dimob
NC_017267.1,2545068,2555981,10913,islandpath_dimob
NC_017267.1,2593868,2606896,13028,islandpath_dimob
NC_017267.1,2702958,2716431,13473,islandpath_dimob
NC_017267.1,2504199,2525230,21031,islandpath_dimob
NC_017267.1,2322531,2346084,23553,islandpath_dimob
NC_017267.1,2057225,2080964,23739,islandpath_dimob
NC_017267.1,2001426,2021791,20365,islandpath_dimob
NC_017267.1,1678888,1701772,22884,islandpath_dimob
NC_017267.1,1525857,1565461,39604,islandpath_dimob
NC_017267.1,1328937,1377722,48785,islandpath_dimob
NC_017267.1,1103892,1115778,11886,islandpath_dimob
NC_017267.1,1044630,1050730,6100,islandpath_dimob
NC_017267.1,998777,1037697,38920,islandpath_dimob
NC_017267.1,651301,656093,4792,islandpath_dimob
NC_017267.1,455609,482351,26742,islandpath_dimob
NC_017267.1,36320,48308,11988,islandpath_dimob
NC_017265.1,4072047,4084256,12209,islandpath_dimob
NC_017265.1,3942652,3952323,9671,islandpath_dimob
NC_017265.1,3626677,3638268,11591,islandpath_dimob
NC_017265.1,2949963,2953634,3671,islandpath_dimob
NC_017265.1,3102289,3107060,4771,islandpath_dimob
NC_017265.1,3358150,3370621,12471,islandpath_dimob
NC_017265.1,2302557,2311729,9172,islandpath_dimob
NC_017265.1,2164258,2170237,5979,islandpath_dimob
NC_017265.1,1648085,1657698,9613,islandpath_dimob
NC_017265.1,1991198,1997263,6065,islandpath_dimob
NC_017265.1,2077138,2093746,16608,islandpath_dimob
NC_017265.1,455634,488546,32912,islandpath_dimob
NC_017265.1,545069,553882,8813,islandpath_dimob
NC_017265.1,813367,821431,8064,islandpath_dimob
NC_017265.1,1133394,1137023,3629,islandpath_dimob
NC_017265.1,1139649,1146746,7097,islandpath_dimob
NC_017265.1,1237452,1239644,2192,islandpath_dimob
NC_017265.1,1367191,1372393,5202,islandpath_dimob
NC_017154.1,4527530,4543732,16202,islandpath_dimob
NC_017265.1,51213,56891,5678,islandpath_dimob
NC_017265.1,138624,166232,27608,islandpath_dimob
NC_017154.1,4180151,4204516,24365,islandpath_dimob
NC_017154.1,4113494,4129364,15870,islandpath_dimob
NC_017154.1,4073305,4078328,5023,islandpath_dimob
NC_017154.1,3883800,3893759,9959,islandpath_dimob
NC_017154.1,3825224,3836580,11356,islandpath_dimob
NC_017154.1,3601464,3620907,19443,islandpath_dimob
NC_017154.1,2380566,2390262,9696,islandpath_dimob
NC_017154.1,2733306,2743752,10446,islandpath_dimob
NC_017154.1,2359918,2378212,18294,islandpath_dimob
NC_017154.1,2140408,2170693,30285,islandpath_dimob
NC_017154.1,2120261,2136914,16653,islandpath_dimob
NC_017154.1,1309600,1317846,8246,islandpath_dimob
NC_017154.1,739446,751785,12339,islandpath_dimob
NC_017154.1,1256858,1272340,15482,islandpath_dimob
NC_017154.1,602769,612989,10220,islandpath_dimob
NC_017154.1,394401,409203,14802,islandpath_dimob
NC_017154.1,207925,235535,27610,islandpath_dimob
NC_017154.1,33129,41135,8006,islandpath_dimob
NC_017160.1,4513670,4529967,16297,islandpath_dimob
NC_017160.1,4108655,4115454,6799,islandpath_dimob
NC_017160.1,4166179,4190542,24363,islandpath_dimob
NC_017160.1,3869895,3889755,19860,islandpath_dimob
NC_017160.1,3811321,3822675,11354,islandpath_dimob
NC_017160.1,3585361,3604804,19443,islandpath_dimob
NC_017160.1,3522062,3527699,5637,islandpath_dimob
NC_017160.1,2715160,2724649,9489,islandpath_dimob
NC_017160.1,2160696,2175765,15069,islandpath_dimob
NC_017160.1,2367208,2413967,46759,islandpath_dimob
NC_017160.1,2148644,2157799,9155,islandpath_dimob
NC_017160.1,1026706,1036549,9843,islandpath_dimob
NC_017160.1,395452,411403,15951,islandpath_dimob
NC_017160.1,604958,615794,10836,islandpath_dimob
NC_017160.1,741625,753963,12338,islandpath_dimob
NC_017160.1,209964,237572,27608,islandpath_dimob
NC_017564.1,4198437,4204208,5771,islandpath_dimob
NC_017160.1,33189,41195,8006,islandpath_dimob
NC_017564.1,3186885,3199811,12926,islandpath_dimob
NC_017564.1,3398416,3423199,24783,islandpath_dimob
NC_017564.1,3610264,3631632,21368,islandpath_dimob
NC_017564.1,3080306,3086319,6013,islandpath_dimob
NC_017564.1,3154748,3164883,10135,islandpath_dimob
NC_017168.1,1209100,1217705,8605,islandpath_dimob
NC_017168.1,868086,894495,26409,islandpath_dimob
NC_017168.1,693893,704849,10956,islandpath_dimob
NC_017168.1,485904,495085,9181,islandpath_dimob
NC_017168.1,410356,420641,10285,islandpath_dimob
NC_017168.1,347673,359034,11361,islandpath_dimob
NC_017168.1,294923,300005,5082,islandpath_dimob
NC_017168.1,10599,17463,6864,islandpath_dimob
NC_017564.1,2637832,2652285,14453,islandpath_dimob
NC_017564.1,2576563,2587856,11293,islandpath_dimob
NC_017564.1,2545829,2552275,6446,islandpath_dimob
NC_017564.1,2480036,2491928,11892,islandpath_dimob
NC_017564.1,1660623,1679067,18444,islandpath_dimob
NC_017564.1,1491971,1505523,13552,islandpath_dimob
NC_017564.1,1304637,1320247,15610,islandpath_dimob
NC_017564.1,690861,699404,8543,islandpath_dimob
NC_017168.1,4159793,4168498,8705,islandpath_dimob
NC_017271.1,4857906,4870068,12162,islandpath_dimob
NC_017271.1,3663554,3702171,38617,islandpath_dimob
NC_017271.1,3060872,3090501,29629,islandpath_dimob
NC_017271.1,2824224,2832719,8495,islandpath_dimob
NC_016602.1,2611729,2619597,7868,islandpath_dimob
NC_016602.1,2859382,2875209,15827,islandpath_dimob
NC_016602.1,3125153,3151297,26144,islandpath_dimob
NC_017262.1,1444543,1469694,25151,islandpath_dimob
NC_017562.1,1119868,1130323,10455,islandpath_dimob
NC_017562.1,2196137,2200759,4622,islandpath_dimob
NC_017562.1,2283659,2299086,15427,islandpath_dimob
NC_017271.1,146948,170575,23627,islandpath_dimob
NC_017271.1,1191257,1205585,14328,islandpath_dimob
NC_017271.1,1480304,1500117,19813,islandpath_dimob
NC_017271.1,2225793,2244351,18558,islandpath_dimob
NC_017168.1,3839025,3847809,8784,islandpath_dimob
NC_017168.1,3381816,3391881,10065,islandpath_dimob
NC_017168.1,3366339,3378567,12228,islandpath_dimob
NC_017168.1,2542457,2549632,7175,islandpath_dimob
NC_017168.1,1807817,1812637,4820,islandpath_dimob
NC_017168.1,1848090,1864209,16119,islandpath_dimob
NC_017168.1,1913472,1924210,10738,islandpath_dimob
NC_017168.1,2132436,2147095,14659,islandpath_dimob
NC_017168.1,2182789,2195822,13033,islandpath_dimob
NC_017168.1,1535001,1567543,32542,islandpath_dimob
NC_016602.1,177120,226373,49253,islandpath_dimob
NC_016602.1,777491,808535,31044,islandpath_dimob
NC_016602.1,109825,143086,33261,islandpath_dimob
NC_016944.1,2591264,2598534,7270,islandpath_dimob
NC_016944.1,1982429,1988340,5911,islandpath_dimob
NC_016944.1,1599908,1652664,52756,islandpath_dimob
NC_016944.1,537159,549682,12523,islandpath_dimob
NC_016944.1,519308,533395,14087,islandpath_dimob
NC_016944.1,246651,264230,17579,islandpath_dimob
NC_016944.1,177006,189378,12372,islandpath_dimob
NC_016445.1,2944789,2963320,18531,islandpath_dimob
NC_016445.1,2015123,2024114,8991,islandpath_dimob
NC_016445.1,2599411,2614636,15225,islandpath_dimob
NC_016445.1,1407522,1414704,7182,islandpath_dimob
NC_016445.1,1368824,1397446,28622,islandpath_dimob
NC_016445.1,347312,392712,45400,islandpath_dimob
NC_016445.1,83536,89952,6416,islandpath_dimob
NC_016582.1,7978043,7987292,9249,islandpath_dimob
NC_016582.1,9699870,9713291,13421,islandpath_dimob
NC_016582.1,10165770,10178073,12303,islandpath_dimob
NC_016582.1,10181922,10195166,13244,islandpath_dimob
NC_016582.1,11426237,11433648,7411,islandpath_dimob
NC_016582.1,11876036,11901173,25137,islandpath_dimob
NC_016582.1,7062731,7078641,15910,islandpath_dimob
NC_016582.1,5382281,5393568,11287,islandpath_dimob
NC_016582.1,4815678,4823437,7759,islandpath_dimob
NC_016582.1,4702921,4720601,17680,islandpath_dimob
NC_016582.1,3268498,3278274,9776,islandpath_dimob
NC_016582.1,2013399,2020954,7555,islandpath_dimob
NC_016582.1,2791881,2799688,7807,islandpath_dimob
NC_016582.1,1949439,1960297,10858,islandpath_dimob
NC_016582.1,2001293,2006874,5581,islandpath_dimob
NC_016582.1,1757357,1767985,10628,islandpath_dimob
NC_016582.1,1720487,1736708,16221,islandpath_dimob
NC_016582.1,1638531,1649390,10859,islandpath_dimob
NC_016613.1,2898374,2909708,11334,islandpath_dimob
NC_016613.1,2622418,2640262,17844,islandpath_dimob
NC_016613.1,2166169,2176309,10140,islandpath_dimob
NC_016613.1,2127078,2136432,9354,islandpath_dimob
NC_016613.1,2147211,2159835,12624,islandpath_dimob
NC_016613.1,1810667,1820157,9490,islandpath_dimob
NC_016613.1,1155729,1174634,18905,islandpath_dimob
NC_017270.1,1752678,1764817,12139,islandpath_dimob
NC_017270.1,815973,830234,14261,islandpath_dimob
NC_017270.1,226205,248355,22150,islandpath_dimob
NC_012582.1,2832773,2851295,18522,islandpath_dimob
NC_012582.1,2017753,2027825,10072,islandpath_dimob
NC_012582.1,278894,296701,17807,islandpath_dimob
NC_012582.1,888241,937989,49748,islandpath_dimob
NC_016945.1,732434,740165,7731,islandpath_dimob
NC_012582.1,10096,31309,21213,islandpath_dimob
NC_016945.1,419192,433413,14221,islandpath_dimob
NC_016945.1,350213,360755,10542,islandpath_dimob
NC_016614.1,1156317,1173506,17189,islandpath_dimob
NC_016614.1,1178702,1194505,15803,islandpath_dimob
NC_016614.1,1543333,1556298,12965,islandpath_dimob
NC_016614.1,1603712,1626445,22733,islandpath_dimob
NC_016945.1,301649,335309,33660,islandpath_dimob
NC_016614.1,1127428,1147925,20497,islandpath_dimob
NC_016446.1,984776,994897,10121,islandpath_dimob
NC_017269.1,277619,331584,53965,islandpath_dimob
NC_016944.1,866832,911145,44313,islandpath_dimob
NC_016446.1,433314,441517,8203,islandpath_dimob
NC_016446.1,75462,89333,13871,islandpath_dimob
NC_016446.1,28079,59516,31437,islandpath_dimob
NC_012583.1,774592,779164,4572,islandpath_dimob
NC_012583.1,428624,471939,43315,islandpath_dimob
NC_017278.1,1746372,1759605,13233,islandpath_dimob
NC_012583.1,336533,353664,17131,islandpath_dimob
NC_017278.1,270256,286146,15890,islandpath_dimob
NC_017278.1,1071157,1084484,13327,islandpath_dimob
NC_017278.1,1719902,1733217,13315,islandpath_dimob
NC_017278.1,162352,190064,27712,islandpath_dimob
NC_017765.1,10102124,10128509,26385,islandpath_dimob
NC_017765.1,9960183,9967826,7643,islandpath_dimob
NC_017765.1,9986905,10000188,13283,islandpath_dimob
NC_017765.1,9087489,9097734,10245,islandpath_dimob
NC_017765.1,6254932,6270386,15454,islandpath_dimob
NC_017765.1,4805067,4826533,21466,islandpath_dimob
NC_017765.1,1882756,1899608,16852,islandpath_dimob
NC_017765.1,489017,496177,7160,islandpath_dimob
NC_017765.1,1324869,1331298,6429,islandpath_dimob
NC_017765.1,1812257,1837499,25242,islandpath_dimob
NC_017765.1,225251,240941,15690,islandpath_dimob
NC_017765.1,283737,297571,13834,islandpath_dimob
NC_017765.1,340155,355291,15136,islandpath_dimob
NC_017765.1,177720,204957,27237,islandpath_dimob
NC_016446.1,119914,135928,16014,islandpath_dimob
NC_017765.1,49995,120850,70855,islandpath_dimob
NC_017272.1,1002335,1008007,5672,islandpath_dimob
NC_017765.1,6224,28550,22326,islandpath_dimob
NC_017272.1,923347,938342,14995,islandpath_dimob
NC_017587.1,946044,961536,15492,islandpath_dimob
NC_017587.1,741692,761692,20000,islandpath_dimob
NC_017586.1,6216338,6265545,49207,islandpath_dimob
NC_017586.1,4129381,4138915,9534,islandpath_dimob
NC_017586.1,3029733,3038106,8373,islandpath_dimob
NC_017586.1,2965937,2974167,8230,islandpath_dimob
NC_017586.1,2926418,2935379,8961,islandpath_dimob
NC_017586.1,2918557,2924497,5940,islandpath_dimob
NC_017586.1,2397228,2399202,1974,islandpath_dimob
NC_017586.1,2656268,2665423,9155,islandpath_dimob
NC_017586.1,2305631,2312791,7160,islandpath_dimob
NC_017586.1,1916080,1929346,13266,islandpath_dimob
NC_017586.1,1904255,1911151,6896,islandpath_dimob
NC_017586.1,1760762,1772341,11579,islandpath_dimob
NC_016610.1,2794768,2798402,3634,islandpath_dimob
NC_016610.1,3224541,3233021,8480,islandpath_dimob
NC_016610.1,3277970,3312666,34696,islandpath_dimob
NC_016610.1,2076257,2103840,27583,islandpath_dimob
NC_016610.1,732199,751782,19583,islandpath_dimob
NC_016610.1,663401,689181,25780,islandpath_dimob
NC_016610.1,566314,576684,10370,islandpath_dimob
NC_016610.1,91343,133165,41822,islandpath_dimob
NC_017038.1,3088962,3096436,7474,islandpath_dimob
NC_016610.1,65180,88664,23484,islandpath_dimob
NC_017038.1,2204268,2208645,4377,islandpath_dimob
NC_017038.1,2217458,2225121,7663,islandpath_dimob
NC_017038.1,2438815,2446121,7306,islandpath_dimob
NC_017038.1,3053532,3078928,25396,islandpath_dimob
NC_017038.1,1723516,1730125,6609,islandpath_dimob
NC_017038.1,1610493,1632293,21800,islandpath_dimob
NC_017038.1,1381522,1387215,5693,islandpath_dimob
NC_017038.1,1416203,1430820,14617,islandpath_dimob
NC_017038.1,849904,857552,7648,islandpath_dimob
NC_017038.1,960258,971286,11028,islandpath_dimob
NC_017038.1,659472,664882,5410,islandpath_dimob
NC_017038.1,571186,576229,5043,islandpath_dimob
NC_017038.1,348701,386719,38018,islandpath_dimob
NC_017052.1,3089061,3096535,7474,islandpath_dimob
NC_017052.1,3053631,3079027,25396,islandpath_dimob
NC_017052.1,2438912,2446218,7306,islandpath_dimob
NC_017052.1,2217555,2225218,7663,islandpath_dimob
NC_017052.1,1723613,1730222,6609,islandpath_dimob
NC_017052.1,2204365,2208742,4377,islandpath_dimob
NC_017052.1,1610590,1632390,21800,islandpath_dimob
NC_017052.1,1381618,1387311,5693,islandpath_dimob
NC_017052.1,1416299,1430917,14618,islandpath_dimob
NC_017052.1,659460,664870,5410,islandpath_dimob
NC_017052.1,850045,857693,7648,islandpath_dimob
NC_017052.1,960399,971427,11028,islandpath_dimob
NC_017052.1,571174,576217,5043,islandpath_dimob
NC_017277.1,3090061,3097535,7474,islandpath_dimob
NC_017052.1,348689,386707,38018,islandpath_dimob
NC_017277.1,2439914,2447220,7306,islandpath_dimob
NC_017277.1,3054631,3080027,25396,islandpath_dimob
NC_017277.1,2045778,2050229,4451,islandpath_dimob
NC_017277.1,2205367,2209744,4377,islandpath_dimob
NC_017277.1,2218557,2226220,7663,islandpath_dimob
NC_017277.1,1723414,1730023,6609,islandpath_dimob
NC_017277.1,1416101,1430718,14617,islandpath_dimob
NC_017277.1,1610391,1632191,21800,islandpath_dimob
NC_017277.1,1381420,1387113,5693,islandpath_dimob
NC_017277.1,849802,857450,7648,islandpath_dimob
NC_017277.1,960156,971184,11028,islandpath_dimob
NC_017277.1,571084,576127,5043,islandpath_dimob
NC_017277.1,659370,664780,5410,islandpath_dimob
NC_017277.1,348701,386617,37916,islandpath_dimob
NC_017039.1,3089072,3096546,7474,islandpath_dimob
NC_017039.1,2217567,2225230,7663,islandpath_dimob
NC_017039.1,2438924,2446230,7306,islandpath_dimob
NC_017039.1,3053642,3079038,25396,islandpath_dimob
NC_017039.1,1610602,1632402,21800,islandpath_dimob
NC_017039.1,1723625,1730234,6609,islandpath_dimob
NC_017039.1,2204377,2208754,4377,islandpath_dimob
NC_017039.1,1416311,1430929,14618,islandpath_dimob
NC_017039.1,1381630,1387323,5693,islandpath_dimob
NC_017039.1,960411,971439,11028,islandpath_dimob
NC_017039.1,659472,664882,5410,islandpath_dimob
NC_017039.1,850057,857705,7648,islandpath_dimob
NC_017039.1,571186,576229,5043,islandpath_dimob
NC_017276.1,2484098,2489307,5209,islandpath_dimob
NC_017039.1,348701,386719,38018,islandpath_dimob
NC_017276.1,2441537,2447459,5922,islandpath_dimob
NC_017276.1,1907770,1914146,6376,islandpath_dimob
NC_017276.1,2248472,2266573,18101,islandpath_dimob
NC_017276.1,1490043,1503178,13135,islandpath_dimob
NC_017276.1,1385675,1394825,9150,islandpath_dimob
NC_017276.1,842563,854090,11527,islandpath_dimob
NC_017276.1,874273,883151,8878,islandpath_dimob
NC_017276.1,907391,913946,6555,islandpath_dimob
NC_017276.1,1240305,1250465,10160,islandpath_dimob
NC_017276.1,1368467,1375836,7369,islandpath_dimob
NC_017276.1,795581,809916,14335,islandpath_dimob
NC_017276.1,779223,791132,11909,islandpath_dimob
NC_017276.1,735678,757157,21479,islandpath_dimob
NC_017619.1,1426143,1439797,13654,islandpath_dimob
NC_017619.1,1477303,1480876,3573,islandpath_dimob
NC_017276.1,364544,379217,14673,islandpath_dimob
NC_017619.1,899858,902946,3088,islandpath_dimob
NC_017619.1,576526,581096,4570,islandpath_dimob
NC_017619.1,875368,889463,14095,islandpath_dimob
NC_017581.1,1850814,1859654,8840,islandpath_dimob
NC_017619.1,69661,95375,25714,islandpath_dimob
NC_017581.1,1811015,1824918,13903,islandpath_dimob
NC_017581.1,1828620,1845436,16816,islandpath_dimob
NC_017581.1,1710158,1718996,8838,islandpath_dimob
NC_017581.1,1331168,1340964,9796,islandpath_dimob
NC_017581.1,1088887,1092177,3290,islandpath_dimob
NC_017581.1,873806,883957,10151,islandpath_dimob
NC_017581.1,15532,42388,26856,islandpath_dimob
NC_017275.1,2616530,2623062,6532,islandpath_dimob
NC_017275.1,2376591,2385871,9280,islandpath_dimob
NC_017275.1,1412756,1424229,11473,islandpath_dimob
NC_017275.1,1045940,1054615,8675,islandpath_dimob
NC_017275.1,884229,895619,11390,islandpath_dimob
NC_017275.1,801373,810114,8741,islandpath_dimob
NC_017275.1,575020,582783,7763,islandpath_dimob
NC_017275.1,721747,749791,28044,islandpath_dimob
NC_017275.1,550082,559405,9323,islandpath_dimob
NC_017275.1,501836,516331,14495,islandpath_dimob
NC_017275.1,392584,401143,8559,islandpath_dimob
NC_017275.1,479552,499268,19716,islandpath_dimob
NC_017275.1,363066,379562,16496,islandpath_dimob
NC_017621.1,807657,812950,5293,islandpath_dimob
NC_017621.1,1025430,1044747,19317,islandpath_dimob
NC_017621.1,500367,512600,12233,islandpath_dimob
NC_017621.1,181641,192972,11331,islandpath_dimob
NC_017621.1,72526,97304,24778,islandpath_dimob
NC_016884.1,2191002,2222013,31011,islandpath_dimob
NC_016884.1,2099064,2113127,14063,islandpath_dimob
NC_016884.1,1663397,1682883,19486,islandpath_dimob
NC_016884.1,1108403,1144464,36061,islandpath_dimob
NC_016884.1,779735,788172,8437,islandpath_dimob
NC_016884.1,759692,775651,15959,islandpath_dimob
NC_016884.1,660590,666925,6335,islandpath_dimob
NC_016884.1,632248,658386,26138,islandpath_dimob
NC_016884.1,492342,609808,117466,islandpath_dimob
NC_016884.1,386704,405393,18689,islandpath_dimob
NC_017622.1,578849,583419,4570,islandpath_dimob
NC_017622.1,659659,669565,9906,islandpath_dimob
NC_017622.1,1391521,1405174,13653,islandpath_dimob
NC_017622.1,69879,96883,27004,islandpath_dimob
NC_017618.1,1488303,1501956,13653,islandpath_dimob
NC_017618.1,778865,788571,9706,islandpath_dimob
NC_017618.1,571827,575800,3973,islandpath_dimob
NC_017618.1,69569,95461,25892,islandpath_dimob
NC_017620.1,1190427,1208795,18368,islandpath_dimob
NC_017620.1,1046359,1050577,4218,islandpath_dimob
NC_017620.1,73480,107982,34502,islandpath_dimob
NC_017617.1,1397836,1411507,13671,islandpath_dimob
NC_017617.1,624714,627940,3226,islandpath_dimob
NC_017617.1,1125099,1132533,7434,islandpath_dimob
NC_016884.1,457255,476488,19233,islandpath_dimob
NC_017617.1,504714,548373,43659,islandpath_dimob
NC_017617.1,68341,94054,25713,islandpath_dimob
NC_017563.1,789132,801566,12434,islandpath_dimob
NC_017563.1,1242077,1245053,2976,islandpath_dimob
NC_017563.1,1517875,1524287,6412,islandpath_dimob
NC_017563.1,1619816,1631078,11262,islandpath_dimob
NC_017563.1,1739938,1756706,16768,islandpath_dimob
NC_017563.1,511343,514846,3503,islandpath_dimob
NC_017563.1,738170,746135,7965,islandpath_dimob
NC_017563.1,375424,389663,14239,islandpath_dimob
NC_017563.1,16058,32626,16568,islandpath_dimob
NC_017671.1,4197405,4233316,35911,islandpath_dimob
NC_017671.1,317692,324915,7223,islandpath_dimob
NC_017671.1,976021,1019386,43365,islandpath_dimob
NC_016856.1,2672655,2685111,12456,islandpath_dimob
NC_016856.1,2782226,2807137,24911,islandpath_dimob
NC_016856.1,2898012,2903690,5678,islandpath_dimob
NC_016856.1,2917868,2935976,18108,islandpath_dimob
NC_016857.1,327706,350828,23122,islandpath_dimob
NC_016857.1,781039,794127,13088,islandpath_dimob
NC_016857.1,1056421,1066105,9684,islandpath_dimob
NC_016857.1,1068076,1100036,31960,islandpath_dimob
NC_016857.1,1909131,1925806,16675,islandpath_dimob
NC_016857.1,2726693,2753290,26597,islandpath_dimob
NC_016857.1,2855546,2881347,25801,islandpath_dimob
NC_016857.1,2884712,2896805,12093,islandpath_dimob
NC_016857.1,2897574,2914680,17106,islandpath_dimob
NC_016857.1,2923005,2935738,12733,islandpath_dimob
NC_017337.1,34541,48503,13962,islandpath_dimob
NC_017337.1,465859,488674,22815,islandpath_dimob
NC_017337.1,1107640,1124900,17260,islandpath_dimob
NC_017337.1,1282283,1289884,7601,islandpath_dimob
NC_017337.1,2011402,2018463,7061,islandpath_dimob
NC_017337.1,2086635,2102227,15592,islandpath_dimob
NC_017098.1,982043,988100,6057,islandpath_dimob
NC_017098.1,992871,1013713,20842,islandpath_dimob
NC_017098.1,1164154,1188961,24807,islandpath_dimob
NC_017098.1,1287140,1300518,13378,islandpath_dimob
NC_017098.1,1549562,1575691,26129,islandpath_dimob
NC_017098.1,1599618,1608641,9023,islandpath_dimob
NC_017098.1,1782953,1809572,26619,islandpath_dimob
NC_016940.1,99913,112322,12409,islandpath_dimob
NC_016940.1,507835,514027,6192,islandpath_dimob
NC_016940.1,648328,682029,33701,islandpath_dimob
NC_016940.1,898816,910386,11570,islandpath_dimob
NC_016940.1,1001197,1014963,13766,islandpath_dimob
NC_016940.1,1314562,1338009,23447,islandpath_dimob
NC_016940.1,1806091,1813618,7527,islandpath_dimob
NC_016940.1,3161408,3175604,14196,islandpath_dimob
NC_016940.1,3596731,3615888,19157,islandpath_dimob
NC_016940.1,3703082,3712380,9298,islandpath_dimob
NC_016940.1,4022212,4043626,21414,islandpath_dimob
NC_016940.1,4234487,4241169,6682,islandpath_dimob
NC_016633.1,1217612,1225954,8342,islandpath_dimob
NC_016633.1,1782531,1802572,20041,islandpath_dimob
NC_016633.1,3046712,3146983,100271,islandpath_dimob
NC_016832.1,956470,980881,24411,islandpath_dimob
NC_016832.1,1189011,1202100,13089,islandpath_dimob
NC_016832.1,1407191,1439711,32520,islandpath_dimob
NC_016832.1,1959135,1967308,8173,islandpath_dimob
NC_016832.1,2367615,2373824,6209,islandpath_dimob
NC_016832.1,2617989,2652811,34822,islandpath_dimob
NC_016832.1,2734066,2742351,8285,islandpath_dimob
NC_016832.1,3015263,3035800,20537,islandpath_dimob
NC_016832.1,3493735,3523272,29537,islandpath_dimob
NC_016832.1,4378907,4451957,73050,islandpath_dimob
NC_016832.1,4455008,4480488,25480,islandpath_dimob
NC_016832.1,4492646,4509233,16587,islandpath_dimob
NC_016832.1,4656814,4676085,19271,islandpath_dimob
NC_016860.1,328516,351351,22835,islandpath_dimob
NC_016860.1,368887,409569,40682,islandpath_dimob
NC_016860.1,819470,832706,13236,islandpath_dimob
NC_016860.1,965785,974234,8449,islandpath_dimob
NC_016860.1,1095886,1107238,11352,islandpath_dimob
NC_016860.1,1108465,1141399,32934,islandpath_dimob
NC_016860.1,1622564,1629558,6994,islandpath_dimob
NC_016860.1,1955180,1963463,8283,islandpath_dimob
NC_016860.1,2726099,2749241,23142,islandpath_dimob
NC_016860.1,2760959,2770403,9444,islandpath_dimob
NC_016860.1,2867994,2889367,21373,islandpath_dimob
NC_016860.1,2897335,2907031,9696,islandpath_dimob
NC_016860.1,2924005,2938316,14311,islandpath_dimob
NC_016860.1,3207028,3220553,13525,islandpath_dimob
NC_016860.1,3974095,3981858,7763,islandpath_dimob
NC_016860.1,4002033,4050319,48286,islandpath_dimob
NC_016860.1,4060895,4066810,5915,islandpath_dimob
NC_016860.1,4074961,4089196,14235,islandpath_dimob
NC_017583.1,850598,869697,19099,islandpath_dimob
NC_017583.1,958568,964906,6338,islandpath_dimob
NC_017583.1,1349645,1368318,18673,islandpath_dimob
NC_017583.1,1662155,1668901,6746,islandpath_dimob
NC_017583.1,1791584,1807494,15910,islandpath_dimob
NC_017583.1,1849592,1856157,6565,islandpath_dimob
NC_017583.1,2310986,2320903,9917,islandpath_dimob
NC_017583.1,2347616,2363566,15950,islandpath_dimob
NC_017763.1,312111,321026,8915,islandpath_dimob
NC_017763.1,818438,830745,12307,islandpath_dimob
NC_017763.1,978759,984593,5834,islandpath_dimob
NC_017763.1,1280426,1286759,6333,islandpath_dimob
NC_017763.1,1524391,1573450,49059,islandpath_dimob
NC_017763.1,1890143,1911866,21723,islandpath_dimob
NC_017763.1,2022214,2029947,7733,islandpath_dimob
NC_017763.1,2067591,2087908,20317,islandpath_dimob
NC_017763.1,2568165,2582657,14492,islandpath_dimob
NC_017673.1,34552,41727,7175,islandpath_dimob
NC_017673.1,616316,621771,5455,islandpath_dimob
NC_017673.1,1246649,1255242,8593,islandpath_dimob
NC_017673.1,1780537,1797189,16652,islandpath_dimob
NC_017673.1,1907964,1920645,12681,islandpath_dimob
NC_017673.1,2112336,2123517,11181,islandpath_dimob
NC_017673.1,2455606,2459712,4106,islandpath_dimob
NC_017343.1,41781,53009,11228,islandpath_dimob
NC_017343.1,142067,150340,8273,islandpath_dimob
NC_017343.1,1981074,1994669,13595,islandpath_dimob
NC_017343.1,2205969,2211373,5404,islandpath_dimob
NC_017351.1,43001,49805,6804,islandpath_dimob
NC_017351.1,63083,72757,9674,islandpath_dimob
NC_017351.1,645257,653050,7793,islandpath_dimob
NC_017351.1,2100981,2113100,12119,islandpath_dimob
NC_017351.1,2322019,2329926,7907,islandpath_dimob
NC_017325.1,242650,267566,24916,islandpath_dimob
NC_017325.1,313041,319989,6948,islandpath_dimob
NC_017325.1,931608,951970,20362,islandpath_dimob
NC_017325.1,976033,986810,10777,islandpath_dimob
NC_017325.1,1084496,1130813,46317,islandpath_dimob
NC_017325.1,1480526,1501326,20800,islandpath_dimob
NC_017325.1,1825279,1850252,24973,islandpath_dimob
NC_017325.1,1889662,1913308,23646,islandpath_dimob
NC_017325.1,2286640,2318582,31942,islandpath_dimob
NC_016812.1,131245,147874,16629,islandpath_dimob
NC_016812.1,258975,329599,70624,islandpath_dimob
NC_016812.1,465388,483481,18093,islandpath_dimob
NC_016812.1,818471,830975,12504,islandpath_dimob
NC_016812.1,1612704,1619580,6876,islandpath_dimob
NC_016812.1,1929473,1947227,17754,islandpath_dimob
NC_016812.1,1957789,1965501,7712,islandpath_dimob
NC_016812.1,2609538,2615680,6142,islandpath_dimob
NC_016812.1,2915092,2922742,7650,islandpath_dimob
NC_016812.1,3307032,3317086,10054,islandpath_dimob
NC_016812.1,3579626,3584789,5163,islandpath_dimob
NC_016812.1,3600071,3616581,16510,islandpath_dimob
NC_016812.1,3640136,3674380,34244,islandpath_dimob
NC_016812.1,3706783,3712399,5616,islandpath_dimob
NC_016812.1,4046144,4053466,7322,islandpath_dimob
NC_016812.1,4250124,4273430,23306,islandpath_dimob
NC_017341.1,49882,62833,12951,islandpath_dimob
NC_017341.1,312784,319732,6948,islandpath_dimob
NC_017341.1,389453,398462,9009,islandpath_dimob
NC_017341.1,426900,455678,28778,islandpath_dimob
NC_017341.1,665940,674833,8893,islandpath_dimob
NC_017341.1,891437,901492,10055,islandpath_dimob
NC_017341.1,903473,909130,5657,islandpath_dimob
NC_017341.1,1349135,1360919,11784,islandpath_dimob
NC_017341.1,1730228,1739604,9376,islandpath_dimob
NC_017341.1,1910654,1921192,10538,islandpath_dimob
NC_017341.1,1991177,2021560,30383,islandpath_dimob
NC_017341.1,2093303,2117304,24001,islandpath_dimob
NC_017328.1,233372,248768,15396,islandpath_dimob
NC_017328.1,260948,267334,6386,islandpath_dimob
NC_017328.1,322386,348240,25854,islandpath_dimob
NC_017328.1,724028,736572,12544,islandpath_dimob
NC_017328.1,922099,934469,12370,islandpath_dimob
NC_017328.1,1081193,1094566,13373,islandpath_dimob
NC_017328.1,1098152,1107968,9816,islandpath_dimob
NC_017328.1,1116994,1130263,13269,islandpath_dimob
NC_017328.1,1149746,1160680,10934,islandpath_dimob
NC_017328.1,1441039,1447893,6854,islandpath_dimob
NC_017328.1,1454035,1465360,11325,islandpath_dimob
NC_017328.1,1478533,1487922,9389,islandpath_dimob
NC_017328.1,1628645,1632364,3719,islandpath_dimob
NC_017328.1,1678894,1694352,15458,islandpath_dimob
NC_017328.1,1865695,1870151,4456,islandpath_dimob
NC_017328.1,2063778,2068585,4807,islandpath_dimob
NC_017328.1,2099092,2106660,7568,islandpath_dimob
NC_017328.1,2109097,2114867,5770,islandpath_dimob
NC_017328.1,2136293,2142494,6201,islandpath_dimob
NC_017328.1,2266284,2275930,9646,islandpath_dimob
NC_017328.1,2496343,2503844,7501,islandpath_dimob
NC_017328.1,2593366,2598745,5379,islandpath_dimob
NC_017328.1,2723559,2731762,8203,islandpath_dimob
NC_017328.1,2987824,2998284,10460,islandpath_dimob
NC_017328.1,3094241,3141412,47171,islandpath_dimob
NC_017328.1,3214545,3221975,7430,islandpath_dimob
NC_017328.1,3464503,3481733,17230,islandpath_dimob
NC_017328.1,3847186,3862678,15492,islandpath_dimob
NC_017328.1,3937467,3967890,30423,islandpath_dimob
NC_017328.1,4573092,4576121,3029,islandpath_dimob
NC_016822.1,14167,19510,5343,islandpath_dimob
NC_016822.1,271817,288376,16559,islandpath_dimob
NC_016822.1,539260,543557,4297,islandpath_dimob
NC_016822.1,768331,777930,9599,islandpath_dimob
NC_016822.1,806885,812031,5146,islandpath_dimob
NC_016822.1,1130823,1140520,9697,islandpath_dimob
NC_016822.1,1251011,1255815,4804,islandpath_dimob
NC_016822.1,1310317,1331501,21184,islandpath_dimob
NC_016822.1,1370620,1379712,9092,islandpath_dimob
NC_016822.1,1437211,1482761,45550,islandpath_dimob
NC_016822.1,1697391,1704332,6941,islandpath_dimob
NC_016822.1,1738480,1746605,8125,islandpath_dimob
NC_016822.1,1844596,1863303,18707,islandpath_dimob
NC_016822.1,1939653,1944197,4544,islandpath_dimob
NC_016822.1,1965935,1970921,4986,islandpath_dimob
NC_016822.1,2082706,2100125,17419,islandpath_dimob
NC_016822.1,2112955,2119719,6764,islandpath_dimob
NC_016822.1,2345545,2352035,6490,islandpath_dimob
NC_016822.1,2369828,2380024,10196,islandpath_dimob
NC_016822.1,2661488,2669567,8079,islandpath_dimob
NC_016822.1,2895343,2913587,18244,islandpath_dimob
NC_016822.1,2937657,2944660,7003,islandpath_dimob
NC_016822.1,2962673,2974969,12296,islandpath_dimob
NC_016822.1,3024342,3033616,9274,islandpath_dimob
NC_016822.1,3064075,3073539,9464,islandpath_dimob
NC_016822.1,3293879,3298619,4740,islandpath_dimob
NC_016822.1,3422873,3441077,18204,islandpath_dimob
NC_016822.1,3616046,3630639,14593,islandpath_dimob
NC_016822.1,3745943,3773243,27300,islandpath_dimob
NC_016822.1,4035781,4060969,25188,islandpath_dimob
NC_016822.1,4734115,4741690,7575,islandpath_dimob
NC_017347.1,45499,56793,11294,islandpath_dimob
NC_017347.1,309725,318773,9048,islandpath_dimob
NC_017347.1,423238,454196,30958,islandpath_dimob
NC_017347.1,871584,880716,9132,islandpath_dimob
NC_017347.1,905272,909836,4564,islandpath_dimob
NC_017347.1,1355937,1365164,9227,islandpath_dimob
NC_017347.1,1731475,1739903,8428,islandpath_dimob
NC_017347.1,1907145,1919651,12506,islandpath_dimob
NC_017347.1,2269685,2297617,27932,islandpath_dimob
NC_017347.1,2782979,2793914,10935,islandpath_dimob
NC_017342.1,203495,216114,12619,islandpath_dimob
NC_017342.1,453628,468958,15330,islandpath_dimob
NC_017342.1,482606,500163,17557,islandpath_dimob
NC_017342.1,1267762,1274531,6769,islandpath_dimob
NC_017342.1,1745699,1758954,13255,islandpath_dimob
NC_017342.1,2006122,2019704,13582,islandpath_dimob
NC_016928.1,46832,55997,9165,islandpath_dimob
NC_016928.1,319810,327786,7976,islandpath_dimob
NC_016928.1,442056,464397,22341,islandpath_dimob
NC_016928.1,864467,870260,5793,islandpath_dimob
NC_017322.1,711013,721791,10778,islandpath_dimob
NC_017322.1,1240045,1288718,48673,islandpath_dimob
NC_017322.1,1356361,1377337,20976,islandpath_dimob
NC_017322.1,1882092,1900505,18413,islandpath_dimob
NC_016941.1,1823585,1831557,7972,islandpath_dimob
NC_016912.1,1175569,1182878,7309,islandpath_dimob
NC_016912.1,1787208,1802539,15331,islandpath_dimob
NC_016912.1,2090841,2119553,28712,islandpath_dimob
NC_017567.1,65499,81660,16161,islandpath_dimob
NC_017567.1,258242,284875,26633,islandpath_dimob
NC_017567.1,637725,643046,5321,islandpath_dimob
NC_017567.1,671266,678556,7290,islandpath_dimob
NC_017567.1,926694,935457,8763,islandpath_dimob
NC_017567.1,1270511,1275343,4832,islandpath_dimob
NC_017567.1,2118490,2123111,4621,islandpath_dimob
NC_016749.1,257611,284803,27192,islandpath_dimob
NC_016749.1,304084,316788,12704,islandpath_dimob
NC_016749.1,322380,338882,16502,islandpath_dimob
NC_016749.1,494471,508508,14037,islandpath_dimob
NC_016749.1,854534,867242,12708,islandpath_dimob
NC_016749.1,1120475,1126639,6164,islandpath_dimob
NC_016749.1,1131932,1143216,11284,islandpath_dimob
NC_016749.1,1323105,1331773,8668,islandpath_dimob
NC_016749.1,1338303,1404506,66203,islandpath_dimob
NC_016749.1,1672105,1678692,6587,islandpath_dimob
NC_016749.1,1848944,1858214,9270,islandpath_dimob
NC_016749.1,1903593,1941846,38253,islandpath_dimob
NC_017568.1,539761,546344,6583,islandpath_dimob
NC_017568.1,1781493,1787115,5622,islandpath_dimob
NC_017568.1,1819619,1857865,38246,islandpath_dimob
NC_017568.1,2258561,2268494,9933,islandpath_dimob
NC_017568.1,2449122,2461711,12589,islandpath_dimob
NC_017568.1,2470222,2513034,42812,islandpath_dimob
NC_017353.1,326137,333832,7695,islandpath_dimob
NC_017353.1,849230,912454,63224,islandpath_dimob
NC_017353.1,2079209,2092146,12937,islandpath_dimob
NC_017331.1,42623,54374,11751,islandpath_dimob
NC_017331.1,58612,67079,8467,islandpath_dimob
NC_017331.1,86534,93706,7172,islandpath_dimob
NC_017331.1,344426,352686,8260,islandpath_dimob
NC_017331.1,488725,521571,32846,islandpath_dimob
NC_017331.1,952272,956762,4490,islandpath_dimob
NC_017331.1,1397835,1404694,6859,islandpath_dimob
NC_017331.1,1773746,1783122,9376,islandpath_dimob
NC_017331.1,2180615,2249078,68463,islandpath_dimob
NC_017331.1,2251468,2308569,57101,islandpath_dimob
NC_017331.1,2425253,2444192,18939,islandpath_dimob
NC_017053.1,437159,458852,21693,islandpath_dimob
NC_017040.1,354248,364030,9782,islandpath_dimob
NC_017040.1,439734,461427,21693,islandpath_dimob
NC_017040.1,549349,564934,15585,islandpath_dimob
NC_017040.1,1557206,1572128,14922,islandpath_dimob
NC_017596.1,390566,395976,5410,islandpath_dimob
NC_017596.1,1275598,1291706,16108,islandpath_dimob
NC_016826.1,81078,98689,17611,islandpath_dimob
NC_016826.1,143882,154449,10567,islandpath_dimob
NC_016826.1,238764,266809,28045,islandpath_dimob
NC_016826.1,933722,946663,12941,islandpath_dimob
NC_016826.1,953922,971603,17681,islandpath_dimob
NC_016826.1,1097306,1101621,4315,islandpath_dimob
NC_016826.1,1374783,1406715,31932,islandpath_dimob
NC_016826.1,1802082,1806609,4527,islandpath_dimob
NC_016826.1,1934468,1947576,13108,islandpath_dimob
NC_017576.1,279995,315015,35020,islandpath_dimob
NC_017576.1,550939,566697,15758,islandpath_dimob
NC_017576.1,970727,987546,16819,islandpath_dimob
NC_017576.1,1615850,1627552,11702,islandpath_dimob
NC_017576.1,1738397,1743932,5535,islandpath_dimob
NC_017576.1,1750749,1764328,13579,islandpath_dimob
NC_017576.1,2183443,2188937,5494,islandpath_dimob
NC_017576.1,2307797,2321262,13465,islandpath_dimob
NC_017671.1,162624,201509,38885,islandpath_dimob
NC_017672.1,2321946,2331659,9713,islandpath_dimob
NC_017672.1,2673629,2685992,12363,islandpath_dimob
NC_017672.1,3645037,3650185,5148,islandpath_dimob
NC_017672.1,3667576,3683685,16109,islandpath_dimob
NC_017672.1,4179465,4221764,42299,islandpath_dimob
NC_017672.1,7928318,7941991,13673,islandpath_dimob
NC_016645.1,1711,28281,26570,islandpath_dimob
NC_016645.1,1660988,1695041,34053,islandpath_dimob
NC_016147.2,155145,164095,8950,islandpath_dimob
NC_016147.2,590229,595856,5627,islandpath_dimob
NC_016147.2,2342732,2398127,55395,islandpath_dimob
NC_016147.2,2967252,2981895,14643,islandpath_dimob
NC_017549.1,938691,959751,21060,islandpath_dimob
NC_017549.1,1695293,1702634,7341,islandpath_dimob
NC_017549.1,1883107,1909010,25903,islandpath_dimob
NC_017549.1,1973382,1991296,17914,islandpath_dimob
NC_017549.1,3438755,3462676,23921,islandpath_dimob
NC_017549.1,4093247,4112321,19074,islandpath_dimob
NC_017549.1,4853690,4863969,10279,islandpath_dimob
NC_017549.1,5999786,6011388,11602,islandpath_dimob
NC_016885.1,1844534,1866133,21599,islandpath_dimob
NC_017047.1,357338,372499,15161,islandpath_dimob
NC_017047.1,1800214,1811355,11141,islandpath_dimob
NC_017047.1,1991392,2001774,10382,islandpath_dimob
NC_017047.1,2036375,2072867,36492,islandpath_dimob
NC_017047.1,2083947,2132984,49037,islandpath_dimob
NC_017047.1,2776431,2785401,8970,islandpath_dimob
NC_017047.1,3090316,3127204,36888,islandpath_dimob
NC_017047.1,3184681,3197054,12373,islandpath_dimob
NC_017047.1,3795224,3800259,5035,islandpath_dimob
NC_017047.1,4045316,4048073,2757,islandpath_dimob
NC_017530.1,647635,661038,13403,islandpath_dimob
NC_017530.1,772288,792675,20387,islandpath_dimob
NC_017530.1,2153650,2207110,53460,islandpath_dimob
NC_017530.1,2379360,2423384,44024,islandpath_dimob
NC_017530.1,3138752,3153665,14913,islandpath_dimob
NC_017530.1,3460010,3471025,11015,islandpath_dimob
NC_017530.1,3581186,3603778,22592,islandpath_dimob
NC_017530.1,4243200,4277115,33915,islandpath_dimob
NC_017530.1,5049798,5098738,48940,islandpath_dimob
NC_017548.1,746446,787554,41108,islandpath_dimob
NC_017548.1,2419659,2442795,23136,islandpath_dimob
NC_017532.1,320626,329211,8585,islandpath_dimob
NC_017532.1,333862,342853,8991,islandpath_dimob
NC_017532.1,690854,717655,26801,islandpath_dimob
NC_017532.1,1562690,1586440,23750,islandpath_dimob
NC_017532.1,2568608,2594814,26206,islandpath_dimob
NC_017532.1,2989093,2998138,9045,islandpath_dimob
NC_017532.1,3132782,3137671,4889,islandpath_dimob
NC_017532.1,3713208,3725053,11845,islandpath_dimob
NC_017532.1,3775099,3808366,33267,islandpath_dimob
NC_016642.1,470351,482615,12264,islandpath_dimob
NC_016642.1,762583,772507,9924,islandpath_dimob
NC_016642.1,1212170,1227663,15493,islandpath_dimob
NC_016642.1,2442846,2449393,6547,islandpath_dimob
NC_016642.1,3250444,3257748,7304,islandpath_dimob
NC_016642.1,3644312,3651064,6752,islandpath_dimob
NC_016642.1,4524347,4536822,12475,islandpath_dimob
NC_016830.1,1190681,1204479,13798,islandpath_dimob
NC_016830.1,1651169,1658888,7719,islandpath_dimob
NC_016830.1,2630286,2662209,31923,islandpath_dimob
NC_016830.1,3704398,3714682,10284,islandpath_dimob
NC_016830.1,6003200,6034646,31446,islandpath_dimob
NC_016830.1,6596632,6605572,8940,islandpath_dimob
NC_016915.1,406228,413464,7236,islandpath_dimob
NC_016639.1,715948,724457,8509,islandpath_dimob
NC_016639.1,784580,792520,7940,islandpath_dimob
NC_016913.1,469954,475734,5780,islandpath_dimob
NC_016908.1,692575,699811,7236,islandpath_dimob
NC_017560.1,875902,897865,21963,islandpath_dimob
NC_017574.1,281269,310916,29647,islandpath_dimob
NC_017574.1,1004013,1022290,18277,islandpath_dimob
NC_017574.1,1221304,1234216,12912,islandpath_dimob
NC_017574.1,1342226,1366806,24580,islandpath_dimob
NC_017574.1,1587914,1592756,4842,islandpath_dimob
NC_017574.1,1596782,1617249,20467,islandpath_dimob
NC_017574.1,1691855,1701750,9895,islandpath_dimob
NC_017574.1,2643607,2655420,11813,islandpath_dimob
NC_017574.1,2845509,2855271,9762,islandpath_dimob
NC_017574.1,2922449,2936040,13591,islandpath_dimob
NC_017574.1,2950900,2966585,15685,islandpath_dimob
NC_017056.1,873193,901945,28752,islandpath_dimob
NC_017065.1,717700,722524,4824,islandpath_dimob
NC_017065.1,784591,791193,6602,islandpath_dimob
NC_017058.1,421694,432452,10758,islandpath_dimob
NC_017058.1,650335,654406,4071,islandpath_dimob
NC_017058.1,664362,673597,9235,islandpath_dimob
NC_017058.1,1021395,1031192,9797,islandpath_dimob
NC_017058.1,1218215,1222298,4083,islandpath_dimob
NC_017043.1,116041,153080,37039,islandpath_dimob
NC_017043.1,609803,644779,34976,islandpath_dimob
NC_017049.1,871303,899981,28678,islandpath_dimob
NC_017051.1,870534,899212,28678,islandpath_dimob
NC_017050.1,873196,901629,28433,islandpath_dimob
NC_017044.1,696210,727567,31357,islandpath_dimob
NC_017057.1,873575,903393,29818,islandpath_dimob
NC_017059.1,10020,56070,46050,islandpath_dimob
NC_017059.1,289368,294236,4868,islandpath_dimob
NC_017059.1,885688,898137,12449,islandpath_dimob
NC_017059.1,1903767,1944792,41025,islandpath_dimob
NC_017059.1,2058404,2068523,10119,islandpath_dimob
NC_017059.1,2336857,2358781,21924,islandpath_dimob
NC_017059.1,2751059,2758312,7253,islandpath_dimob
NC_017059.1,2839959,2859038,19079,islandpath_dimob
NC_017059.1,3409883,3423052,13169,islandpath_dimob
NC_017048.1,102182,133233,31051,islandpath_dimob
NC_017569.1,256621,321564,64943,islandpath_dimob
NC_017569.1,548413,573921,25508,islandpath_dimob
NC_017569.1,951338,966880,15542,islandpath_dimob
NC_017045.1,2551,45775,43224,islandpath_dimob
NC_017045.1,1512875,1528421,15546,islandpath_dimob
NC_017045.1,1798076,1805579,7503,islandpath_dimob
NC_017045.1,1904648,1931057,26409,islandpath_dimob
NC_016931.1,568670,582663,13993,islandpath_dimob
NC_016931.1,1148226,1161541,13315,islandpath_dimob
NC_017042.1,66395,75676,9281,islandpath_dimob
NC_017042.1,200382,212379,11997,islandpath_dimob
NC_017042.1,708577,712055,3478,islandpath_dimob
NC_017042.1,771595,793599,22004,islandpath_dimob
NC_017042.1,849458,853690,4232,islandpath_dimob
NC_017042.1,968728,987654,18926,islandpath_dimob
NC_016929.1,1061250,1083199,21949,islandpath_dimob
NC_016930.1,684425,708295,23870,islandpath_dimob
NC_017584.1,422688,430563,7875,islandpath_dimob
NC_017584.1,961964,980821,18857,islandpath_dimob
NC_017584.1,3804260,3827531,23271,islandpath_dimob
NC_017584.1,4283765,4293442,9677,islandpath_dimob
NC_017623.1,459116,468302,9186,islandpath_dimob
NC_017623.1,1070372,1094041,23669,islandpath_dimob
NC_017623.1,1111521,1155993,44472,islandpath_dimob
NC_017623.1,1834892,1845529,10637,islandpath_dimob
NC_017623.1,1850554,1876934,26380,islandpath_dimob
NC_017623.1,2361510,2368014,6504,islandpath_dimob
NC_017623.1,2687871,2705845,17974,islandpath_dimob
NC_017623.1,3237674,3251390,13716,islandpath_dimob
NC_017623.1,3366588,3379184,12596,islandpath_dimob
NC_017623.1,3564536,3577192,12656,islandpath_dimob
NC_017623.1,3708500,3713629,5129,islandpath_dimob
NC_017623.1,3856007,3879070,23063,islandpath_dimob
NC_017068.1,296341,302380,6039,islandpath_dimob
NC_017068.1,509434,518340,8906,islandpath_dimob
NC_017068.1,1149673,1169847,20174,islandpath_dimob
NC_017068.1,1508310,1512955,4645,islandpath_dimob
NC_017068.1,1730092,1738939,8847,islandpath_dimob
NC_017068.1,1776104,1785569,9465,islandpath_dimob
NC_017068.1,1863983,1915507,51524,islandpath_dimob
NC_017068.1,2436960,2441802,4842,islandpath_dimob
NC_017068.1,2681918,2690598,8680,islandpath_dimob
NC_016831.1,954879,987571,32692,islandpath_dimob
NC_016831.1,1696510,1716402,19892,islandpath_dimob
NC_016831.1,1869707,1897840,28133,islandpath_dimob
NC_016831.1,2406020,2419592,13572,islandpath_dimob
NC_016831.1,3838881,3846412,7531,islandpath_dimob
NC_016831.1,4191245,4215644,24399,islandpath_dimob
NC_016831.1,4524424,4539260,14836,islandpath_dimob
NC_016863.1,323835,351324,27489,islandpath_dimob
NC_016863.1,782124,795212,13088,islandpath_dimob
NC_016863.1,926522,935594,9072,islandpath_dimob
NC_016863.1,1055877,1067187,11310,islandpath_dimob
NC_016863.1,1069158,1101349,32191,islandpath_dimob
NC_016863.1,1911159,1927518,16359,islandpath_dimob
NC_016863.1,2037166,2079972,42806,islandpath_dimob
NC_016863.1,2620640,2625663,5023,islandpath_dimob
NC_016863.1,2731090,2755337,24247,islandpath_dimob
NC_016863.1,2758056,2777695,19639,islandpath_dimob
NC_016863.1,2846647,2860592,13945,islandpath_dimob
NC_016863.1,2866121,2881650,15529,islandpath_dimob
NC_017075.1,685103,710732,25629,islandpath_dimob
NC_017075.1,1237036,1246690,9654,islandpath_dimob
NC_017075.1,1676897,1697815,20918,islandpath_dimob
NC_017075.1,1856385,1890968,34583,islandpath_dimob
NC_017075.1,1968419,1988600,20181,islandpath_dimob
NC_017075.1,2036992,2048250,11258,islandpath_dimob
NC_017075.1,2297462,2308796,11334,islandpath_dimob
NC_017075.1,2681983,2704103,22120,islandpath_dimob
NC_017075.1,2710561,2747290,36729,islandpath_dimob
NC_017075.1,3170775,3193573,22798,islandpath_dimob
NC_017075.1,4082571,4105282,22711,islandpath_dimob
NC_017075.1,4159376,4171044,11668,islandpath_dimob
NC_017075.1,4581786,4585974,4188,islandpath_dimob
NC_017075.1,4878757,4896223,17466,islandpath_dimob
NC_017573.1,340107,388021,47914,islandpath_dimob
NC_017573.1,1134828,1151980,17152,islandpath_dimob
NC_017573.1,2045991,2060014,14023,islandpath_dimob
NC_017573.1,2902836,2917508,14672,islandpath_dimob
NC_017573.1,4355473,4379652,24179,islandpath_dimob
NC_017573.1,4998655,5022729,24074,islandpath_dimob
NC_016810.1,781039,794127,13088,islandpath_dimob
NC_016810.1,924346,934514,10168,islandpath_dimob
NC_016810.1,1054795,1066105,11310,islandpath_dimob
NC_016810.1,2726717,2761403,34686,islandpath_dimob
NC_016810.1,2855616,2896067,40451,islandpath_dimob
NC_016810.1,2923005,2935738,12733,islandpath_dimob
NC_016854.1,327701,351321,23620,islandpath_dimob
NC_016854.1,368857,413137,44280,islandpath_dimob
NC_016854.1,820439,833526,13087,islandpath_dimob
NC_016854.1,963733,973901,10168,islandpath_dimob
NC_016854.1,1094166,1105415,11249,islandpath_dimob
NC_016854.1,1107250,1138903,31653,islandpath_dimob
NC_016854.1,2751152,2779959,28807,islandpath_dimob
NC_016854.1,2893404,2906147,12743,islandpath_dimob
NC_016854.1,3971863,3984103,12240,islandpath_dimob
NC_016901.1,671703,699427,27724,islandpath_dimob
NC_016901.1,712094,751168,39074,islandpath_dimob
NC_016901.1,928777,944799,16022,islandpath_dimob
NC_016901.1,1999486,2029841,30355,islandpath_dimob
NC_016901.1,2070482,2084009,13527,islandpath_dimob
NC_016901.1,2354482,2379230,24748,islandpath_dimob
NC_016901.1,2602278,2617710,15432,islandpath_dimob
NC_016901.1,3945545,3970215,24670,islandpath_dimob
NC_016901.1,4056814,4062120,5306,islandpath_dimob
NC_016901.1,4269143,4277255,8112,islandpath_dimob
NC_016901.1,4321836,4329993,8157,islandpath_dimob
NC_017571.1,147265,160031,12766,islandpath_dimob
NC_017571.1,266914,311763,44849,islandpath_dimob
NC_017571.1,753334,779831,26497,islandpath_dimob
NC_017571.1,792498,831568,39070,islandpath_dimob
NC_017571.1,1637503,1665057,27554,islandpath_dimob
NC_017571.1,2138435,2172383,33948,islandpath_dimob
NC_017579.1,780285,793362,13077,islandpath_dimob
NC_017579.1,1322988,1334617,11629,islandpath_dimob
NC_017579.1,1552696,1557963,5267,islandpath_dimob
NC_017579.1,2217755,2228593,10838,islandpath_dimob
NC_017579.1,2347725,2365546,17821,islandpath_dimob
NC_017579.1,2816722,2826406,9684,islandpath_dimob
NC_017579.1,3198383,3211777,13394,islandpath_dimob
NC_017579.1,4215701,4236777,21076,islandpath_dimob
NC_017579.1,4257837,4265013,7176,islandpath_dimob
NC_017579.1,4305642,4318714,13072,islandpath_dimob
NC_017579.1,4740808,4752326,11518,islandpath_dimob
NC_017579.1,4952522,4998572,46050,islandpath_dimob
NC_017046.1,781026,794113,13087,islandpath_dimob
NC_017046.1,924329,934496,10167,islandpath_dimob
NC_017046.1,1053380,1066129,12749,islandpath_dimob
NC_017046.1,1070526,1100292,29766,islandpath_dimob
NC_017046.1,1908942,1924853,15911,islandpath_dimob
NC_017046.1,2726084,2752668,26584,islandpath_dimob
NC_017046.1,2854855,2911049,56194,islandpath_dimob
NC_017046.1,2921746,2934356,12610,islandpath_dimob
NC_016856.1,329200,352227,23027,islandpath_dimob
NC_016856.1,782125,794373,12248,islandpath_dimob
NC_016856.1,1056587,1068230,11643,islandpath_dimob
NC_016856.1,1069868,1102059,32191,islandpath_dimob
NC_016856.1,1284622,1296480,11858,islandpath_dimob
NC_016856.1,1306078,1345958,39880,islandpath_dimob
NC_016856.1,2093114,2132619,39505,islandpath_dimob
NC_017524.1,830465,851948,21483,islandpath_dimob
NC_017524.1,920700,933286,12586,islandpath_dimob
NC_017524.1,1688441,1697919,9478,islandpath_dimob
NC_017524.1,1970635,1991725,21090,islandpath_dimob
NC_017524.1,2033658,2047873,14215,islandpath_dimob
NC_017524.1,2260369,2265158,4789,islandpath_dimob
NC_017524.1,2628574,2637939,9365,islandpath_dimob
NC_017524.1,2965025,2972202,7177,islandpath_dimob
NC_017524.1,3115626,3133334,17708,islandpath_dimob
NC_017524.1,3190380,3197229,6849,islandpath_dimob
NC_017524.1,3723077,3768221,45144,islandpath_dimob
NC_017524.1,3796299,3804629,8330,islandpath_dimob
NC_016947.1,1561533,1578635,17102,islandpath_dimob
NC_016947.1,2429321,2446477,17156,islandpath_dimob
NC_016947.1,3686308,3698086,11778,islandpath_dimob
NC_016947.1,4505542,4517672,12130,islandpath_dimob
NC_016947.1,4802307,4815465,13158,islandpath_dimob
NC_016947.1,5058183,5072232,14049,islandpath_dimob
NC_016948.1,418194,435214,17020,islandpath_dimob
NC_016948.1,1699489,1708259,8770,islandpath_dimob
NC_016948.1,2039684,2049878,10194,islandpath_dimob
NC_016948.1,2791326,2797743,6417,islandpath_dimob
NC_016948.1,2938472,2950956,12484,islandpath_dimob
NC_016948.1,3732735,3750316,17581,islandpath_dimob
NC_016948.1,3810071,3822119,12048,islandpath_dimob
NC_016948.1,4897853,4908432,10579,islandpath_dimob
NC_017512.1,996184,1004092,7908,islandpath_dimob
NC_017512.1,1296216,1306238,10022,islandpath_dimob
NC_016604.1,899773,940762,40989,islandpath_dimob
NC_016604.1,2561464,2583526,22062,islandpath_dimob
NC_016604.1,2890125,2934812,44687,islandpath_dimob
NC_016604.1,2962257,3022746,60489,islandpath_dimob
NC_016604.1,3043649,3074411,30762,islandpath_dimob
NC_016604.1,3082487,3108750,26263,islandpath_dimob
NC_016604.1,3228978,3238439,9461,islandpath_dimob
NC_016604.1,3485635,3493484,7849,islandpath_dimob
NC_016604.1,6200766,6220415,19649,islandpath_dimob
NC_017501.1,519627,606488,86861,islandpath_dimob
NC_017513.1,73815,87249,13434,islandpath_dimob
NC_017513.1,138609,159192,20583,islandpath_dimob
NC_017513.1,455459,487659,32200,islandpath_dimob
NC_017513.1,555373,573419,18046,islandpath_dimob
NC_017513.1,618512,641564,23052,islandpath_dimob
NC_017513.1,891176,901728,10552,islandpath_dimob
NC_017513.1,1335180,1353399,18219,islandpath_dimob
NC_017513.1,2043668,2049878,6210,islandpath_dimob
NC_017514.1,67421,81055,13634,islandpath_dimob
NC_017514.1,453276,500188,46912,islandpath_dimob
NC_017514.1,871036,881941,10905,islandpath_dimob
NC_017514.1,1643038,1657080,14042,islandpath_dimob
NC_017514.1,1724839,1765127,40288,islandpath_dimob
NC_017514.1,2101450,2122210,20760,islandpath_dimob
NC_017514.1,2170819,2185870,15051,islandpath_dimob
NC_017516.1,105931,113027,7096,islandpath_dimob
NC_017516.1,146160,167230,21070,islandpath_dimob
NC_017516.1,888010,899761,11751,islandpath_dimob
NC_017516.1,1760890,1792197,31307,islandpath_dimob
NC_017516.1,1797102,1839686,42584,islandpath_dimob
NC_017516.1,2190258,2202269,12011,islandpath_dimob
NC_017505.1,505622,542369,36747,islandpath_dimob
NC_017505.1,1521413,1529224,7811,islandpath_dimob
NC_017505.1,1787103,1840759,53656,islandpath_dimob
NC_017517.1,107567,114467,6900,islandpath_dimob
NC_017517.1,131266,139431,8165,islandpath_dimob
NC_017517.1,148424,170657,22233,islandpath_dimob
NC_017517.1,524654,569956,45302,islandpath_dimob
NC_017517.1,1412785,1424513,11728,islandpath_dimob
NC_017517.1,1810551,1850360,39809,islandpath_dimob
NC_017517.1,2139935,2145355,5420,islandpath_dimob
NC_017515.1,43707,51139,7432,islandpath_dimob
NC_017515.1,81215,93815,12600,islandpath_dimob
NC_017515.1,111904,119001,7097,islandpath_dimob
NC_017515.1,151883,173212,21329,islandpath_dimob
NC_017515.1,1749848,1789618,39770,islandpath_dimob
NC_017515.1,1794577,1844164,49587,islandpath_dimob
NC_017515.1,1860246,1866579,6333,islandpath_dimob
NC_017515.1,2198538,2212739,14201,islandpath_dimob
NC_017518.1,69148,82135,12987,islandpath_dimob
NC_017518.1,107055,113955,6900,islandpath_dimob
NC_017518.1,147238,168580,21342,islandpath_dimob
NC_017518.1,316601,321046,4445,islandpath_dimob
NC_017518.1,584468,610363,25895,islandpath_dimob
NC_017518.1,678076,689940,11864,islandpath_dimob
NC_017518.1,1453478,1464383,10905,islandpath_dimob
NC_017518.1,1847578,1918896,71318,islandpath_dimob
NC_016745.1,782135,802806,20671,islandpath_dimob
NC_016745.1,1893802,1905233,11431,islandpath_dimob
NC_016745.1,2035828,2063431,27603,islandpath_dimob
NC_016745.1,2233418,2245280,11862,islandpath_dimob
NC_016745.1,2285710,2306397,20687,islandpath_dimob
NC_017511.1,856303,865833,9530,islandpath_dimob
NC_017511.1,1499223,1509163,9940,islandpath_dimob
NC_017860.1,195632,221785,26153,islandpath_dimob
NC_017860.1,408499,436034,27535,islandpath_dimob
NC_017860.1,439722,453921,14199,islandpath_dimob
NC_016808.1,265635,288371,22736,islandpath_dimob
NC_016808.1,292568,328617,36049,islandpath_dimob
NC_016808.1,334639,339279,4640,islandpath_dimob
NC_016808.1,1675230,1691507,16277,islandpath_dimob
NC_016808.1,1951670,1965063,13393,islandpath_dimob
NC_017764.1,278981,291876,12895,islandpath_dimob
NC_017764.1,1378526,1389758,11232,islandpath_dimob
NC_017764.1,2137547,2143116,5569,islandpath_dimob
NC_017027.1,908126,921317,13191,islandpath_dimob
NC_017027.1,1483626,1526305,42679,islandpath_dimob
NC_017027.1,2166361,2177356,10995,islandpath_dimob
NC_016609.1,614750,628868,14118,islandpath_dimob
NC_016609.1,1309497,1325874,16377,islandpath_dimob
NC_016609.1,4238499,4287191,48692,islandpath_dimob
NC_016609.1,5005075,5027916,22841,islandpath_dimob
NC_016609.1,6043398,6055068,11670,islandpath_dimob
NC_016609.1,6078624,6108728,30104,islandpath_dimob
NC_016609.1,6753439,6784457,31018,islandpath_dimob
NC_016609.1,7445765,7457161,11396,islandpath_dimob
NC_016609.1,7594005,7625562,31557,islandpath_dimob
NC_016599.1,896120,918713,22593,islandpath_dimob
NC_016599.1,1591418,1610466,19048,islandpath_dimob
NC_016599.1,1769123,1783094,13971,islandpath_dimob
NC_016599.1,2114096,2137468,23372,islandpath_dimob
NC_016599.1,2270184,2284667,14483,islandpath_dimob
NC_016599.1,3568432,3650584,82152,islandpath_dimob
NC_016599.1,3821095,3848220,27125,islandpath_dimob
NC_016887.1,283890,289648,5758,islandpath_dimob
NC_016887.1,387347,401392,14045,islandpath_dimob
NC_016887.1,1098217,1110598,12381,islandpath_dimob
NC_016887.1,1719317,1750972,31655,islandpath_dimob
NC_016887.1,3024677,3031340,6663,islandpath_dimob
NC_016887.1,3145497,3174870,29373,islandpath_dimob
NC_016887.1,3316650,3341023,24373,islandpath_dimob
NC_016816.1,444652,469648,24996,islandpath_dimob
NC_016816.1,683133,690540,7407,islandpath_dimob
NC_016816.1,795978,818601,22623,islandpath_dimob
NC_016816.1,1144913,1173122,28209,islandpath_dimob
NC_016816.1,1552532,1574926,22394,islandpath_dimob
NC_016816.1,1912366,1926383,14017,islandpath_dimob
NC_016816.1,2692420,2711309,18889,islandpath_dimob
NC_016816.1,2929502,2975379,45877,islandpath_dimob
NC_016816.1,4125502,4151054,25552,islandpath_dimob
NC_016816.1,4166685,4178807,12122,islandpath_dimob
NC_016816.1,4199297,4241900,42603,islandpath_dimob
NC_016605.1,590634,603678,13044,islandpath_dimob
NC_017531.1,1170911,1186869,15958,islandpath_dimob
NC_017531.1,1505731,1525649,19918,islandpath_dimob
NC_017531.1,2657980,2676096,18116,islandpath_dimob
NC_017531.1,3028110,3056482,28372,islandpath_dimob
NC_017531.1,3409369,3433277,23908,islandpath_dimob
NC_017861.1,473714,498840,25126,islandpath_dimob
NC_017861.1,786811,843100,56289,islandpath_dimob
NC_017861.1,917851,927166,9315,islandpath_dimob
NC_017861.1,928276,950375,22099,islandpath_dimob
NC_017861.1,984970,990580,5610,islandpath_dimob
NC_017861.1,1038291,1053061,14770,islandpath_dimob
NC_017861.1,1606630,1630279,23649,islandpath_dimob
NC_017861.1,2039432,2055907,16475,islandpath_dimob
NC_017538.1,350339,386868,36529,islandpath_dimob
NC_017538.1,531101,556034,24933,islandpath_dimob
NC_017538.1,2006471,2046842,40371,islandpath_dimob
NC_017538.1,2374642,2387894,13252,islandpath_dimob
NC_017538.1,3111149,3130972,19823,islandpath_dimob
NC_017542.1,257645,288032,30387,islandpath_dimob
NC_017542.1,608865,615610,6745,islandpath_dimob
NC_017542.1,1726320,1787976,61656,islandpath_dimob
NC_017542.1,1795383,1805021,9638,islandpath_dimob
NC_017542.1,1916115,1920374,4259,islandpath_dimob
NC_017542.1,2290594,2305984,15390,islandpath_dimob
NC_017542.1,2579153,2594225,15072,islandpath_dimob
NC_017542.1,2852049,2886021,33972,islandpath_dimob
NC_017542.1,3182286,3193672,11386,islandpath_dimob
NC_017542.1,3246271,3259636,13365,islandpath_dimob
NC_017542.1,3561751,3569555,7804,islandpath_dimob
NC_017542.1,3571499,3587150,15651,islandpath_dimob
NC_017554.1,444569,469571,25002,islandpath_dimob
NC_017554.1,678566,687079,8513,islandpath_dimob
NC_017554.1,828821,848920,20099,islandpath_dimob
NC_017554.1,1172974,1195453,22479,islandpath_dimob
NC_017554.1,2688776,2708851,20075,islandpath_dimob
NC_017554.1,2748665,2758364,9699,islandpath_dimob
NC_017554.1,3364587,3394907,30320,islandpath_dimob
NC_017554.1,3951729,3977216,25487,islandpath_dimob
NC_017554.1,4112330,4123521,11191,islandpath_dimob
NC_017554.1,4144361,4162833,18472,islandpath_dimob
NC_016512.1,1623185,1629218,6033,islandpath_dimob
NC_016512.1,2430897,2460644,29747,islandpath_dimob
NC_016511.1,916840,922866,6026,islandpath_dimob
NC_016511.1,1624002,1629748,5746,islandpath_dimob
NC_016511.1,2215701,2225036,9335,islandpath_dimob
NC_016641.1,105192,117954,12762,islandpath_dimob
NC_016641.1,248753,255758,7005,islandpath_dimob
NC_016641.1,464071,473489,9418,islandpath_dimob
NC_016641.1,727629,741410,13781,islandpath_dimob
NC_016641.1,1377715,1383172,5457,islandpath_dimob
NC_016641.1,1427572,1434088,6516,islandpath_dimob
NC_016641.1,2038121,2046315,8194,islandpath_dimob
NC_016641.1,2591084,2602447,11363,islandpath_dimob
NC_016641.1,2613088,2622518,9430,islandpath_dimob
NC_016641.1,3059871,3068679,8808,islandpath_dimob
NC_016641.1,3780594,3802262,21668,islandpath_dimob
NC_016641.1,4866134,4874131,7997,islandpath_dimob
NC_016641.1,5185446,5206677,21231,islandpath_dimob
NC_016641.1,5678697,5691867,13170,islandpath_dimob
NC_016641.1,5885117,5900583,15466,islandpath_dimob
NC_017080.1,582502,593777,11275,islandpath_dimob
NC_017080.1,2081974,2092458,10484,islandpath_dimob
NC_017080.1,2345176,2357457,12281,islandpath_dimob
NC_017080.1,3784921,3791383,6462,islandpath_dimob
NC_016516.1,907658,913684,6026,islandpath_dimob
NC_016516.1,1614628,1620856,6228,islandpath_dimob
NC_016516.1,2205363,2215896,10533,islandpath_dimob
NC_017550.1,692865,698612,5747,islandpath_dimob
NC_017534.1,482761,487814,5053,islandpath_dimob
NC_017534.1,912023,922134,10111,islandpath_dimob
NC_017534.1,1624345,1630184,5839,islandpath_dimob
NC_017534.1,2210286,2220821,10535,islandpath_dimob
NC_016935.1,784113,806820,22707,islandpath_dimob
NC_016935.1,1370045,1393121,23076,islandpath_dimob
NC_016935.1,1398744,1423280,24536,islandpath_dimob
NC_016935.1,1431909,1468330,36421,islandpath_dimob
NC_016935.1,1642246,1648957,6711,islandpath_dimob
NC_016935.1,1696531,1706052,9521,islandpath_dimob
NC_016935.1,1870318,1887649,17331,islandpath_dimob
NC_016935.1,2261562,2273550,11988,islandpath_dimob
NC_016935.1,2418880,2437210,18330,islandpath_dimob
NC_016935.1,3685779,3693912,8133,islandpath_dimob
NC_016935.1,3903235,3911650,8415,islandpath_dimob
NC_016935.1,4125496,4180138,54642,islandpath_dimob
NC_016935.1,4184986,4211275,26289,islandpath_dimob
NC_016935.1,4406098,4414754,8656,islandpath_dimob
NC_016935.1,6487212,6496947,9735,islandpath_dimob
NC_016935.1,7878284,7907836,29552,islandpath_dimob
NC_017731.1,666263,700178,33915,islandpath_dimob
NC_017731.1,1150912,1162241,11329,islandpath_dimob
NC_017731.1,1832732,1857796,25064,islandpath_dimob
NC_017731.1,2595594,2602497,6903,islandpath_dimob
NC_017731.1,2686302,2699522,13220,islandpath_dimob
NC_017731.1,2780340,2790915,10575,islandpath_dimob
NC_017731.1,2846689,2857197,10508,islandpath_dimob
NC_017731.1,3670272,3678537,8265,islandpath_dimob
NC_017731.1,3782770,3806513,23743,islandpath_dimob
NC_017672.1,617767,628625,10858,islandpath_dimob
NC_017672.1,796847,808964,12117,islandpath_dimob
NC_017672.1,1405746,1466320,60574,islandpath_dimob
NC_017672.1,1689278,1707912,18634,islandpath_dimob
NC_017672.1,1710999,1767789,56790,islandpath_dimob
NC_017672.1,1868205,1884896,16691,islandpath_dimob
NC_017672.1,2271409,2291485,20076,islandpath_dimob
NC_017523.1,3781792,3791556,9764,islandpath_dimob
NC_017523.1,3521967,3532235,10268,islandpath_dimob
NC_017523.1,3708330,3756507,48177,islandpath_dimob
NC_017523.1,2612295,2622902,10607,islandpath_dimob
NC_017523.1,3101062,3110554,9492,islandpath_dimob
NC_017523.1,2022580,2035776,13196,islandpath_dimob
NC_017523.1,1970040,1989033,18993,islandpath_dimob
NC_017523.1,828426,849927,21501,islandpath_dimob
NC_016804.1,3764815,3773202,8387,islandpath_dimob
NC_016804.1,3696776,3736727,39951,islandpath_dimob
NC_016804.1,3127526,3134312,6786,islandpath_dimob
NC_016804.1,3053452,3070363,16911,islandpath_dimob
NC_016804.1,1956569,1982840,26271,islandpath_dimob
NC_016804.1,921891,936275,14384,islandpath_dimob
NC_016804.1,832557,853528,20971,islandpath_dimob
NC_017519.1,560924,569106,8182,islandpath_dimob
NC_017519.1,409339,415271,5932,islandpath_dimob
NC_017522.1,3791128,3797273,6145,islandpath_dimob
NC_017519.1,245345,259510,14165,islandpath_dimob
NC_017522.1,3716008,3765775,49767,islandpath_dimob
NC_017522.1,3529869,3542375,12506,islandpath_dimob
NC_017522.1,3107461,3117175,9714,islandpath_dimob
NC_017522.1,2616120,2632355,16235,islandpath_dimob
NC_017522.1,1971666,1989412,17746,islandpath_dimob
NC_017522.1,827166,848493,21327,islandpath_dimob
NC_017528.1,3794206,3802150,7944,islandpath_dimob
NC_017528.1,3722015,3749560,27545,islandpath_dimob
NC_017528.1,3545674,3549656,3982,islandpath_dimob
NC_017528.1,3114663,3130433,15770,islandpath_dimob
NC_017528.1,2626870,2639264,12394,islandpath_dimob
NC_017528.1,922118,933689,11571,islandpath_dimob
NC_016768.1,3790489,3798819,8330,islandpath_dimob
NC_017026.1,3721689,3740511,18822,islandpath_dimob
NC_017026.1,3769348,3776830,7482,islandpath_dimob
NC_017857.1,719657,748441,28784,islandpath_dimob
NC_017857.1,847620,859291,11671,islandpath_dimob
NC_017857.1,923180,938719,15539,islandpath_dimob
NC_017857.1,1002529,1014936,12407,islandpath_dimob
NC_017857.1,1679071,1688654,9583,islandpath_dimob
NC_017857.1,1811135,1821829,10694,islandpath_dimob
NC_017857.1,1848196,1889781,41585,islandpath_dimob
NC_017857.1,1988286,2013894,25608,islandpath_dimob
NC_017857.1,2727199,2735411,8212,islandpath_dimob
NC_017857.1,3074971,3086289,11318,islandpath_dimob
NC_017026.1,696109,705204,9095,islandpath_dimob
NC_017026.1,921742,932157,10415,islandpath_dimob
NC_017026.1,2620699,2633018,12319,islandpath_dimob
NC_017026.1,3115341,3130448,15107,islandpath_dimob
NC_017026.1,3539536,3550729,11193,islandpath_dimob
NC_016768.1,3717258,3762402,45144,islandpath_dimob
NC_016768.1,2363488,2381799,18311,islandpath_dimob
NC_016768.1,2418488,2438246,19758,islandpath_dimob
NC_016768.1,2158659,2163719,5060,islandpath_dimob
NC_016768.1,1605930,1622261,16331,islandpath_dimob
NC_016768.1,1771548,1789306,17758,islandpath_dimob
NC_016768.1,1435808,1443636,7828,islandpath_dimob
NC_016768.1,921420,934607,13187,islandpath_dimob
NC_016768.1,1099013,1104936,5923,islandpath_dimob
NC_016768.1,1276747,1293109,16362,islandpath_dimob
NC_017502.1,587238,611374,24136,islandpath_dimob
NC_016768.1,831859,852668,20809,islandpath_dimob
NC_017026.1,4288684,4294000,5316,islandpath_dimob
NC_017509.1,867299,900166,32867,islandpath_dimob
NC_017857.1,341890,368019,26129,islandpath_dimob
NC_017856.1,2596138,2619056,22918,islandpath_dimob
NC_017856.1,1523793,1558715,34922,islandpath_dimob
NC_017856.1,1436474,1457741,21267,islandpath_dimob
NC_017856.1,862733,867871,5138,islandpath_dimob
NC_017856.1,956400,1001311,44911,islandpath_dimob
NC_017856.1,311794,321635,9841,islandpath_dimob
NC_017856.1,500850,549285,48435,islandpath_dimob
NC_017506.1,4385544,4406788,21244,islandpath_dimob
NC_017506.1,3245759,3262359,16600,islandpath_dimob
NC_017506.1,2090986,2113150,22164,islandpath_dimob
NC_017506.1,1774923,1799882,24959,islandpath_dimob
NC_017506.1,1107707,1114761,7054,islandpath_dimob
NC_017506.1,127780,150164,22384,islandpath_dimob
NC_017527.1,2365190,2381079,15889,islandpath_dimob
NC_017034.1,648329,660230,11901,islandpath_dimob
NC_017034.1,672529,684290,11761,islandpath_dimob
NC_017034.1,1148855,1163729,14874,islandpath_dimob
NC_017034.1,1433164,1441186,8022,islandpath_dimob
NC_017506.1,27808,49779,21971,islandpath_dimob
NC_017506.1,64160,90260,26100,islandpath_dimob
NC_017527.1,2307478,2319003,11525,islandpath_dimob
NC_017527.1,1999524,2019055,19531,islandpath_dimob
NC_017527.1,1279684,1297110,17426,islandpath_dimob
NC_017551.1,3857391,3870213,12822,islandpath_dimob
NC_017551.1,3692379,3721986,29607,islandpath_dimob
NC_017551.1,3443085,3452243,9158,islandpath_dimob
NC_017551.1,3378270,3393330,15060,islandpath_dimob
NC_017551.1,3279036,3312748,33712,islandpath_dimob
NC_017551.1,3235609,3254617,19008,islandpath_dimob
NC_017551.1,3162840,3190470,27630,islandpath_dimob
NC_017551.1,2662645,2669178,6533,islandpath_dimob
NC_017551.1,1910754,1924582,13828,islandpath_dimob
NC_017551.1,1802416,1826189,23773,islandpath_dimob
NC_017551.1,1790813,1798670,7857,islandpath_dimob
NC_017551.1,1776993,1785383,8390,islandpath_dimob
NC_017551.1,1740952,1774066,33114,islandpath_dimob
NC_017551.1,712537,741558,29021,islandpath_dimob
NC_017551.1,477130,491773,14643,islandpath_dimob
NC_017551.1,414567,425609,11042,islandpath_dimob
NC_017546.1,2409196,2424627,15431,islandpath_dimob
NC_017546.1,2765880,2774098,8218,islandpath_dimob
NC_017546.1,1244265,1256201,11936,islandpath_dimob
NC_017546.1,495059,519469,24410,islandpath_dimob
NC_017728.1,507816,520901,13085,islandpath_dimob
NC_017728.1,2085024,2097017,11993,islandpath_dimob
NC_017537.1,507331,514353,7022,islandpath_dimob
NC_017537.1,831959,841796,9837,islandpath_dimob
NC_017537.1,2166243,2179586,13343,islandpath_dimob
NC_017537.1,2697712,2704192,6480,islandpath_dimob
NC_016938.1,191128,207108,15980,islandpath_dimob
NC_016751.1,39602,49367,9765,islandpath_dimob
NC_016751.1,301979,317369,15390,islandpath_dimob
NC_017545.1,1154217,1160812,6595,islandpath_dimob
NC_017537.1,71438,107959,36521,islandpath_dimob
NC_017545.1,509660,524070,14410,islandpath_dimob
NC_017545.1,345730,399191,53461,islandpath_dimob
NC_017547.1,1135646,1141856,6210,islandpath_dimob
NC_017544.1,2339408,2361209,21801,islandpath_dimob
NC_017547.1,832795,842921,10126,islandpath_dimob
NC_017547.1,172126,181879,9753,islandpath_dimob
NC_017094.1,2331776,2350775,18999,islandpath_dimob
NC_017094.1,1342630,1352699,10069,islandpath_dimob
NC_017094.1,1322143,1333696,11553,islandpath_dimob
NC_017094.1,537897,548685,10788,islandpath_dimob
NC_017094.1,345431,364196,18765,islandpath_dimob
NC_016811.1,1125410,1144897,19487,islandpath_dimob
NC_016811.1,2271476,2278674,7198,islandpath_dimob
NC_016811.1,2319781,2328793,9012,islandpath_dimob
NC_016811.1,170050,185569,15519,islandpath_dimob
NC_017529.1,2700746,2706011,5265,islandpath_dimob
NC_017529.1,2167952,2181641,13689,islandpath_dimob
NC_017529.1,834002,843838,9836,islandpath_dimob
NC_017529.1,509445,516065,6620,islandpath_dimob
NC_017529.1,71438,108403,36965,islandpath_dimob
NC_016805.1,1212456,1218463,6007,islandpath_dimob
NC_016805.1,987451,1011192,23741,islandpath_dimob
NC_016612.1,5253880,5271301,17421,islandpath_dimob
NC_016612.1,4796828,4806781,9953,islandpath_dimob
NC_016612.1,4430240,4438290,8050,islandpath_dimob
NC_016612.1,3809103,3834599,25496,islandpath_dimob
NC_016612.1,3512721,3538172,25451,islandpath_dimob
NC_016612.1,2017107,2031094,13987,islandpath_dimob
NC_016612.1,1331405,1338329,6924,islandpath_dimob
NC_016612.1,445706,497690,51984,islandpath_dimob
NC_016612.1,27486,61569,34083,islandpath_dimob
NC_017552.1,302636,310997,8361,islandpath_dimob
NC_017552.1,216334,228892,12558,islandpath_dimob
NC_016845.1,3243798,3257011,13213,islandpath_dimob
NC_016845.1,3474219,3499702,25483,islandpath_dimob
NC_016845.1,3555090,3587723,32633,islandpath_dimob
NC_016845.1,2289429,2295812,6383,islandpath_dimob
NC_016845.1,1778390,1794003,15613,islandpath_dimob
NC_016845.1,902508,906671,4163,islandpath_dimob
NC_016845.1,1245696,1255079,9383,islandpath_dimob
NC_016845.1,1284039,1290953,6914,islandpath_dimob
NC_017474.1,3023247,3037459,14212,islandpath_dimob
NC_016845.1,594569,605255,10686,islandpath_dimob
NC_017474.1,2831205,2840453,9248,islandpath_dimob
NC_017474.1,2316499,2321320,4821,islandpath_dimob
NC_017474.1,2052463,2058811,6348,islandpath_dimob
NC_017474.1,2065965,2070649,4684,islandpath_dimob
NC_017474.1,2208119,2219413,11294,islandpath_dimob
NC_017474.1,1378848,1388480,9632,islandpath_dimob
NC_017474.1,1201947,1210008,8061,islandpath_dimob
NC_017474.1,1035474,1069107,33633,islandpath_dimob
NC_017474.1,610704,617530,6826,islandpath_dimob
NC_017474.1,620306,627321,7015,islandpath_dimob
NC_017474.1,920789,953601,32812,islandpath_dimob
NC_017474.1,350205,361895,11690,islandpath_dimob
NC_017474.1,554503,562821,8318,islandpath_dimob
NC_017474.1,566989,581509,14520,islandpath_dimob
NC_017467.1,2008588,2023598,15010,islandpath_dimob
NC_017467.1,1978152,2006100,27948,islandpath_dimob
NC_017467.1,1853964,1859660,5696,islandpath_dimob
NC_017467.1,730240,735563,5323,islandpath_dimob
NC_017467.1,957181,965295,8114,islandpath_dimob
NC_017467.1,533571,541684,8113,islandpath_dimob
NC_017467.1,475115,494753,19638,islandpath_dimob
NC_017467.1,228994,238129,9135,islandpath_dimob
NC_017467.1,285407,321536,36129,islandpath_dimob
NC_017540.1,4514839,4537851,23012,islandpath_dimob
NC_017540.1,4226518,4238476,11958,islandpath_dimob
NC_017540.1,3235742,3253159,17417,islandpath_dimob
NC_017540.1,3736727,3748959,12232,islandpath_dimob
NC_017540.1,4118418,4153461,35043,islandpath_dimob
NC_017540.1,3161775,3173176,11401,islandpath_dimob
NC_017540.1,2883634,2891808,8174,islandpath_dimob
NC_017540.1,1036116,1042423,6307,islandpath_dimob
NC_017540.1,1533988,1541533,7545,islandpath_dimob
NC_017540.1,2750810,2767019,16209,islandpath_dimob
NC_017540.1,997799,1007181,9382,islandpath_dimob
NC_017540.1,322559,345480,22921,islandpath_dimob
NC_017473.1,2992363,3006575,14212,islandpath_dimob
NC_017473.1,2035079,2039763,4684,islandpath_dimob
NC_017473.1,2175248,2188527,13279,islandpath_dimob
NC_017473.1,2800320,2810453,10133,islandpath_dimob
NC_017473.1,2861902,2875358,13456,islandpath_dimob
NC_017473.1,1212059,1220120,8061,islandpath_dimob
NC_017473.1,1347959,1357946,9987,islandpath_dimob
NC_017473.1,2020826,2028990,8164,islandpath_dimob
NC_017473.1,1044017,1079217,35200,islandpath_dimob
NC_017473.1,631240,637418,6178,islandpath_dimob
NC_017473.1,930899,963711,32812,islandpath_dimob
NC_017473.1,620958,627627,6669,islandpath_dimob
NC_017473.1,569574,584451,14877,islandpath_dimob
NC_017473.1,557445,565763,8318,islandpath_dimob
NC_017473.1,352906,364151,11245,islandpath_dimob
NC_017469.1,1786899,1799619,12720,islandpath_dimob
NC_017482.1,2086127,2104081,17954,islandpath_dimob
NC_017482.1,2944011,2957778,13767,islandpath_dimob
NC_017469.1,198961,209504,10543,islandpath_dimob
NC_017469.1,1075515,1102135,26620,islandpath_dimob
NC_017469.1,1388963,1400397,11434,islandpath_dimob
NC_017469.1,1665100,1673238,8138,islandpath_dimob
NC_017469.1,1674735,1691466,16731,islandpath_dimob
NC_017482.1,1524036,1561886,37850,islandpath_dimob
NC_017482.1,1983264,1997137,13873,islandpath_dimob
NC_017482.1,1099238,1141760,42522,islandpath_dimob
NC_017482.1,517059,523911,6852,islandpath_dimob
NC_017482.1,441216,459823,18607,islandpath_dimob
NC_017482.1,395953,426433,30480,islandpath_dimob
NC_004567.2,1100936,1107082,6146,islandpath_dimob
NC_004567.2,1666961,1675499,8538,islandpath_dimob
NC_004567.2,1804813,1814571,9758,islandpath_dimob
NC_004567.2,2161730,2204375,42645,islandpath_dimob
NC_004567.2,588155,621138,32983,islandpath_dimob
NC_017465.1,2016872,2041230,24358,islandpath_dimob
NC_017465.1,1958441,1977167,18726,islandpath_dimob
NC_017465.1,1191521,1219121,27600,islandpath_dimob
NC_017465.1,1584223,1614351,30128,islandpath_dimob
NC_017465.1,1769828,1787670,17842,islandpath_dimob
NC_017465.1,753596,828771,75175,islandpath_dimob
NC_017465.1,536764,580402,43638,islandpath_dimob
NC_017491.1,2550835,2582455,31620,islandpath_dimob
NC_017491.1,2507803,2541241,33438,islandpath_dimob
NC_017491.1,1990152,2005890,15738,islandpath_dimob
NC_017490.1,1372164,1378620,6456,islandpath_dimob
NC_017490.1,1769776,1781355,11579,islandpath_dimob
NC_017490.1,1118560,1134429,15869,islandpath_dimob
NC_017492.1,1995399,2000815,5416,islandpath_dimob
NC_017492.1,2144326,2150111,5785,islandpath_dimob
NC_017492.1,2218557,2242461,23904,islandpath_dimob
NC_017492.1,1813470,1825309,11839,islandpath_dimob
NC_017492.1,1934307,1938982,4675,islandpath_dimob
NC_017492.1,1400685,1407678,6993,islandpath_dimob
NC_017492.1,1688493,1696858,8365,islandpath_dimob
NC_017492.1,1780461,1785357,4896,islandpath_dimob
NC_017492.1,997791,1003954,6163,islandpath_dimob
NC_017492.1,1054745,1066464,11719,islandpath_dimob
NC_017492.1,974033,979068,5035,islandpath_dimob
NC_017492.1,980437,988062,7625,islandpath_dimob
NC_017492.1,876932,887977,11045,islandpath_dimob
NC_017492.1,920590,926716,6126,islandpath_dimob
NC_017492.1,694680,699103,4423,islandpath_dimob
NC_017492.1,495631,501806,6175,islandpath_dimob
NC_017492.1,674563,682854,8291,islandpath_dimob
NC_017492.1,35107,39145,4038,islandpath_dimob
NC_017492.1,101211,109612,8401,islandpath_dimob
NC_017492.1,111115,115517,4402,islandpath_dimob
NC_017492.1,183696,189265,5569,islandpath_dimob
NC_017486.1,1930918,1937861,6943,islandpath_dimob
NC_017486.1,2269130,2283352,14222,islandpath_dimob
NC_017486.1,640781,651942,11161,islandpath_dimob
NC_017486.1,1239323,1250021,10698,islandpath_dimob
NC_017486.1,594942,615874,20932,islandpath_dimob
NC_017486.1,557277,568233,10956,islandpath_dimob
NC_017486.1,36265,50942,14677,islandpath_dimob
NC_017477.1,1832433,1842875,10442,islandpath_dimob
NC_017477.1,1750642,1761034,10392,islandpath_dimob
NC_017477.1,1215979,1227208,11229,islandpath_dimob
NC_017477.1,1609909,1629065,19156,islandpath_dimob
NC_017477.1,1160862,1169263,8401,islandpath_dimob
NC_017477.1,519617,533887,14270,islandpath_dimob
NC_017464.1,2656013,2668972,12959,islandpath_dimob
NC_017477.1,383207,403518,20311,islandpath_dimob
NC_017464.1,1619711,1631408,11697,islandpath_dimob
NC_017464.1,1537609,1549349,11740,islandpath_dimob
NC_017464.1,977550,992538,14988,islandpath_dimob
NC_017464.1,182904,196543,13639,islandpath_dimob
NC_017464.1,743878,769270,25392,islandpath_dimob
NC_017464.1,97724,113055,15331,islandpath_dimob
NC_017481.1,1733067,1741232,8165,islandpath_dimob
NC_017481.1,1612588,1652907,40319,islandpath_dimob
NC_017481.1,783015,799745,16730,islandpath_dimob
NC_017481.1,471421,479002,7581,islandpath_dimob
NC_017481.1,743729,752203,8474,islandpath_dimob
NC_017481.1,447945,456886,8941,islandpath_dimob
NC_017384.1,1497701,1506414,8713,islandpath_dimob
NC_017384.1,1516485,1523858,7373,islandpath_dimob
NC_017384.1,1534694,1548361,13667,islandpath_dimob
NC_017384.1,634375,642079,7704,islandpath_dimob
NC_017384.1,786437,805043,18606,islandpath_dimob
NC_017470.1,1673483,1698019,24536,islandpath_dimob
NC_017470.1,1388911,1407503,18592,islandpath_dimob
NC_017470.1,1273564,1284901,11337,islandpath_dimob
NC_017470.1,462369,484309,21940,islandpath_dimob
NC_017470.1,1021107,1042761,21654,islandpath_dimob
NC_017161.1,1095140,1102461,7321,islandpath_dimob
NC_017161.1,930503,946635,16132,islandpath_dimob
NC_017161.1,836566,849102,12536,islandpath_dimob
NC_017161.1,816387,835012,18625,islandpath_dimob
NC_017161.1,512381,531607,19226,islandpath_dimob
NC_017361.1,1527440,1569259,41819,islandpath_dimob
NC_017361.1,932103,975434,43331,islandpath_dimob
NC_017739.1,1545501,1593416,47915,islandpath_dimob
NC_017739.1,1147768,1185458,37690,islandpath_dimob
NC_017740.1,1557865,1563664,5799,islandpath_dimob
NC_017740.1,717332,724389,7057,islandpath_dimob
NC_017740.1,199770,240023,40253,islandpath_dimob
NC_017741.1,1600611,1605573,4962,islandpath_dimob
NC_017741.1,1411853,1458635,46782,islandpath_dimob
NC_017741.1,861598,901539,39941,islandpath_dimob
NC_017741.1,232925,281668,48743,islandpath_dimob
NC_017741.1,189417,202681,13264,islandpath_dimob
NC_017376.1,55550,109337,53787,islandpath_dimob
NC_017378.1,985284,1019438,34154,islandpath_dimob
NC_016906.1,4562874,4574206,11332,islandpath_dimob
NC_016906.1,3665485,3682212,16727,islandpath_dimob
NC_016906.1,3623754,3633665,9911,islandpath_dimob
NC_016906.1,3593775,3607775,14000,islandpath_dimob
NC_016906.1,3009121,3030832,21711,islandpath_dimob
NC_016906.1,2916125,2929350,13225,islandpath_dimob
NC_016906.1,2891059,2911851,20792,islandpath_dimob
NC_016906.1,1572253,1580943,8690,islandpath_dimob
NC_016906.1,2844872,2884832,39960,islandpath_dimob
NC_016906.1,1459033,1470394,11361,islandpath_dimob
NC_016906.1,1096516,1105020,8504,islandpath_dimob
NC_017663.1,2999296,3029650,30354,islandpath_dimob
NC_017663.1,3211374,3229908,18534,islandpath_dimob
NC_017663.1,3461666,3486432,24766,islandpath_dimob
NC_017663.1,3734813,3744093,9280,islandpath_dimob
NC_017663.1,3903402,3941575,38173,islandpath_dimob
NC_017663.1,4821565,4847879,26314,islandpath_dimob
NC_017448.1,3363326,3392574,29248,islandpath_dimob
NC_017453.1,334319,356483,22164,islandpath_dimob
NC_017453.1,375819,381889,6070,islandpath_dimob
NC_017453.1,620537,625297,4760,islandpath_dimob
NC_017453.1,1061894,1066158,4264,islandpath_dimob
NC_017453.1,1074428,1091126,16698,islandpath_dimob
NC_017453.1,1149901,1155020,5119,islandpath_dimob
NC_017453.1,1283402,1289402,6000,islandpath_dimob
NC_017453.1,1431335,1438481,7146,islandpath_dimob
NC_016937.1,148183,163671,15488,islandpath_dimob
NC_017095.1,221534,236855,15321,islandpath_dimob
NC_017095.1,618824,631094,12270,islandpath_dimob
NC_017095.1,700631,717182,16551,islandpath_dimob
NC_017095.1,720759,747309,26550,islandpath_dimob
NC_017095.1,750823,770507,19684,islandpath_dimob
NC_017095.1,773188,792824,19636,islandpath_dimob
NC_017095.1,1120104,1138789,18685,islandpath_dimob
NC_017095.1,1376343,1389861,13518,islandpath_dimob
NC_017095.1,1512384,1525174,12790,islandpath_dimob
NC_017095.1,1758981,1775781,16800,islandpath_dimob
NC_016933.1,148183,163671,15488,islandpath_dimob
NC_017461.1,29012,107141,78129,islandpath_dimob
NC_017025.1,113617,133628,20011,islandpath_dimob
NC_017025.1,180925,212427,31502,islandpath_dimob
NC_017025.1,1662324,1685660,23336,islandpath_dimob
NC_017025.1,1742902,1768262,25360,islandpath_dimob
NC_017456.1,143561,155753,12192,islandpath_dimob
NC_017456.1,294757,336141,41384,islandpath_dimob
NC_017456.1,509532,515804,6272,islandpath_dimob
NC_017456.1,525094,539003,13909,islandpath_dimob
NC_017456.1,592609,620689,28080,islandpath_dimob
NC_017033.1,280283,295894,15611,islandpath_dimob
NC_017033.1,1675568,1685333,9765,islandpath_dimob
NC_017033.1,2088111,2100282,12171,islandpath_dimob
NC_017033.1,2395890,2410946,15056,islandpath_dimob
NC_017651.1,260391,277718,17327,islandpath_dimob
NC_017651.1,313978,350247,36269,islandpath_dimob
NC_017651.1,411935,417648,5713,islandpath_dimob
NC_017651.1,1094332,1102591,8259,islandpath_dimob
NC_017651.1,1123103,1164763,41660,islandpath_dimob
NC_017651.1,1174837,1203083,28246,islandpath_dimob
NC_017651.1,2134750,2158355,23605,islandpath_dimob
NC_017651.1,2275035,2289285,14250,islandpath_dimob
NC_017651.1,2682000,2698884,16884,islandpath_dimob
NC_017651.1,3300920,3369024,68104,islandpath_dimob
NC_017651.1,3769597,3779865,10268,islandpath_dimob
NC_017651.1,4145753,4158131,12378,islandpath_dimob
NC_017651.1,4905509,4937652,32143,islandpath_dimob
NC_017452.1,326546,340843,14297,islandpath_dimob
NC_017452.1,1382119,1390819,8700,islandpath_dimob
NC_017635.1,251550,270411,18861,islandpath_dimob
NC_017635.1,372520,381265,8745,islandpath_dimob
NC_017635.1,972880,995558,22678,islandpath_dimob
NC_017635.1,1501776,1510567,8791,islandpath_dimob
NC_017635.1,1780365,1789538,9173,islandpath_dimob
NC_017635.1,2618292,2641353,23061,islandpath_dimob
NC_017635.1,2919752,2942901,23149,islandpath_dimob
NC_017635.1,3651400,3676360,24960,islandpath_dimob
NC_017635.1,4041103,4054202,13099,islandpath_dimob
NC_017635.1,4768005,4795735,27730,islandpath_dimob
NC_017664.1,251550,270411,18861,islandpath_dimob
NC_017664.1,372520,381509,8989,islandpath_dimob
NC_017664.1,970593,992174,21581,islandpath_dimob
NC_017664.1,1498584,1507375,8791,islandpath_dimob
NC_017664.1,1776940,1785571,8631,islandpath_dimob
NC_017664.1,2614869,2637745,22876,islandpath_dimob
NC_017664.1,2916374,2939478,23104,islandpath_dimob
NC_017664.1,3122225,3127788,5563,islandpath_dimob
NC_017664.1,3647893,3672853,24960,islandpath_dimob
NC_017664.1,4037584,4055210,17626,islandpath_dimob
NC_017664.1,4751158,4759713,8555,islandpath_dimob
NC_017664.1,4764489,4792219,27730,islandpath_dimob
NC_017451.1,552944,578457,25513,islandpath_dimob
NC_017454.1,773980,795295,21315,islandpath_dimob
NC_017454.1,1446113,1460199,14086,islandpath_dimob
NC_017454.1,2516666,2532396,15730,islandpath_dimob
NC_017454.1,2926718,2947784,21066,islandpath_dimob
NC_016593.1,173554,182305,8751,islandpath_dimob
NC_016593.1,265721,303669,37948,islandpath_dimob
NC_016593.1,354623,379153,24530,islandpath_dimob
NC_016593.1,409300,416075,6775,islandpath_dimob
NC_016593.1,423705,437989,14284,islandpath_dimob
NC_016593.1,601445,642099,40654,islandpath_dimob
NC_016593.1,827602,837123,9521,islandpath_dimob
NC_016593.1,871729,885151,13422,islandpath_dimob
NC_016593.1,982437,1003133,20696,islandpath_dimob
NC_016593.1,1097009,1113194,16185,islandpath_dimob
NC_016593.1,1438705,1442684,3979,islandpath_dimob
NC_016593.1,1478300,1492531,14231,islandpath_dimob
NC_016593.1,1494557,1504215,9658,islandpath_dimob
NC_016593.1,1714540,1722210,7670,islandpath_dimob
NC_016593.1,1810212,1848785,38573,islandpath_dimob
NC_016593.1,2033580,2048762,15182,islandpath_dimob
NC_016593.1,2182551,2190799,8248,islandpath_dimob
NC_016593.1,2453775,2475839,22064,islandpath_dimob
NC_016593.1,2993242,3002333,9091,islandpath_dimob
NC_016593.1,3252275,3269966,17691,islandpath_dimob
NC_016593.1,3274762,3289453,14691,islandpath_dimob
NC_016593.1,3357787,3367388,9601,islandpath_dimob
NC_016593.1,3402205,3439034,36829,islandpath_dimob
NC_016809.1,113820,131353,17533,islandpath_dimob
NC_016809.1,134950,146207,11257,islandpath_dimob
NC_016809.1,1181195,1190908,9713,islandpath_dimob
NC_017652.1,260391,277718,17327,islandpath_dimob
NC_017652.1,313978,350247,36269,islandpath_dimob
NC_017652.1,411935,417648,5713,islandpath_dimob
NC_017652.1,1094332,1102591,8259,islandpath_dimob
NC_017652.1,1123103,1164763,41660,islandpath_dimob
NC_017652.1,1174837,1203083,28246,islandpath_dimob
NC_017652.1,2134750,2158355,23605,islandpath_dimob
NC_017652.1,2275035,2289285,14250,islandpath_dimob
NC_017652.1,2682000,2698884,16884,islandpath_dimob
NC_017652.1,3300920,3369024,68104,islandpath_dimob
NC_017652.1,3769597,3779865,10268,islandpath_dimob
NC_017652.1,4145753,4158131,12378,islandpath_dimob
NC_017652.1,4905509,4937652,32143,islandpath_dimob
NC_017455.1,374372,399273,24901,islandpath_dimob
NC_017455.1,1157437,1188202,30765,islandpath_dimob
NC_017455.1,1296620,1308225,11605,islandpath_dimob
NC_017455.1,1507449,1539369,31920,islandpath_dimob
NC_017455.1,2039092,2054697,15605,islandpath_dimob
NC_017365.1,828728,868864,40136,islandpath_dimob
NC_017737.1,560782,603572,42790,islandpath_dimob
NC_017737.1,896447,920926,24479,islandpath_dimob
NC_017374.1,497212,532400,35188,islandpath_dimob
NC_017374.1,974279,996606,22327,islandpath_dimob
NC_017761.1,1914591,1922811,8220,islandpath_dimob
NC_017063.1,180660,190437,9777,islandpath_dimob
NC_017063.1,838627,886901,48274,islandpath_dimob
NC_017735.1,507452,517689,10237,islandpath_dimob
NC_017735.1,1382622,1399183,16561,islandpath_dimob
NC_017735.1,1656290,1664470,8180,islandpath_dimob
NC_017735.1,1708231,1720160,11929,islandpath_dimob
NC_017735.1,1729605,1735995,6390,islandpath_dimob
NC_017735.1,1757241,1780911,23670,islandpath_dimob
NC_017381.1,982216,1004386,22170,islandpath_dimob
NC_017375.1,73583,107449,33866,islandpath_dimob
NC_017375.1,852516,892293,39777,islandpath_dimob
NC_017375.1,1502519,1523317,20798,islandpath_dimob
NC_017368.1,470749,493591,22842,islandpath_dimob
NC_017368.1,832543,873339,40796,islandpath_dimob
NC_017368.1,993561,999164,5603,islandpath_dimob
NC_017366.1,532563,571820,39257,islandpath_dimob
NC_017366.1,1051313,1085082,33769,islandpath_dimob
NC_017367.1,283574,324693,41119,islandpath_dimob
NC_017367.1,560291,599757,39466,islandpath_dimob
NC_017371.1,1030148,1042834,12686,islandpath_dimob
NC_017371.1,1045673,1069271,23598,islandpath_dimob
NC_017371.1,1472794,1521714,48920,islandpath_dimob
NC_017668.1,629201,638719,9518,islandpath_dimob
NC_017668.1,656629,674771,18142,islandpath_dimob
NC_017668.1,1497765,1537182,39417,islandpath_dimob
NC_017668.1,1613544,1625925,12381,islandpath_dimob
NC_017668.1,3323677,3332591,8914,islandpath_dimob
NC_017668.1,3649319,3664234,14915,islandpath_dimob
NC_016631.1,345246,353421,8175,islandpath_dimob
NC_016631.1,898632,915865,17233,islandpath_dimob
NC_016631.1,2057635,2072880,15245,islandpath_dimob
NC_016631.1,4146857,4163310,16453,islandpath_dimob
NC_016631.1,4634016,4646753,12737,islandpath_dimob
NC_017360.1,1032831,1073636,40805,islandpath_dimob
NC_017357.1,973392,991196,17804,islandpath_dimob
NC_017733.1,827126,861184,34058,islandpath_dimob
NC_017733.1,1353010,1367493,14483,islandpath_dimob
NC_017358.1,184548,215261,30713,islandpath_dimob
NC_017358.1,226353,260258,33905,islandpath_dimob
NC_017358.1,561700,601609,39909,islandpath_dimob
NC_017742.1,1010740,1072635,61895,islandpath_dimob
NC_017379.1,1001101,1064124,63023,islandpath_dimob
NC_017372.1,748097,798834,50737,islandpath_dimob
NC_017372.1,1216594,1246359,29765,islandpath_dimob
NC_017372.1,1616512,1626196,9684,islandpath_dimob
NC_017362.1,1512134,1551353,39219,islandpath_dimob
NC_016906.1,176984,235717,58733,islandpath_dimob
NC_016906.1,422371,432539,10168,islandpath_dimob
NC_016906.1,841328,861001,19673,islandpath_dimob
NC_017663.1,2291918,2304118,12200,islandpath_dimob
NC_017663.1,2247025,2270986,23961,islandpath_dimob
NC_017663.1,1703844,1745042,41198,islandpath_dimob
NC_017663.1,1642646,1650528,7882,islandpath_dimob
NC_017663.1,1626959,1636362,9403,islandpath_dimob
NC_017663.1,1251173,1257599,6426,islandpath_dimob
NC_017663.1,1259891,1275455,15564,islandpath_dimob
NC_017663.1,1207183,1232043,24860,islandpath_dimob
NC_017663.1,1142004,1149623,7619,islandpath_dimob
NC_017663.1,1117165,1122869,5704,islandpath_dimob
NC_017663.1,726020,735290,9270,islandpath_dimob
NC_017663.1,577791,585155,7364,islandpath_dimob
NC_017663.1,297091,327826,30735,islandpath_dimob
NC_017450.1,1608311,1629488,21177,islandpath_dimob
NC_017450.1,819792,836061,16269,islandpath_dimob
NC_017450.1,723549,745500,21951,islandpath_dimob
NC_017641.1,5091894,5100790,8896,islandpath_dimob
NC_017641.1,3544160,3553893,9733,islandpath_dimob
NC_017641.1,3560990,3582682,21692,islandpath_dimob
NC_017641.1,3957331,3964813,7482,islandpath_dimob
NC_017641.1,4881968,4953912,71944,islandpath_dimob
NC_017641.1,1954361,1968663,14302,islandpath_dimob
NC_017641.1,2411617,2433255,21638,islandpath_dimob
NC_017641.1,2813317,2854856,41539,islandpath_dimob
NC_017641.1,1516510,1530614,14104,islandpath_dimob
NC_017641.1,1224848,1278618,53770,islandpath_dimob
NC_017641.1,1212164,1222655,10491,islandpath_dimob
NC_017641.1,322319,330090,7771,islandpath_dimob
NC_017641.1,929911,947668,17757,islandpath_dimob
NC_017641.1,1187324,1208001,20677,islandpath_dimob
NC_017641.1,150799,158978,8179,islandpath_dimob
NC_017646.1,4418033,4426684,8651,islandpath_dimob
NC_017646.1,4957968,4976605,18637,islandpath_dimob
NC_017646.1,5134369,5146750,12381,islandpath_dimob
NC_017646.1,4335532,4358032,22500,islandpath_dimob
NC_016616.1,2129249,2138349,9100,islandpath_dimob
NC_016616.1,2638066,2679174,41108,islandpath_dimob
NC_016616.1,2711394,2719855,8461,islandpath_dimob
NC_016616.1,2776311,2801671,25360,islandpath_dimob
NC_017316.1,153728,177965,24237,islandpath_dimob
NC_017316.1,678379,682523,4144,islandpath_dimob
NC_017316.1,816763,874253,57490,islandpath_dimob
NC_017316.1,1166253,1173870,7617,islandpath_dimob
NC_017316.1,1784929,1800397,15468,islandpath_dimob
NC_016803.1,1273357,1293981,20624,islandpath_dimob
NC_016803.1,1651001,1672824,21823,islandpath_dimob
NC_016803.1,2438616,2463543,24927,islandpath_dimob
NC_016803.1,2597099,2605391,8292,islandpath_dimob
NC_016803.1,3404975,3436755,31780,islandpath_dimob
NC_016803.1,3503841,3523002,19161,islandpath_dimob
NC_016629.1,399137,428409,29272,islandpath_dimob
NC_017312.1,550204,563156,12952,islandpath_dimob
NC_017312.1,574621,582679,8058,islandpath_dimob
NC_017312.1,610223,628451,18228,islandpath_dimob
NC_017312.1,827022,839552,12530,islandpath_dimob
NC_017312.1,850530,855717,5187,islandpath_dimob
NC_017312.1,861092,881897,20805,islandpath_dimob
NC_017312.1,883620,924991,41371,islandpath_dimob
NC_017312.1,934539,971168,36629,islandpath_dimob
NC_017312.1,974310,978505,4195,islandpath_dimob
NC_017312.1,1055625,1064593,8968,islandpath_dimob
NC_017312.1,1331966,1340193,8227,islandpath_dimob
NC_017312.1,2186441,2201547,15106,islandpath_dimob
NC_017312.1,2202619,2240295,37676,islandpath_dimob
NC_017312.1,2341702,2362187,20485,islandpath_dimob
NC_017312.1,2516145,2522624,6479,islandpath_dimob
NC_017312.1,2575676,2601883,26207,islandpath_dimob
NC_017030.1,1531425,1546262,14837,islandpath_dimob
NC_017030.1,2272137,2288866,16729,islandpath_dimob
NC_017030.1,2302947,2322047,19100,islandpath_dimob
NC_017030.1,3076492,3113554,37062,islandpath_dimob
NC_017030.1,4247134,4274877,27743,islandpath_dimob
NC_017030.1,5562272,5573480,11208,islandpath_dimob
NC_017030.1,5580033,5619966,39933,islandpath_dimob
NC_017030.1,5878983,5902235,23252,islandpath_dimob
NC_017030.1,6063433,6082436,19003,islandpath_dimob
NC_017030.1,6565126,6615591,50465,islandpath_dimob
NC_017030.1,7518398,7533117,14719,islandpath_dimob
NC_017030.1,8513295,8524799,11504,islandpath_dimob
NC_017030.1,8639578,8690792,51214,islandpath_dimob
NC_017030.1,9472685,9482059,9374,islandpath_dimob
NC_017445.1,21272,39366,18094,islandpath_dimob
NC_017445.1,113389,120603,7214,islandpath_dimob
NC_017445.1,698620,704738,6118,islandpath_dimob
NC_017445.1,1352960,1359219,6259,islandpath_dimob
NC_017445.1,1402448,1410840,8392,islandpath_dimob
NC_017445.1,1781957,1786426,4469,islandpath_dimob
NC_017445.1,1799811,1816258,16447,islandpath_dimob
NC_017445.1,2202940,2211723,8783,islandpath_dimob
NC_017445.1,2394024,2399643,5619,islandpath_dimob
NC_017445.1,2756106,2762371,6265,islandpath_dimob
NC_017445.1,2876748,2883060,6312,islandpath_dimob
NC_017445.1,3786677,3806435,19758,islandpath_dimob
NC_016584.1,669240,679368,10128,islandpath_dimob
NC_016584.1,960494,978397,17903,islandpath_dimob
NC_016584.1,1383143,1395186,12043,islandpath_dimob
NC_016584.1,2339955,2359833,19878,islandpath_dimob
NC_016584.1,2503054,2515332,12278,islandpath_dimob
NC_016584.1,5510085,5537612,27527,islandpath_dimob
NC_016584.1,5810361,5819841,9480,islandpath_dimob
NC_016514.1,509638,518956,9318,islandpath_dimob
NC_016514.1,899878,916499,16621,islandpath_dimob
NC_016514.1,2404555,2411818,7263,islandpath_dimob
NC_016514.1,3573400,3624572,51172,islandpath_dimob
NC_016514.1,4261495,4286488,24993,islandpath_dimob
NC_016630.1,301593,315882,14289,islandpath_dimob
NC_016630.1,431527,445932,14405,islandpath_dimob
NC_016630.1,487995,532833,44838,islandpath_dimob
NC_016630.1,535356,549689,14333,islandpath_dimob
NC_016630.1,622178,632381,10203,islandpath_dimob
NC_016630.1,1236882,1247087,10205,islandpath_dimob
NC_016630.1,1264006,1288563,24557,islandpath_dimob
NC_016630.1,1374075,1383718,9643,islandpath_dimob
NC_017625.1,405267,422296,17029,islandpath_dimob
NC_017625.1,516122,522588,6466,islandpath_dimob
NC_017625.1,691824,698349,6525,islandpath_dimob
NC_017625.1,886163,896227,10064,islandpath_dimob
NC_017625.1,1093800,1132931,39131,islandpath_dimob
NC_017625.1,1401452,1410427,8975,islandpath_dimob
NC_017625.1,1766080,1779608,13528,islandpath_dimob
NC_017625.1,1798694,1813576,14882,islandpath_dimob
NC_017625.1,2226941,2240524,13583,islandpath_dimob
NC_017625.1,2445492,2464494,19002,islandpath_dimob
NC_017625.1,2659627,2682206,22579,islandpath_dimob
NC_017625.1,3294211,3311258,17047,islandpath_dimob
NC_017625.1,3555711,3564148,8437,islandpath_dimob
NC_017625.1,3573164,3591325,18161,islandpath_dimob
NC_017625.1,3598162,3609046,10884,islandpath_dimob
NC_017625.1,3996088,4017055,20967,islandpath_dimob
NC_017660.1,251550,270411,18861,islandpath_dimob
NC_017660.1,690421,696935,6514,islandpath_dimob
NC_017660.1,925938,945666,19728,islandpath_dimob
NC_017660.1,1313073,1338033,24960,islandpath_dimob
NC_017660.1,1796171,1815714,19543,islandpath_dimob
NC_017660.1,1862557,1868619,6062,islandpath_dimob
NC_017660.1,2051066,2072927,21861,islandpath_dimob
NC_017660.1,3178237,3185208,6971,islandpath_dimob
NC_017660.1,3375421,3383716,8295,islandpath_dimob
NC_017660.1,3829829,4029472,199643,islandpath_dimob
NC_017660.1,4093373,4105614,12241,islandpath_dimob
NC_017660.1,4419215,4433616,14401,islandpath_dimob
NC_017660.1,4703747,4707629,3882,islandpath_dimob
NC_017660.1,4875518,4884073,8555,islandpath_dimob
NC_017660.1,4888849,4916579,27730,islandpath_dimob
NC_017631.1,249653,266980,17327,islandpath_dimob
NC_017631.1,301661,340534,38873,islandpath_dimob
NC_017631.1,364895,388550,23655,islandpath_dimob
NC_017631.1,1131297,1146939,15642,islandpath_dimob
NC_017631.1,1149260,1166386,17126,islandpath_dimob
NC_017631.1,1185787,1228248,42461,islandpath_dimob
NC_017631.1,1236119,1264365,28246,islandpath_dimob
NC_017631.1,1813183,1842196,29013,islandpath_dimob
NC_017631.1,2308666,2320196,11530,islandpath_dimob
NC_017631.1,2714028,2729435,15407,islandpath_dimob
NC_017631.1,3332290,3401328,69038,islandpath_dimob
NC_017631.1,3805712,3813193,7481,islandpath_dimob
NC_017631.1,4938979,4990718,51739,islandpath_dimob
NC_017631.1,5004581,5032862,28281,islandpath_dimob
NC_017628.1,553520,563356,9836,islandpath_dimob
NC_017628.1,1124233,1154466,30233,islandpath_dimob
NC_017628.1,1159683,1185478,25795,islandpath_dimob
NC_017628.1,2262412,2279984,17572,islandpath_dimob
NC_017628.1,2711304,2736886,25582,islandpath_dimob
NC_017628.1,3092387,3105158,12771,islandpath_dimob
NC_017628.1,3837937,3848323,10386,islandpath_dimob
NC_017628.1,4251534,4259319,7785,islandpath_dimob
NC_017628.1,4927825,4935080,7255,islandpath_dimob
NC_017632.1,699213,710083,10870,islandpath_dimob
NC_017632.1,766852,774769,7917,islandpath_dimob
NC_017632.1,1018484,1044881,26397,islandpath_dimob
NC_017632.1,1440581,1456614,16033,islandpath_dimob
NC_017632.1,1474757,1517035,42278,islandpath_dimob
NC_017632.1,2389711,2400882,11171,islandpath_dimob
NC_017632.1,2499964,2524101,24137,islandpath_dimob
NC_017632.1,2552556,2559817,7261,islandpath_dimob
NC_017632.1,3300858,3323440,22582,islandpath_dimob
NC_017632.1,3344448,3353396,8948,islandpath_dimob
NC_017632.1,3454819,3477497,22678,islandpath_dimob
NC_017632.1,4521365,4600473,79108,islandpath_dimob
NC_017632.1,4620589,4638373,17784,islandpath_dimob
NC_014624.2,205767,218056,12289,islandpath_dimob
NC_014624.2,375733,397832,22099,islandpath_dimob
NC_014624.2,401515,412475,10960,islandpath_dimob
NC_014624.2,1211204,1232279,21075,islandpath_dimob
NC_014624.2,2573212,2587931,14719,islandpath_dimob
NC_014624.2,2697914,2714624,16710,islandpath_dimob
NC_014624.2,3577696,3595815,18119,islandpath_dimob
NC_016902.1,47608,64970,17362,islandpath_dimob
NC_016902.1,429713,454673,24960,islandpath_dimob
NC_016902.1,1171092,1184093,13001,islandpath_dimob
NC_016902.1,2311722,2344748,33026,islandpath_dimob
NC_016902.1,2595283,2603578,8295,islandpath_dimob
NC_016902.1,3118636,3131974,13338,islandpath_dimob
NC_016902.1,3447445,3461846,14401,islandpath_dimob
NC_016902.1,3730639,3737072,6433,islandpath_dimob
NC_016902.1,3840054,3858498,18444,islandpath_dimob
NC_016902.1,4217135,4258195,41060,islandpath_dimob
NC_016510.2,1228217,1241513,13296,islandpath_dimob
NC_016510.2,1259633,1269617,9984,islandpath_dimob
NC_016510.2,1278960,1286808,7848,islandpath_dimob
NC_016510.2,1372402,1386766,14364,islandpath_dimob
NC_016510.2,1622313,1633670,11357,islandpath_dimob
NC_016510.2,2050849,2081438,30589,islandpath_dimob
NC_016510.2,2324675,2329952,5277,islandpath_dimob
NC_016510.2,2711832,2725026,13194,islandpath_dimob
NC_016510.2,2898875,2906084,7209,islandpath_dimob
NC_016510.2,2922575,2930510,7935,islandpath_dimob
NC_017644.1,805636,815527,9891,islandpath_dimob
NC_017644.1,948430,954325,5895,islandpath_dimob
NC_017644.1,958665,964818,6153,islandpath_dimob
NC_017644.1,2082258,2106903,24645,islandpath_dimob
NC_017644.1,2113473,2132823,19350,islandpath_dimob
NC_017644.1,2593232,2601295,8063,islandpath_dimob
NC_017644.1,3499082,3532090,33008,islandpath_dimob
NC_017644.1,3955904,3963593,7689,islandpath_dimob
NC_017644.1,4644909,4669908,24999,islandpath_dimob
NC_017644.1,4671523,4680886,9363,islandpath_dimob
NC_017644.1,4686994,4705756,18762,islandpath_dimob
NC_017644.1,4827973,4860560,32587,islandpath_dimob
NC_017644.1,4869988,4894155,24167,islandpath_dimob
NC_017644.1,4895025,4911000,15975,islandpath_dimob
NC_017646.1,1294806,1322967,28161,islandpath_dimob
NC_017646.1,1326845,1331142,4297,islandpath_dimob
NC_017646.1,1457579,1462931,5352,islandpath_dimob
NC_017646.1,1466464,1499217,32753,islandpath_dimob
NC_017646.1,1760874,1780090,19216,islandpath_dimob
NC_017646.1,1838683,1852248,13565,islandpath_dimob
NC_017646.1,2320514,2339887,19373,islandpath_dimob
NC_017646.1,2495523,2508515,12992,islandpath_dimob
NC_017646.1,2939311,2977819,38508,islandpath_dimob
NC_017646.1,3113883,3140605,26722,islandpath_dimob
NC_017646.1,3339796,3369070,29274,islandpath_dimob
NC_017646.1,3492272,3522195,29923,islandpath_dimob
NC_017646.1,3524237,3533203,8966,islandpath_dimob
NC_017646.1,3899500,3924186,24686,islandpath_dimob
NC_016616.1,1538774,1570809,32035,islandpath_dimob
NC_016616.1,920351,942467,22116,islandpath_dimob
NC_016786.1,2253568,2264223,10655,islandpath_dimob
NC_017790.1,2017431,2029865,12434,islandpath_dimob
NC_017790.1,2090104,2101052,10948,islandpath_dimob
NC_017790.1,2904114,2917767,13653,islandpath_dimob
NC_016616.1,133146,167340,34194,islandpath_dimob
NC_016616.1,763287,781565,18278,islandpath_dimob
NC_016786.1,1666560,1682325,15765,islandpath_dimob
NC_016786.1,1450939,1463325,12386,islandpath_dimob
NC_016786.1,1373110,1384037,10927,islandpath_dimob
NC_016786.1,1082819,1093214,10395,islandpath_dimob
NC_016786.1,157030,174618,17588,islandpath_dimob
NC_016786.1,726907,745873,18966,islandpath_dimob
NC_016786.1,72699,84442,11743,islandpath_dimob
NC_016786.1,99474,122855,23381,islandpath_dimob
NC_016786.1,17346,34722,17376,islandpath_dimob
NC_016802.1,2062411,2075500,13089,islandpath_dimob
NC_016802.1,1434571,1445881,11310,islandpath_dimob
NC_016802.1,445019,463148,18129,islandpath_dimob
NC_016802.1,171694,186890,15196,islandpath_dimob
NC_016802.1,118617,138437,19820,islandpath_dimob
NC_016802.1,54242,65450,11208,islandpath_dimob
NC_016787.1,2291525,2301867,10342,islandpath_dimob
NC_016787.1,2127455,2135898,8443,islandpath_dimob
NC_016787.1,2035739,2056200,20461,islandpath_dimob
NC_016787.1,1442240,1452660,10420,islandpath_dimob
NC_016787.1,1366217,1377144,10927,islandpath_dimob
NC_016787.1,739614,761150,21536,islandpath_dimob
NC_016787.1,372882,388526,15644,islandpath_dimob
NC_016789.1,1016900,1023007,6107,islandpath_dimob
NC_016789.1,1416819,1428309,11490,islandpath_dimob
NC_016789.1,1497135,1506584,9449,islandpath_dimob
NC_016789.1,1716807,1733706,16899,islandpath_dimob
NC_016787.1,28301,37296,8995,islandpath_dimob
NC_016787.1,94487,113410,18923,islandpath_dimob
NC_016787.1,164262,173381,9119,islandpath_dimob
NC_016787.1,291003,299743,8740,islandpath_dimob
NC_016789.1,215640,222816,7176,islandpath_dimob
NC_016789.1,47513,59811,12298,islandpath_dimob
NC_016789.1,18318,28632,10314,islandpath_dimob
NC_017304.1,3113934,3133098,19164,islandpath_dimob
NC_017304.1,3005171,3015381,10210,islandpath_dimob
NC_017304.1,2785392,2805113,19721,islandpath_dimob
NC_017304.1,2358518,2374087,15569,islandpath_dimob
NC_017304.1,887009,914921,27912,islandpath_dimob
NC_017304.1,658973,680719,21746,islandpath_dimob
NC_017304.1,520891,534429,13538,islandpath_dimob
NC_016932.1,595474,614982,19508,islandpath_dimob
NC_016788.1,2313895,2324677,10782,islandpath_dimob
NC_016788.1,2089453,2092925,3472,islandpath_dimob
NC_016788.1,2148642,2157919,9277,islandpath_dimob
NC_016788.1,1783293,1796710,13417,islandpath_dimob
NC_016788.1,1445705,1457631,11926,islandpath_dimob
NC_016788.1,1369721,1380608,10887,islandpath_dimob
NC_016788.1,661869,675795,13926,islandpath_dimob
NC_016788.1,155164,165675,10511,islandpath_dimob
NC_016788.1,361953,374990,13037,islandpath_dimob
NC_016788.1,136911,153929,17018,islandpath_dimob
NC_016788.1,23365,34414,11049,islandpath_dimob
NC_016790.1,2210923,2221412,10489,islandpath_dimob
NC_016790.1,1418311,1428731,10420,islandpath_dimob
NC_016790.1,1755665,1769296,13631,islandpath_dimob
NC_016790.1,1990218,2000232,10014,islandpath_dimob
NC_016790.1,1342285,1353359,11074,islandpath_dimob
NC_016790.1,243436,251545,8109,islandpath_dimob
NC_016790.1,350163,363194,13031,islandpath_dimob
NC_016790.1,137847,152925,15078,islandpath_dimob
NC_016627.1,4236032,4242896,6864,islandpath_dimob
NC_016627.1,4260504,4284328,23824,islandpath_dimob
NC_016627.1,4421972,4426505,4533,islandpath_dimob
NC_016627.1,4798944,4810350,11406,islandpath_dimob
NC_017317.1,77232,93085,15853,islandpath_dimob
NC_017317.1,1314893,1320067,5174,islandpath_dimob
NC_017317.1,1498025,1509081,11056,islandpath_dimob
NC_016790.1,25463,34233,8770,islandpath_dimob
NC_016790.1,81716,101025,19309,islandpath_dimob
NC_016627.1,3857141,3882968,25827,islandpath_dimob
NC_016627.1,3695302,3718272,22970,islandpath_dimob
NC_016627.1,3138080,3151480,13400,islandpath_dimob
NC_017304.1,1909515,1929762,20247,islandpath_dimob
NC_016627.1,2690189,2709407,19218,islandpath_dimob
NC_016627.1,2250025,2262256,12231,islandpath_dimob
NC_016627.1,1875512,1892565,17053,islandpath_dimob
NC_016627.1,2210278,2217205,6927,islandpath_dimob
NC_016627.1,1851454,1871370,19916,islandpath_dimob
NC_016627.1,1740213,1789864,49651,islandpath_dimob
NC_016791.1,4189679,4198021,8342,islandpath_dimob
NC_016627.1,213296,234241,20945,islandpath_dimob
NC_016627.1,281721,288997,7276,islandpath_dimob
NC_016627.1,799409,817984,18575,islandpath_dimob
NC_016782.1,74057,84469,10412,islandpath_dimob
NC_016783.1,2234864,2243540,8676,islandpath_dimob
NC_016782.1,17349,34725,17376,islandpath_dimob
NC_016783.1,1077164,1090064,12900,islandpath_dimob
NC_016783.1,1395854,1406296,10442,islandpath_dimob
NC_016783.1,1472230,1481671,9441,islandpath_dimob
NC_016783.1,2086583,2095855,9272,islandpath_dimob
NC_016783.1,2097111,2102035,4924,islandpath_dimob
NC_016783.1,363384,368213,4829,islandpath_dimob
NC_016783.1,375143,392026,16883,islandpath_dimob
NC_016783.1,669869,682784,12915,islandpath_dimob
NC_016783.1,287931,300140,12209,islandpath_dimob
NC_016783.1,145705,167280,21575,islandpath_dimob
NC_016782.1,99501,123480,23979,islandpath_dimob
NC_016782.1,158826,174645,15819,islandpath_dimob
NC_016782.1,364522,384069,19547,islandpath_dimob
NC_016782.1,726938,745902,18964,islandpath_dimob
NC_016782.1,1082847,1093244,10397,islandpath_dimob
NC_016782.1,1373140,1384216,11076,islandpath_dimob
NC_016782.1,1450674,1461094,10420,islandpath_dimob
NC_016782.1,1666567,1681725,15158,islandpath_dimob
NC_016782.1,2039834,2042708,2874,islandpath_dimob
NC_016782.1,2253115,2263624,10509,islandpath_dimob
NC_016791.1,600172,604772,4600,islandpath_dimob
NC_016791.1,1341858,1346131,4273,islandpath_dimob
NC_016791.1,2751949,2776240,24291,islandpath_dimob
NC_016791.1,2891127,2914471,23344,islandpath_dimob
NC_016791.1,3893515,4030548,137033,islandpath_dimob
NC_016783.1,89516,118882,29366,islandpath_dimob
NC_016799.1,2344301,2349046,4745,islandpath_dimob
NC_016799.1,2364464,2367094,2630,islandpath_dimob
NC_016783.1,25557,35169,9612,islandpath_dimob
NC_016799.1,2173701,2178555,4854,islandpath_dimob
NC_016799.1,2130011,2142153,12142,islandpath_dimob
NC_016799.1,2085597,2092086,6489,islandpath_dimob
NC_016799.1,1887247,1901429,14182,islandpath_dimob
NC_016799.1,1503439,1511014,7575,islandpath_dimob
NC_016799.1,1426462,1437527,11065,islandpath_dimob
NC_016799.1,754009,759483,5474,islandpath_dimob
NC_016799.1,440590,451781,11191,islandpath_dimob
NC_016799.1,51104,64531,13427,islandpath_dimob
NC_016799.1,215464,232964,17500,islandpath_dimob
NC_016800.1,2282800,2288932,6132,islandpath_dimob
NC_016799.1,23157,34035,10878,islandpath_dimob
NC_016800.1,1857440,1873743,16303,islandpath_dimob
NC_016800.1,1479798,1489247,9449,islandpath_dimob
NC_016800.1,1401339,1411875,10536,islandpath_dimob
NC_016800.1,698129,713649,15520,islandpath_dimob
NC_016800.1,53634,65340,11706,islandpath_dimob
NC_016800.1,115358,132992,17634,islandpath_dimob
NC_016800.1,167765,184452,16687,islandpath_dimob
NC_016801.1,1493426,1502875,9449,islandpath_dimob
NC_016801.1,2114302,2124378,10076,islandpath_dimob
NC_016800.1,28241,36767,8526,islandpath_dimob
NC_016801.1,1130536,1134836,4300,islandpath_dimob
NC_016801.1,1416139,1426102,9963,islandpath_dimob
NC_016801.1,1087804,1117877,30073,islandpath_dimob
NC_016801.1,399196,404837,5641,islandpath_dimob
NC_016801.1,173725,188104,14379,islandpath_dimob
NC_016801.1,136030,167241,31211,islandpath_dimob
NC_016801.1,26197,35832,9635,islandpath_dimob
NC_016801.1,86086,102111,16025,islandpath_dimob
NC_017179.1,4022486,4060456,37970,islandpath_dimob
NC_017179.1,2502737,2508123,5386,islandpath_dimob
NC_017179.1,3441437,3454884,13447,islandpath_dimob
NC_017179.1,607161,615776,8615,islandpath_dimob
NC_017179.1,1685128,1694059,8931,islandpath_dimob
NC_017295.1,2057253,2064170,6917,islandpath_dimob
NC_017295.1,2064929,2069869,4940,islandpath_dimob
NC_017295.1,3713564,3728520,14956,islandpath_dimob
NC_017179.1,499090,515399,16309,islandpath_dimob
NC_017297.1,3448819,3452105,3286,islandpath_dimob
NC_017297.1,3693715,3704645,10930,islandpath_dimob
NC_017295.1,1321504,1330897,9393,islandpath_dimob
NC_017295.1,1445881,1460172,14291,islandpath_dimob
NC_017297.1,920800,937295,16495,islandpath_dimob
NC_016785.1,2239713,2248401,8688,islandpath_dimob
NC_017297.1,811320,843890,32570,islandpath_dimob
NC_016785.1,1987509,2015898,28389,islandpath_dimob
NC_016785.1,1875562,1883063,7501,islandpath_dimob
NC_016785.1,1353070,1362098,9028,islandpath_dimob
NC_017431.1,1013247,1032151,18904,islandpath_dimob
NC_017177.1,143244,162447,19203,islandpath_dimob
NC_016785.1,23484,35761,12277,islandpath_dimob
NC_016785.1,140992,171073,30081,islandpath_dimob
NC_016785.1,181883,192919,11036,islandpath_dimob
NC_016785.1,300904,312846,11942,islandpath_dimob
NC_016785.1,375974,381202,5228,islandpath_dimob
NC_017028.1,1216164,1227443,11279,islandpath_dimob
NC_017028.1,1250592,1255776,5184,islandpath_dimob
NC_017028.1,996024,1052171,56147,islandpath_dimob
NC_017028.1,964109,993264,29155,islandpath_dimob
NC_017028.1,403615,407348,3733,islandpath_dimob
NC_017028.1,779078,801206,22128,islandpath_dimob
NC_017831.1,1721403,1762416,41013,islandpath_dimob
NC_017281.1,640501,655895,15394,islandpath_dimob
NC_017281.1,720458,741530,21072,islandpath_dimob
NC_017096.1,1005958,1013558,7600,islandpath_dimob
NC_017096.1,957142,962918,5776,islandpath_dimob
NC_017096.1,42164,61959,19795,islandpath_dimob
NC_017096.1,94647,110982,16335,islandpath_dimob
NC_017832.1,2036382,2040749,4367,islandpath_dimob
NC_017832.1,2400954,2406398,5444,islandpath_dimob
NC_017832.1,2731101,2795768,64667,islandpath_dimob
NC_017832.1,1599876,1616208,16332,islandpath_dimob
NC_017832.1,890742,911135,20393,islandpath_dimob
NC_017832.1,818713,827751,9038,islandpath_dimob
NC_017082.1,3691323,3703204,11881,islandpath_dimob
NC_017082.1,5685147,5696168,11021,islandpath_dimob
NC_017832.1,73619,95319,21700,islandpath_dimob
NC_017832.1,519674,572060,52386,islandpath_dimob
NC_017246.1,796419,803964,7545,islandpath_dimob
NC_017246.1,956868,972438,15570,islandpath_dimob
NC_017246.1,1065929,1076852,10923,islandpath_dimob
NC_017082.1,525285,583453,58168,islandpath_dimob
NC_017246.1,724301,744449,20148,islandpath_dimob
NC_017246.1,534913,549806,14893,islandpath_dimob
NC_017246.1,284407,300593,16186,islandpath_dimob
NC_017244.1,794249,802443,8194,islandpath_dimob
NC_017244.1,956554,972225,15671,islandpath_dimob
NC_017244.1,1065616,1076539,10923,islandpath_dimob
NC_017246.1,259344,276759,17415,islandpath_dimob
NC_017244.1,724051,744268,20217,islandpath_dimob
NC_017244.1,534666,548900,14234,islandpath_dimob
NC_017244.1,284412,299718,15306,islandpath_dimob
NC_017248.1,793389,798303,4914,islandpath_dimob
NC_017248.1,952777,970194,17417,islandpath_dimob
NC_017248.1,717249,741927,24678,islandpath_dimob
NC_017248.1,535438,549521,14083,islandpath_dimob
NC_017248.1,284630,300558,15928,islandpath_dimob
NC_017251.1,1046920,1057286,10366,islandpath_dimob
NC_017251.1,937026,953347,16321,islandpath_dimob
NC_017247.1,798348,813672,15324,islandpath_dimob
NC_017247.1,510045,520162,10117,islandpath_dimob
NC_017283.1,787245,804592,17347,islandpath_dimob
NC_017283.1,507996,518545,10549,islandpath_dimob
NC_017245.1,509426,519979,10553,islandpath_dimob
NC_016795.1,1865478,1883748,18270,islandpath_dimob
NC_016795.1,1673089,1691014,17925,islandpath_dimob
NC_017245.1,798163,813487,15324,islandpath_dimob
NC_017251.1,513363,531025,17662,islandpath_dimob
NC_017251.1,263422,279286,15864,islandpath_dimob
NC_017251.1,702838,723568,20730,islandpath_dimob
NC_017250.1,341083,361938,20855,islandpath_dimob
NC_017250.1,529188,541465,12277,islandpath_dimob
NC_017250.1,819594,833480,13886,islandpath_dimob
NC_016778.1,101533,115893,14360,islandpath_dimob
NC_016778.1,331422,349304,17882,islandpath_dimob
NC_016778.1,522212,540130,17918,islandpath_dimob
NC_016778.1,773194,790968,17774,islandpath_dimob
NC_016795.1,1345142,1353992,8850,islandpath_dimob
NC_016795.1,1445766,1460310,14544,islandpath_dimob
NC_016589.1,1069562,1082605,13043,islandpath_dimob
NC_016589.1,1570794,1584308,13514,islandpath_dimob
NC_016589.1,2317552,2353882,36330,islandpath_dimob
NC_016589.1,2405501,2418297,12796,islandpath_dimob
NC_016589.1,2819785,2899398,79613,islandpath_dimob
NC_016797.1,702783,723513,20730,islandpath_dimob
NC_016797.1,936993,953314,16321,islandpath_dimob
NC_016797.1,1046887,1057253,10366,islandpath_dimob
NC_016589.1,186839,222782,35943,islandpath_dimob
NC_016625.1,538264,549273,11009,islandpath_dimob
NC_016625.1,1212548,1279085,66537,islandpath_dimob
NC_016797.1,263383,279247,15864,islandpath_dimob
NC_016797.1,513308,530970,17662,islandpath_dimob
NC_017079.1,4849284,4885630,36346,islandpath_dimob
NC_017079.1,4108554,4142332,33778,islandpath_dimob
NC_017079.1,3737234,3747557,10323,islandpath_dimob
NC_017079.1,3574706,3586812,12106,islandpath_dimob
NC_017079.1,2639798,2662121,22323,islandpath_dimob
NC_017079.1,2059308,2067470,8162,islandpath_dimob
NC_017079.1,1237114,1245289,8175,islandpath_dimob
NC_017079.1,1516597,1532807,16210,islandpath_dimob
NC_017079.1,738157,750299,12142,islandpath_dimob
NC_017079.1,325316,348255,22939,islandpath_dimob
NC_017831.1,3079230,3095225,15995,islandpath_dimob
NC_017831.1,3949245,3962422,13177,islandpath_dimob
NC_017831.1,2236860,2264462,27602,islandpath_dimob
NC_017831.1,2386949,2391190,4241,islandpath_dimob
NC_017831.1,2877635,2890994,13359,islandpath_dimob
NC_017831.1,1772688,1801557,28869,islandpath_dimob
NC_016777.1,827479,832619,5140,islandpath_dimob
NC_016625.1,143843,159000,15157,islandpath_dimob
NC_016796.1,432707,451873,19166,islandpath_dimob
NC_016777.1,534113,548581,14468,islandpath_dimob
NC_016796.1,255920,265397,9477,islandpath_dimob
NC_016590.1,1381197,1400559,19362,islandpath_dimob
NC_016590.1,1186065,1202345,16280,islandpath_dimob
NC_016590.1,541730,563402,21672,islandpath_dimob
NC_017223.1,4087266,4095065,7799,islandpath_dimob
NC_016590.1,6638,30340,23702,islandpath_dimob
NC_017223.1,4051925,4064449,12524,islandpath_dimob
NC_017223.1,3861695,3886668,24973,islandpath_dimob
NC_017223.1,3614304,3641115,26811,islandpath_dimob
NC_017223.1,3599670,3609860,10190,islandpath_dimob
NC_017223.1,3413680,3423703,10023,islandpath_dimob
NC_017223.1,3459747,3469178,9431,islandpath_dimob
NC_017223.1,3350548,3367342,16794,islandpath_dimob
NC_017223.1,2684150,2707287,23137,islandpath_dimob
NC_017223.1,2301319,2317133,15814,islandpath_dimob
NC_017223.1,1265279,1273129,7850,islandpath_dimob
NC_017223.1,1797550,1806036,8486,islandpath_dimob
NC_017223.1,890544,897530,6986,islandpath_dimob
NC_017223.1,768788,777112,8324,islandpath_dimob
NC_017223.1,59249,70444,11195,islandpath_dimob
NC_016943.1,4834293,4843236,8943,islandpath_dimob
NC_016943.1,4223807,4246661,22854,islandpath_dimob
NC_016943.1,4696608,4723555,26947,islandpath_dimob
NC_016943.1,4192707,4206409,13702,islandpath_dimob
NC_016943.1,3553298,3560726,7428,islandpath_dimob
NC_016943.1,3817280,3833328,16048,islandpath_dimob
NC_016943.1,3352413,3376852,24439,islandpath_dimob
NC_016943.1,3022243,3036170,13927,islandpath_dimob
NC_016943.1,1692460,1702919,10459,islandpath_dimob
NC_016943.1,1328012,1336309,8297,islandpath_dimob
NC_016943.1,860614,868971,8357,islandpath_dimob
NC_016943.1,1045896,1051278,5382,islandpath_dimob
NC_016775.1,819652,833538,13886,islandpath_dimob
NC_016943.1,19423,35253,15830,islandpath_dimob
NC_016943.1,801866,813749,11883,islandpath_dimob
NC_016775.1,529238,541515,12277,islandpath_dimob
NC_016775.1,341055,361910,20855,islandpath_dimob
NC_017243.1,1608098,1641881,33783,islandpath_dimob
NC_017243.1,69304,82215,12911,islandpath_dimob
NC_016776.1,5228727,5239429,10702,islandpath_dimob
NC_016776.1,4817670,4835177,17507,islandpath_dimob
NC_016776.1,4742068,4779466,37398,islandpath_dimob
NC_016776.1,3567514,3589662,22148,islandpath_dimob
NC_016776.1,3008009,3020294,12285,islandpath_dimob
NC_016776.1,1417636,1427516,9880,islandpath_dimob
NC_016776.1,1604655,1643176,38521,islandpath_dimob
NC_016776.1,248678,265333,16655,islandpath_dimob
NC_017219.1,2096961,2103345,6384,islandpath_dimob
NC_017219.1,2305455,2314174,8719,islandpath_dimob
NC_017219.1,2324102,2332492,8390,islandpath_dimob
NC_017219.1,2377480,2384229,6749,islandpath_dimob
NC_017219.1,1513166,1530361,17195,islandpath_dimob
NC_017219.1,1377758,1407908,30150,islandpath_dimob
NC_017219.1,1175995,1186742,10747,islandpath_dimob
NC_017219.1,1209136,1221451,12315,islandpath_dimob
NC_017219.1,555594,570886,15292,islandpath_dimob
NC_017219.1,511806,523564,11758,islandpath_dimob
NC_017200.1,2572854,2578035,5181,islandpath_dimob
NC_017200.1,2620493,2628833,8340,islandpath_dimob
NC_017200.1,4794408,4804620,10212,islandpath_dimob
NC_017200.1,4945006,4994388,49382,islandpath_dimob
NC_017200.1,1112785,1124523,11738,islandpath_dimob
NC_017200.1,1826985,1836198,9213,islandpath_dimob
NC_017200.1,405862,409540,3678,islandpath_dimob
NC_017218.1,1825106,1848376,23270,islandpath_dimob
NC_017218.1,1640777,1661637,20860,islandpath_dimob
NC_017218.1,1514229,1524661,10432,islandpath_dimob
NC_017218.1,262422,293593,31171,islandpath_dimob
NC_017218.1,208472,221318,12846,islandpath_dimob
NC_017195.1,3925465,3940413,14948,islandpath_dimob
NC_017218.1,160481,195176,34695,islandpath_dimob
NC_017195.1,3835653,3846151,10498,islandpath_dimob
NC_017195.1,3370870,3376591,5721,islandpath_dimob
NC_017195.1,2500619,2547103,46484,islandpath_dimob
NC_017195.1,1669609,1675712,6103,islandpath_dimob
NC_017217.1,1693897,1703207,9310,islandpath_dimob
NC_017195.1,521822,531794,9972,islandpath_dimob
NC_017217.1,1367951,1375963,8012,islandpath_dimob
NC_017217.1,1095627,1111312,15685,islandpath_dimob
NC_017221.1,1934823,1944040,9217,islandpath_dimob
NC_017221.1,2148522,2156036,7514,islandpath_dimob
NC_017221.1,1789997,1805502,15505,islandpath_dimob
NC_017221.1,1144095,1153564,9469,islandpath_dimob
NC_017221.1,1411605,1426718,15113,islandpath_dimob
NC_017221.1,1007913,1020602,12689,islandpath_dimob
NC_017221.1,922740,931878,9138,islandpath_dimob
NC_017221.1,196976,208160,11184,islandpath_dimob
NC_017186.1,9888034,9898975,10941,islandpath_dimob
NC_017186.1,8448816,8454616,5800,islandpath_dimob
NC_017186.1,8588425,8626695,38270,islandpath_dimob
NC_017186.1,7172448,7181513,9065,islandpath_dimob
NC_017186.1,7377839,7384271,6432,islandpath_dimob
NC_017186.1,6802948,6839320,36372,islandpath_dimob
NC_017186.1,6457645,6469470,11825,islandpath_dimob
NC_017186.1,6422502,6427313,4811,islandpath_dimob
NC_017186.1,6437866,6445619,7753,islandpath_dimob
NC_017186.1,6287118,6295613,8495,islandpath_dimob
NC_017186.1,6108676,6140861,32185,islandpath_dimob
NC_017186.1,5190697,5198850,8153,islandpath_dimob
NC_017186.1,5594689,5627115,32426,islandpath_dimob
NC_017186.1,4019749,4026491,6742,islandpath_dimob
NC_017186.1,4118709,4135897,17188,islandpath_dimob
NC_017186.1,3013622,3021550,7928,islandpath_dimob
NC_017186.1,2260604,2284243,23639,islandpath_dimob
NC_017186.1,1832262,1846567,14305,islandpath_dimob
NC_017186.1,366420,391584,25164,islandpath_dimob
NC_017208.1,4554160,4568867,14707,islandpath_dimob
NC_017208.1,4474573,4481946,7373,islandpath_dimob
NC_017208.1,4451711,4472124,20413,islandpath_dimob
NC_017208.1,3128410,3137104,8694,islandpath_dimob
NC_017208.1,3795054,3811408,16354,islandpath_dimob
NC_017208.1,3957429,3967010,9581,islandpath_dimob
NC_017208.1,2635373,2641434,6061,islandpath_dimob
NC_017208.1,2609494,2620757,11263,islandpath_dimob
NC_017208.1,2595804,2604657,8853,islandpath_dimob
NC_017208.1,2354106,2361578,7472,islandpath_dimob
NC_017208.1,2135942,2152563,16621,islandpath_dimob
NC_017208.1,1861842,1875060,13218,islandpath_dimob
NC_017208.1,709966,716244,6278,islandpath_dimob
NC_017208.1,1835508,1843062,7554,islandpath_dimob
NC_017208.1,702711,707728,5017,islandpath_dimob
NC_017208.1,285447,293622,8175,islandpath_dimob
NC_017834.1,331444,348262,16818,islandpath_dimob
NC_017216.1,1693788,1703098,9310,islandpath_dimob
NC_017216.1,1367862,1375874,8012,islandpath_dimob
NC_017216.1,1094520,1111280,16760,islandpath_dimob
NC_016771.1,4824786,4839807,15021,islandpath_dimob
NC_016771.1,3707431,3716548,9117,islandpath_dimob
NC_016771.1,3737951,3747295,9344,islandpath_dimob
NC_016771.1,3392965,3407303,14338,islandpath_dimob
NC_016771.1,2027002,2035482,8480,islandpath_dimob
NC_016771.1,3275075,3283430,8355,islandpath_dimob
NC_016771.1,994974,1009309,14335,islandpath_dimob
NC_016771.1,900114,906550,6436,islandpath_dimob
NC_017215.1,1693198,1704705,11507,islandpath_dimob
NC_016771.1,288322,311085,22763,islandpath_dimob
NC_017215.1,1367314,1375936,8622,islandpath_dimob
NC_017215.1,279551,291555,12004,islandpath_dimob
NC_017215.1,1095179,1109014,13835,islandpath_dimob
NC_017743.1,3939239,3943701,4462,islandpath_dimob
NC_017743.1,4028596,4043041,14445,islandpath_dimob
NC_017743.1,2615380,2620591,5211,islandpath_dimob
NC_017743.1,3601567,3608519,6952,islandpath_dimob
NC_017743.1,2556924,2575948,19024,islandpath_dimob
NC_017743.1,1929049,1950705,21656,islandpath_dimob
NC_017743.1,1311858,1318035,6177,islandpath_dimob
NC_017743.1,583546,604372,20826,islandpath_dimob
NC_017743.1,524964,579826,54862,islandpath_dimob
NC_017138.1,4845863,4863347,17484,islandpath_dimob
NC_017138.1,2622734,2640172,17438,islandpath_dimob
NC_017214.1,1729273,1744132,14859,islandpath_dimob
NC_017138.1,2296271,2313750,17479,islandpath_dimob
NC_017214.1,385765,395075,9310,islandpath_dimob
NC_017214.1,60050,68672,8622,islandpath_dimob
NC_017061.1,2350956,2361135,10179,islandpath_dimob
NC_017061.1,2946399,2957663,11264,islandpath_dimob
NC_017061.1,2016812,2028903,12091,islandpath_dimob
NC_017190.1,1470304,1514229,43925,islandpath_dimob
NC_016779.1,4183559,4208474,24915,islandpath_dimob
NC_016779.1,3477220,3488360,11140,islandpath_dimob
NC_016779.1,2004188,2040323,36135,islandpath_dimob
NC_016784.1,3574732,3579168,4436,islandpath_dimob
NC_016784.1,3012042,3056275,44233,islandpath_dimob
NC_016779.1,3029316,3041207,11891,islandpath_dimob
NC_016779.1,3298124,3319195,21071,islandpath_dimob
NC_017061.1,1860692,2005593,144901,islandpath_dimob
NC_017061.1,1491131,1536012,44881,islandpath_dimob
NC_017846.1,1699582,1708611,9029,islandpath_dimob
NC_017846.1,1588343,1599884,11541,islandpath_dimob
NC_017846.1,414533,424349,9816,islandpath_dimob
NC_016603.1,1303583,1315644,12061,islandpath_dimob
NC_017729.1,3758405,3770362,11957,islandpath_dimob
NC_016620.1,762504,777242,14738,islandpath_dimob
NC_017061.1,1157539,1201808,44269,islandpath_dimob
NC_017803.1,7909046,7924646,15600,islandpath_dimob
NC_017803.1,9067914,9072569,4655,islandpath_dimob
NC_017729.1,987820,996441,8621,islandpath_dimob
NC_017729.1,2045076,2054131,9055,islandpath_dimob
NC_017729.1,3464690,3496712,32022,islandpath_dimob
NC_017803.1,7641387,7674420,33033,islandpath_dimob
NC_017803.1,7126713,7140049,13336,islandpath_dimob
NC_017803.1,6532784,6545917,13133,islandpath_dimob
NC_017803.1,6890961,6895136,4175,islandpath_dimob
NC_017803.1,6901580,6927200,25620,islandpath_dimob
NC_017803.1,6501503,6521049,19546,islandpath_dimob
NC_017803.1,6417801,6426499,8698,islandpath_dimob
NC_017803.1,6433891,6444379,10488,islandpath_dimob
NC_017803.1,6482781,6499188,16407,islandpath_dimob
NC_017803.1,6346148,6379271,33123,islandpath_dimob
NC_017803.1,5318316,5325603,7287,islandpath_dimob
NC_017803.1,5399112,5419877,20765,islandpath_dimob
NC_017803.1,4729623,4744404,14781,islandpath_dimob
NC_017803.1,3641561,3652937,11376,islandpath_dimob
NC_017803.1,3825523,3843896,18373,islandpath_dimob
NC_017803.1,1125737,1143296,17559,islandpath_dimob
NC_017093.1,5230509,5237466,6957,islandpath_dimob
NC_017803.1,236706,284356,47650,islandpath_dimob
NC_017093.1,3321045,3341029,19984,islandpath_dimob
NC_017093.1,3773522,3792602,19080,islandpath_dimob
NC_017093.1,4373674,4386036,12362,islandpath_dimob
NC_017190.1,3884943,3898043,13100,islandpath_dimob
NC_017093.1,3205132,3216774,11642,islandpath_dimob
NC_017190.1,3162872,3180566,17694,islandpath_dimob
NC_017190.1,2007704,2018088,10384,islandpath_dimob
NC_017190.1,2139775,2280299,140524,islandpath_dimob
NC_017108.1,516547,548677,32130,islandpath_dimob
NC_017108.1,276160,282210,6050,islandpath_dimob
NC_017150.1,2383361,2394352,10991,islandpath_dimob
NC_017150.1,2085136,2110229,25093,islandpath_dimob
NC_016894.1,3893228,3919400,26172,islandpath_dimob
NC_016894.1,3117952,3146209,28257,islandpath_dimob
NC_016894.1,3584574,3611985,27411,islandpath_dimob
NC_016603.1,3486,35125,31639,islandpath_dimob
NC_017100.1,2786583,2795104,8521,islandpath_dimob
NC_017100.1,2895366,2904275,8909,islandpath_dimob
NC_017100.1,2580968,2615445,34477,islandpath_dimob
NC_017150.1,1934348,1954399,20051,islandpath_dimob
NC_017150.1,1836431,1887994,51563,islandpath_dimob
NC_017150.1,850782,885466,34684,islandpath_dimob
NC_017121.1,2026584,2046635,20051,islandpath_dimob
NC_017121.1,1928667,1980230,51563,islandpath_dimob
NC_017121.1,850776,885460,34684,islandpath_dimob
NC_017121.1,1518080,1536229,18149,islandpath_dimob
NC_017121.1,2177372,2202465,25093,islandpath_dimob
NC_017121.1,2474164,2485155,10991,islandpath_dimob
NC_017121.1,2578310,2612787,34477,islandpath_dimob
NC_017121.1,2785340,2793861,8521,islandpath_dimob
NC_017121.1,2894123,2903032,8909,islandpath_dimob
NC_017146.1,168917,202426,33509,islandpath_dimob
NC_017146.1,276160,282210,6050,islandpath_dimob
NC_017146.1,516547,548677,32130,islandpath_dimob
NC_017146.1,850776,885460,34684,islandpath_dimob
NC_017146.1,1519097,1537246,18149,islandpath_dimob
NC_017146.1,1929678,1982910,53232,islandpath_dimob
NC_017146.1,2029264,2049315,20051,islandpath_dimob
NC_017146.1,2180052,2205145,25093,islandpath_dimob
NC_017146.1,2476844,2487835,10991,islandpath_dimob
NC_017146.1,2580990,2615467,34477,islandpath_dimob
NC_017146.1,2786605,2795126,8521,islandpath_dimob
NC_017146.1,2895388,2904297,8909,islandpath_dimob
NC_017111.1,168917,202426,33509,islandpath_dimob
NC_017111.1,276160,282210,6050,islandpath_dimob
NC_017111.1,516547,548677,32130,islandpath_dimob
NC_017111.1,850776,885460,34684,islandpath_dimob
NC_017111.1,1518080,1536229,18149,islandpath_dimob
NC_017111.1,1928655,1980218,51563,islandpath_dimob
NC_017111.1,2026572,2046648,20076,islandpath_dimob
NC_017111.1,2177385,2202478,25093,islandpath_dimob
NC_017111.1,2474177,2485168,10991,islandpath_dimob
NC_017111.1,2578323,2612800,34477,islandpath_dimob
NC_017111.1,2783938,2792459,8521,islandpath_dimob
NC_017111.1,2892721,2901630,8909,islandpath_dimob
NC_017150.1,168917,202426,33509,islandpath_dimob
NC_017150.1,276160,282210,6050,islandpath_dimob
NC_017150.1,516553,548683,32130,islandpath_dimob
NC_017100.1,2476822,2487813,10991,islandpath_dimob
NC_016894.1,2896452,2924946,28494,islandpath_dimob
NC_016894.1,1998583,2009798,11215,islandpath_dimob
NC_016894.1,1663006,1680429,17423,islandpath_dimob
NC_016894.1,1270955,1288252,17297,islandpath_dimob
NC_016894.1,736497,752008,15511,islandpath_dimob
NC_016894.1,517403,532283,14880,islandpath_dimob
NC_016894.1,150382,173898,23516,islandpath_dimob
NC_017125.1,2895346,2904255,8909,islandpath_dimob
NC_016894.1,1324761,1356291,31530,islandpath_dimob
NC_016894.1,1390113,1410683,20570,islandpath_dimob
NC_016894.1,1542011,1562010,19999,islandpath_dimob
NC_017108.1,168917,202426,33509,islandpath_dimob
NC_017150.1,2694537,2703519,8982,islandpath_dimob
NC_017150.1,2803320,2812229,8909,islandpath_dimob
NC_017150.1,2487507,2521984,34477,islandpath_dimob
NC_017121.1,516547,548677,32130,islandpath_dimob
NC_017121.1,276160,282210,6050,islandpath_dimob
NC_017121.1,168917,202426,33509,islandpath_dimob
NC_016894.1,3990088,4007931,17843,islandpath_dimob
NC_016894.1,3956432,3970694,14262,islandpath_dimob
NC_017125.1,2786563,2795084,8521,islandpath_dimob
NC_017125.1,2580948,2615425,34477,islandpath_dimob
NC_017125.1,2476802,2487793,10991,islandpath_dimob
NC_017125.1,2180010,2205103,25093,islandpath_dimob
NC_017125.1,2029252,2049273,20021,islandpath_dimob
NC_017125.1,1929666,1982898,53232,islandpath_dimob
NC_017125.1,1519097,1537246,18149,islandpath_dimob
NC_017125.1,850776,885460,34684,islandpath_dimob
NC_017125.1,168917,202426,33509,islandpath_dimob
NC_017125.1,276160,282210,6050,islandpath_dimob
NC_017125.1,516547,548677,32130,islandpath_dimob
NC_016784.1,2058474,2063835,5361,islandpath_dimob
NC_016784.1,2166373,2187169,20796,islandpath_dimob
NC_016784.1,596552,605845,9293,islandpath_dimob
NC_016784.1,636405,649815,13410,islandpath_dimob
NC_016784.1,2023597,2029030,5433,islandpath_dimob
NC_016784.1,2046269,2057232,10963,islandpath_dimob
NC_017191.1,3052737,3089977,37240,islandpath_dimob
NC_017191.1,2904152,2943703,39551,islandpath_dimob
NC_017191.1,2243719,2249026,5307,islandpath_dimob
NC_017191.1,2180894,2209261,28367,islandpath_dimob
NC_017188.1,3905792,3912264,6472,islandpath_dimob
NC_017191.1,1179346,1313521,134175,islandpath_dimob
NC_017188.1,3050262,3087931,37669,islandpath_dimob
NC_017188.1,2902106,2941657,39551,islandpath_dimob
NC_017188.1,2241684,2246991,5307,islandpath_dimob
NC_017188.1,1177769,1310994,133225,islandpath_dimob
NC_016622.1,1678140,1686600,8460,islandpath_dimob
NC_016622.1,1946525,1984118,37593,islandpath_dimob
NC_016622.1,536508,543066,6558,islandpath_dimob
NC_016622.1,819754,825359,5605,islandpath_dimob
NC_016622.1,1449402,1457414,8012,islandpath_dimob
NC_016622.1,1605619,1624394,18775,islandpath_dimob
NC_016622.1,87031,97239,10208,islandpath_dimob
NC_016622.1,403848,445472,41624,islandpath_dimob
NC_017192.1,1384391,1393273,8882,islandpath_dimob
NC_017192.1,2025055,2039854,14799,islandpath_dimob
NC_017192.1,1314654,1345540,30886,islandpath_dimob
NC_017192.1,944994,970323,25329,islandpath_dimob
NC_017192.1,917759,938167,20408,islandpath_dimob
NC_017192.1,885359,908384,23025,islandpath_dimob
NC_017187.1,2174925,2192838,17913,islandpath_dimob
NC_017187.1,2084455,2098806,14351,islandpath_dimob
NC_017187.1,1574380,1595426,21046,islandpath_dimob
NC_017167.1,2288224,2311152,22928,islandpath_dimob
NC_017167.1,2826422,2840836,14414,islandpath_dimob
NC_017187.1,569695,578958,9263,islandpath_dimob
NC_017187.1,1275029,1288495,13466,islandpath_dimob
NC_017167.1,1773107,1778427,5320,islandpath_dimob
NC_017167.1,1790603,1811549,20946,islandpath_dimob
NC_017167.1,1413142,1416548,3406,islandpath_dimob
NC_017167.1,1726187,1768398,42211,islandpath_dimob
NC_017167.1,1148182,1158890,10708,islandpath_dimob
NC_017167.1,1095982,1107014,11032,islandpath_dimob
NC_017167.1,411410,418268,6858,islandpath_dimob
NC_017167.1,1053248,1060649,7401,islandpath_dimob
NC_017167.1,354184,361708,7524,islandpath_dimob
NC_017167.1,366544,379636,13092,islandpath_dimob
NC_017167.1,38563,45069,6506,islandpath_dimob
NC_017171.1,2894511,2903402,8891,islandpath_dimob
NC_017167.1,9714,30251,20537,islandpath_dimob
NC_017171.1,1567302,1572765,5463,islandpath_dimob
NC_017171.1,1760823,1767312,6489,islandpath_dimob
NC_017171.1,2400136,2422265,22129,islandpath_dimob
NC_017171.1,1068406,1077948,9542,islandpath_dimob
NC_017171.1,1339216,1349639,10423,islandpath_dimob
NC_017171.1,1419796,1430385,10589,islandpath_dimob
NC_017171.1,787959,823118,35159,islandpath_dimob
NC_017171.1,285654,294053,8399,islandpath_dimob
NC_017171.1,262115,272792,10677,islandpath_dimob
NC_017387.1,3389084,3410694,21610,islandpath_dimob
NC_017387.1,3363339,3377855,14516,islandpath_dimob
NC_017387.1,3217661,3227155,9494,islandpath_dimob
NC_017387.1,1850626,1857115,6489,islandpath_dimob
NC_017387.1,2567780,2578833,11053,islandpath_dimob
NC_017387.1,1637941,1645149,7208,islandpath_dimob
NC_017387.1,1832161,1843078,10917,islandpath_dimob
NC_017387.1,1492413,1502998,10585,islandpath_dimob
NC_017387.1,1304290,1310779,6489,islandpath_dimob
NC_017387.1,1070777,1094846,24069,islandpath_dimob
NC_017387.1,1007232,1012181,4949,islandpath_dimob
NC_017387.1,992926,1003275,10349,islandpath_dimob
NC_017387.1,791070,828416,37346,islandpath_dimob
NC_017387.1,287677,296076,8399,islandpath_dimob
NC_017387.1,252066,284003,31937,islandpath_dimob
NC_017162.1,3706034,3717865,11831,islandpath_dimob
NC_017162.1,3150936,3198708,47772,islandpath_dimob
NC_017162.1,2858269,2876857,18588,islandpath_dimob
NC_017162.1,2107535,2114551,7016,islandpath_dimob
NC_017162.1,2440904,2449771,8867,islandpath_dimob
NC_017162.1,1989730,1998539,8809,islandpath_dimob
NC_017162.1,1609268,1615904,6636,islandpath_dimob
NC_017162.1,1759141,1768524,9383,islandpath_dimob
NC_017162.1,1467532,1500771,33239,islandpath_dimob
NC_017162.1,1235814,1251530,15716,islandpath_dimob
NC_017162.1,1163046,1188369,25323,islandpath_dimob
NC_017162.1,273992,284426,10434,islandpath_dimob
NC_017162.1,789094,825553,36459,islandpath_dimob
NC_017162.1,261339,272646,11307,islandpath_dimob
NC_017847.1,3686970,3709809,22839,islandpath_dimob
NC_017847.1,3671628,3679359,7731,islandpath_dimob
NC_017847.1,3149666,3174633,24967,islandpath_dimob
NC_017847.1,2661081,2676543,15462,islandpath_dimob
NC_017847.1,2238678,2244782,6104,islandpath_dimob
NC_017847.1,2433761,2440969,7208,islandpath_dimob
NC_017847.1,1572790,1577339,4549,islandpath_dimob
NC_017847.1,1612213,1617033,4820,islandpath_dimob
NC_017847.1,1376883,1387512,10629,islandpath_dimob
NC_017846.1,2155609,2175596,19987,islandpath_dimob
NC_017100.1,2180030,2205123,25093,islandpath_dimob
NC_017100.1,2029257,2049293,20036,islandpath_dimob
NC_017100.1,1929672,1982903,53231,islandpath_dimob
NC_017100.1,1519097,1537246,18149,islandpath_dimob
NC_017100.1,850776,885460,34684,islandpath_dimob
NC_017100.1,276160,282210,6050,islandpath_dimob
NC_017100.1,516547,548677,32130,islandpath_dimob
NC_017100.1,168917,202426,33509,islandpath_dimob
NC_016513.1,978389,994865,16476,islandpath_dimob
NC_016513.1,731573,733841,2268,islandpath_dimob
NC_016513.1,745052,756416,11364,islandpath_dimob
NC_016513.1,402807,427807,25000,islandpath_dimob
NC_017108.1,2783920,2792441,8521,islandpath_dimob
NC_017108.1,2892703,2901612,8909,islandpath_dimob
NC_017108.1,2578305,2612782,34477,islandpath_dimob
NC_017108.1,2474159,2485150,10991,islandpath_dimob
NC_017108.1,2177367,2202460,25093,islandpath_dimob
NC_017108.1,2026584,2046630,20046,islandpath_dimob
NC_017108.1,1928667,1980230,51563,islandpath_dimob
NC_017108.1,1518080,1536229,18149,islandpath_dimob
NC_017108.1,850776,885460,34684,islandpath_dimob
NC_010163.1,607210,645632,38422,islandpath_dimob
NC_010163.1,1079083,1100583,21500,islandpath_dimob
NC_015518.1,253974,258262,4288,islandpath_dimob
NC_015518.1,392501,398661,6160,islandpath_dimob
NC_015518.1,1396199,1409446,13247,islandpath_dimob
NC_015518.1,1633721,1639547,5826,islandpath_dimob
NC_015518.1,1939594,1948252,8658,islandpath_dimob
NC_016077.1,705972,714744,8772,islandpath_dimob
NC_016077.1,1331206,1348983,17777,islandpath_dimob
NC_016077.1,1418703,1428256,9553,islandpath_dimob
NC_016077.1,1540693,1546250,5557,islandpath_dimob
NC_016077.1,1953550,1975728,22178,islandpath_dimob
NC_009925.1,98427,102744,4317,islandpath_dimob
NC_009925.1,667952,674434,6482,islandpath_dimob
NC_009925.1,716910,721081,4171,islandpath_dimob
NC_009925.1,1001554,1011518,9964,islandpath_dimob
NC_009925.1,1502732,1508058,5326,islandpath_dimob
NC_009925.1,1581748,1587637,5889,islandpath_dimob
NC_009925.1,2086689,2092105,5416,islandpath_dimob
NC_009925.1,2280898,2286860,5962,islandpath_dimob
NC_009925.1,2402873,2413352,10479,islandpath_dimob
NC_009925.1,3044185,3050818,6633,islandpath_dimob
NC_009925.1,3237133,3245380,8247,islandpath_dimob
NC_009925.1,3735092,3757545,22453,islandpath_dimob
NC_009925.1,3911588,3928450,16862,islandpath_dimob
NC_009925.1,4244335,4253059,8724,islandpath_dimob
NC_009925.1,4307981,4321322,13341,islandpath_dimob
NC_009925.1,5735886,5748878,12992,islandpath_dimob
NC_009925.1,5895553,5908187,12634,islandpath_dimob
NC_009925.1,6166347,6173219,6872,islandpath_dimob
NC_009925.1,6198540,6210249,11709,islandpath_dimob
NC_009925.1,6231813,6237626,5813,islandpath_dimob
NC_009925.1,6270662,6282042,11380,islandpath_dimob
NC_009925.1,6309133,6322611,13478,islandpath_dimob
NC_015850.1,183883,192469,8586,islandpath_dimob
NC_015850.1,515260,519644,4384,islandpath_dimob
NC_015850.1,748743,761270,12527,islandpath_dimob
NC_015850.1,894349,901334,6985,islandpath_dimob
NC_015850.1,1214068,1272364,58296,islandpath_dimob
NC_015850.1,1629234,1649170,19936,islandpath_dimob
NC_015850.1,2784913,2802812,17899,islandpath_dimob
NC_009484.1,102503,129011,26508,islandpath_dimob
NC_009484.1,323464,335993,12529,islandpath_dimob
NC_009484.1,866992,908826,41834,islandpath_dimob
NC_009484.1,1431994,1448363,16369,islandpath_dimob
NC_009484.1,1631038,1641409,10371,islandpath_dimob
NC_009484.1,2663761,2686640,22879,islandpath_dimob
NC_015942.1,363417,370770,7353,islandpath_dimob
NC_015942.1,423830,458758,34928,islandpath_dimob
NC_015942.1,1953966,1960432,6466,islandpath_dimob
NC_015942.1,2217587,2233892,16305,islandpath_dimob
NC_015942.1,2279513,2299354,19841,islandpath_dimob
NC_015942.1,2307439,2319790,12351,islandpath_dimob
NC_015942.1,2353010,2373113,20103,islandpath_dimob
NC_015942.1,2552720,2572438,19718,islandpath_dimob
NC_015942.1,3098353,3108520,10167,islandpath_dimob
NC_012483.1,424178,456159,31981,islandpath_dimob
NC_012483.1,490641,502240,11599,islandpath_dimob
NC_012483.1,730093,754871,24778,islandpath_dimob
NC_012483.1,1819752,1844980,25228,islandpath_dimob
NC_012483.1,1874872,1886725,11853,islandpath_dimob
NC_012483.1,3001735,3019754,18019,islandpath_dimob
NC_012483.1,3024526,3033363,8837,islandpath_dimob
NC_012483.1,3741119,3776885,35766,islandpath_dimob
NC_015186.1,49297,65803,16506,islandpath_dimob
NC_015186.1,139816,158751,18935,islandpath_dimob
NC_015186.1,354738,363276,8538,islandpath_dimob
NC_015186.1,538600,554105,15505,islandpath_dimob
NC_015186.1,816870,834062,17192,islandpath_dimob
NC_015186.1,1138417,1165606,27189,islandpath_dimob
NC_015186.1,1173124,1181413,8289,islandpath_dimob
NC_015186.1,2065475,2093620,28145,islandpath_dimob
NC_015186.1,2132391,2144065,11674,islandpath_dimob
NC_015186.1,2149241,2163446,14205,islandpath_dimob
NC_015186.1,2203744,2212677,8933,islandpath_dimob
NC_015186.1,2224051,2233351,9300,islandpath_dimob
NC_015186.1,2263411,2281354,17943,islandpath_dimob
NC_015186.1,2831864,2837016,5152,islandpath_dimob
NC_015186.1,2844867,2852713,7846,islandpath_dimob
NC_015186.1,2914423,2926646,12223,islandpath_dimob
NC_015186.1,3275714,3284181,8467,islandpath_dimob
NC_011206.1,123504,128220,4716,islandpath_dimob
NC_011206.1,206554,231856,25302,islandpath_dimob
NC_011206.1,1725838,1747267,21429,islandpath_dimob
NC_011206.1,2764448,2781180,16732,islandpath_dimob
NC_015064.1,109238,122074,12836,islandpath_dimob
NC_015064.1,754616,771191,16575,islandpath_dimob
NC_015064.1,1174987,1183084,8097,islandpath_dimob
NC_015064.1,2296516,2332547,36031,islandpath_dimob
NC_015064.1,2343162,2357012,13850,islandpath_dimob
NC_015064.1,3659803,3675611,15808,islandpath_dimob
NC_011761.1,761560,773481,11921,islandpath_dimob
NC_011761.1,1388762,1402920,14158,islandpath_dimob
NC_011761.1,2184586,2188615,4029,islandpath_dimob
NC_011761.1,2823014,2837512,14498,islandpath_dimob
NC_008782.1,1494669,1501913,7244,islandpath_dimob
NC_008782.1,1517557,1523601,6044,islandpath_dimob
NC_008782.1,1607893,1619034,11141,islandpath_dimob
NC_008782.1,1943299,1955650,12351,islandpath_dimob
NC_008782.1,2284331,2300853,16522,islandpath_dimob
NC_008782.1,2319089,2369252,50163,islandpath_dimob
NC_008782.1,2609863,2620654,10791,islandpath_dimob
NC_008782.1,2797589,2824029,26440,islandpath_dimob
NC_008782.1,3112655,3134404,21749,islandpath_dimob
NC_008782.1,3220651,3247498,26847,islandpath_dimob
NC_008782.1,3558135,3567511,9376,islandpath_dimob
NC_011992.1,1976418,1983717,7299,islandpath_dimob
NC_011992.1,2275170,2279005,3835,islandpath_dimob
NC_011992.1,3379833,3452933,73100,islandpath_dimob
NC_011992.1,3458683,3473819,15136,islandpath_dimob
NC_011992.1,3555524,3567484,11960,islandpath_dimob
NC_011586.1,273864,322481,48617,islandpath_dimob
NC_011586.1,967752,977787,10035,islandpath_dimob
NC_011586.1,1821124,1828141,7017,islandpath_dimob
NC_011586.1,3214839,3242105,27266,islandpath_dimob
NC_015138.1,697049,723772,26723,islandpath_dimob
NC_015138.1,776752,788659,11907,islandpath_dimob
NC_015138.1,1147466,1158198,10732,islandpath_dimob
NC_015138.1,2076835,2089038,12203,islandpath_dimob
NC_015138.1,4208895,4223861,14966,islandpath_dimob
NC_015138.1,5199856,5211523,11667,islandpath_dimob
NC_015138.1,5278828,5292854,14026,islandpath_dimob
NC_008752.1,588295,594892,6597,islandpath_dimob
NC_008752.1,733147,746525,13378,islandpath_dimob
NC_008752.1,762466,769420,6954,islandpath_dimob
NC_008752.1,1173422,1184076,10654,islandpath_dimob
NC_008752.1,1716978,1724888,7910,islandpath_dimob
NC_008752.1,2340070,2353819,13749,islandpath_dimob
NC_008752.1,2614685,2634213,19528,islandpath_dimob
NC_008752.1,2642274,2648157,5883,islandpath_dimob
NC_008752.1,2731711,2738718,7007,islandpath_dimob
NC_008752.1,3512697,3523533,10836,islandpath_dimob
NC_008752.1,3603569,3612798,9229,islandpath_dimob
NC_008752.1,4214244,4221517,7273,islandpath_dimob
NC_010400.1,698238,704548,6310,islandpath_dimob
NC_010400.1,707460,739737,32277,islandpath_dimob
NC_010400.1,1435020,1442683,7663,islandpath_dimob
NC_010400.1,2388801,2397603,8802,islandpath_dimob
NC_010400.1,2482567,2509007,26440,islandpath_dimob
NC_010400.1,2538721,2544060,5339,islandpath_dimob
NC_010400.1,3096420,3109221,12801,islandpath_dimob
NC_010400.1,3295599,3310820,15221,islandpath_dimob
NC_009085.1,672110,732184,60074,islandpath_dimob
NC_009085.1,785564,815011,29447,islandpath_dimob
NC_009085.1,1741764,1748773,7009,islandpath_dimob
NC_009085.1,2942175,2987233,45058,islandpath_dimob
NC_011595.1,2117310,2123412,6102,islandpath_dimob
NC_011595.1,2681292,2690140,8848,islandpath_dimob
NC_010611.1,249114,260219,11105,islandpath_dimob
NC_010611.1,758340,794475,36135,islandpath_dimob
NC_010611.1,1308071,1318656,10585,islandpath_dimob
NC_010611.1,1455174,1462003,6829,islandpath_dimob
NC_010611.1,2353935,2360711,6776,islandpath_dimob
NC_010611.1,3148717,3155177,6460,islandpath_dimob
NC_010410.1,1307527,1315143,7616,islandpath_dimob
NC_010410.1,1819597,1827325,7728,islandpath_dimob
NC_010410.1,2395639,2406996,11357,islandpath_dimob
NC_010410.1,2492216,2500578,8362,islandpath_dimob
NC_010410.1,2686595,2697551,10956,islandpath_dimob
NC_010410.1,3663145,3685503,22358,islandpath_dimob
NC_009655.1,1362486,1402482,39996,islandpath_dimob
NC_009655.1,1544061,1550752,6691,islandpath_dimob
NC_010278.1,1051528,1071303,19775,islandpath_dimob
NC_010278.1,2211978,2219587,7609,islandpath_dimob
NC_009053.1,557223,601744,44521,islandpath_dimob
NC_009053.1,1085816,1102426,16610,islandpath_dimob
NC_009053.1,2244964,2254648,9684,islandpath_dimob
NC_015278.1,140844,206712,65868,islandpath_dimob
NC_015278.1,533966,545721,11755,islandpath_dimob
NC_000854.2,479413,493787,14374,islandpath_dimob
NC_010939.1,518472,561108,42636,islandpath_dimob
NC_010939.1,570914,586535,15621,islandpath_dimob
NC_010939.1,1119495,1131758,12263,islandpath_dimob
NC_010939.1,1814121,1837204,23083,islandpath_dimob
NC_008570.1,2225454,2247463,22009,islandpath_dimob
NC_008570.1,3233433,3265912,32479,islandpath_dimob
NC_015508.1,1055,20727,19672,islandpath_dimob
NC_015508.1,261868,280638,18770,islandpath_dimob
NC_015508.1,301752,332058,30306,islandpath_dimob
NC_015508.1,338226,360877,22651,islandpath_dimob
NC_015508.1,650125,674359,24234,islandpath_dimob
NC_015508.1,2098057,2118272,20215,islandpath_dimob
NC_003063.2,924427,947988,23561,islandpath_dimob
NC_003063.2,2041332,2065299,23967,islandpath_dimob
NC_003062.2,427501,469733,42232,islandpath_dimob
NC_003062.2,1173774,1186051,12277,islandpath_dimob
NC_011983.1,169597,200846,31249,islandpath_dimob
NC_011983.1,746155,757679,11524,islandpath_dimob
NC_011983.1,768803,793730,24927,islandpath_dimob
NC_011983.1,868852,888620,19768,islandpath_dimob
NC_011983.1,1342138,1348853,6715,islandpath_dimob
NC_011983.1,1362514,1373100,10586,islandpath_dimob
NC_011983.1,1381585,1392184,10599,islandpath_dimob
NC_011983.1,2448152,2458058,9906,islandpath_dimob
NC_011983.1,2553905,2567402,13497,islandpath_dimob
NC_009348.1,1480996,1532487,51491,islandpath_dimob
NC_009348.1,1667953,1675690,7737,islandpath_dimob
NC_009348.1,1677615,1693319,15704,islandpath_dimob
NC_009348.1,2038628,2047760,9132,islandpath_dimob
NC_009348.1,2137077,2155039,17962,islandpath_dimob
NC_009348.1,2250433,2262518,12085,islandpath_dimob
NC_009348.1,2609146,2615091,5945,islandpath_dimob
NC_009348.1,2732737,2751702,18965,islandpath_dimob
NC_009348.1,3264626,3274474,9848,islandpath_dimob
NC_009348.1,4341782,4379585,37803,islandpath_dimob
NC_015424.1,1608927,1624257,15330,islandpath_dimob
NC_015424.1,2032671,2040525,7854,islandpath_dimob
NC_015424.1,2334318,2340772,6454,islandpath_dimob
NC_015424.1,2466427,2479361,12934,islandpath_dimob
NC_015424.1,2749195,2770967,21772,islandpath_dimob
NC_015424.1,3118825,3141617,22792,islandpath_dimob
NC_015424.1,3521828,3548984,27156,islandpath_dimob
NC_015424.1,4394671,4412213,17542,islandpath_dimob
NC_011313.1,111582,119158,7576,islandpath_dimob
NC_011313.1,360933,376559,15626,islandpath_dimob
NC_011313.1,383889,410166,26277,islandpath_dimob
NC_011313.1,603629,611681,8052,islandpath_dimob
NC_011313.1,838156,856041,17885,islandpath_dimob
NC_008260.1,238846,244830,5984,islandpath_dimob
NC_008260.1,2346014,2378711,32697,islandpath_dimob
NC_008260.1,2795286,2807755,12469,islandpath_dimob
NC_010655.1,155648,163321,7673,islandpath_dimob
NC_010655.1,2026505,2038697,12192,islandpath_dimob
NC_010655.1,2310076,2319099,9023,islandpath_dimob
NC_011985.1,1030076,1063259,33183,islandpath_dimob
NC_011985.1,1804254,1848484,44230,islandpath_dimob
NC_011985.1,3257717,3288755,31038,islandpath_dimob
NC_011985.1,3631945,3649459,17514,islandpath_dimob
NC_011985.1,3897257,3915167,17910,islandpath_dimob
NC_011989.1,558798,615301,56503,islandpath_dimob
NC_011989.1,920141,928084,7943,islandpath_dimob
NC_011989.1,1637287,1657146,19859,islandpath_dimob
NC_011989.1,2270008,2296357,26349,islandpath_dimob
NC_011989.1,2528315,2543859,15544,islandpath_dimob
NC_011989.1,2803578,2832827,29249,islandpath_dimob
NC_011312.1,329095,337534,8439,islandpath_dimob
NC_011312.1,428844,434509,5665,islandpath_dimob
NC_011312.1,902909,914363,11454,islandpath_dimob
NC_011312.1,1284376,1296352,11976,islandpath_dimob
NC_011312.1,1729423,1740002,10579,islandpath_dimob
NC_011312.1,1840008,1860709,20701,islandpath_dimob
NC_011312.1,2051215,2063866,12651,islandpath_dimob
NC_011312.1,2257981,2274284,16303,islandpath_dimob
NC_011312.1,2486631,2511765,25134,islandpath_dimob
NC_011312.1,2992447,2996501,4054,islandpath_dimob
NC_011312.1,3094233,3120164,25931,islandpath_dimob
NC_009922.1,658428,666577,8149,islandpath_dimob
NC_009922.1,1147747,1199490,51743,islandpath_dimob
NC_009922.1,2383904,2391353,7449,islandpath_dimob
NC_009922.1,2840271,2858552,18281,islandpath_dimob
NC_014910.1,495325,509826,14501,islandpath_dimob
NC_014910.1,973200,982605,9405,islandpath_dimob
NC_014910.1,1202388,1218743,16355,islandpath_dimob
NC_014910.1,1597448,1607956,10508,islandpath_dimob
NC_014910.1,1644307,1661198,16891,islandpath_dimob
NC_014910.1,1778490,1787221,8731,islandpath_dimob
NC_014910.1,1882161,1894577,12416,islandpath_dimob
NC_014910.1,1916158,1928375,12217,islandpath_dimob
NC_014910.1,3732288,3749622,17334,islandpath_dimob
NC_014910.1,4319220,4336526,17306,islandpath_dimob
NC_008340.1,423528,438051,14523,islandpath_dimob
NC_008340.1,685509,696538,11029,islandpath_dimob
NC_008340.1,874678,887244,12566,islandpath_dimob
NC_008340.1,1233855,1248666,14811,islandpath_dimob
NC_008340.1,1741238,1770222,28984,islandpath_dimob
NC_008340.1,2039018,2059794,20776,islandpath_dimob
NC_008340.1,2609445,2647772,38327,islandpath_dimob
NC_015422.1,1696336,1709335,12999,islandpath_dimob
NC_015422.1,1846291,1873531,27240,islandpath_dimob
NC_015422.1,2084619,2099137,14518,islandpath_dimob
NC_015422.1,2159182,2167378,8196,islandpath_dimob
NC_015422.1,2813518,2831161,17643,islandpath_dimob
NC_015422.1,2873637,2891789,18152,islandpath_dimob
NC_015422.1,3196333,3218659,22326,islandpath_dimob
NC_015422.1,3307247,3315632,8385,islandpath_dimob
NC_015422.1,3369887,3383171,13284,islandpath_dimob
NC_015422.1,3662589,3669239,6650,islandpath_dimob
NC_015422.1,3840668,3851253,10585,islandpath_dimob
NC_009633.1,132215,144704,12489,islandpath_dimob
NC_009633.1,411234,430683,19449,islandpath_dimob
NC_009633.1,995287,1008786,13499,islandpath_dimob
NC_009633.1,1595501,1615793,20292,islandpath_dimob
NC_009633.1,1896421,1902821,6400,islandpath_dimob
NC_009633.1,2590109,2595395,5286,islandpath_dimob
NC_009633.1,3174879,3181752,6873,islandpath_dimob
NC_009633.1,3994632,4016012,21380,islandpath_dimob
NC_009633.1,4100212,4108813,8601,islandpath_dimob
NC_009633.1,4487995,4515518,27523,islandpath_dimob
NC_011138.2,315909,355376,39467,islandpath_dimob
NC_011138.2,357056,397570,40514,islandpath_dimob
NC_011138.2,399193,411435,12242,islandpath_dimob
NC_011138.2,664564,672555,7991,islandpath_dimob
NC_011138.2,1190840,1211098,20258,islandpath_dimob
NC_011138.2,2257735,2269099,11364,islandpath_dimob
NC_011138.2,2408033,2416416,8383,islandpath_dimob
NC_011138.2,2587899,2608133,20234,islandpath_dimob
NC_011138.2,2862213,2870900,8687,islandpath_dimob
NC_011138.2,3048125,3064957,16832,islandpath_dimob
NC_011138.2,3651552,3676879,25327,islandpath_dimob
NC_011138.2,3720024,3746091,26067,islandpath_dimob
NC_015554.1,248893,261716,12823,islandpath_dimob
NC_015554.1,1212160,1228118,15958,islandpath_dimob
NC_015554.1,1661477,1667892,6415,islandpath_dimob
NC_015554.1,1946339,1954199,7860,islandpath_dimob
NC_015554.1,2013976,2021201,7225,islandpath_dimob
NC_015554.1,2356809,2366987,10178,islandpath_dimob
NC_015554.1,2446510,2452939,6429,islandpath_dimob
NC_015554.1,3184723,3195411,10688,islandpath_dimob
NC_015554.1,3698745,3710569,11824,islandpath_dimob
NC_015554.1,3791342,3800992,9650,islandpath_dimob
NC_015554.1,3811081,3849312,38231,islandpath_dimob
NC_015554.1,3959926,3989568,29642,islandpath_dimob
NC_015554.1,4004544,4055370,50826,islandpath_dimob
NC_015554.1,4270883,4298567,27684,islandpath_dimob
NC_015554.1,4726765,4743133,16368,islandpath_dimob
NC_015554.1,4770848,4780413,9565,islandpath_dimob
NC_015554.1,4820701,4839454,18753,islandpath_dimob
NC_014960.1,1516086,1528448,12362,islandpath_dimob
NC_014960.1,1741247,1761744,20497,islandpath_dimob
NC_014960.1,2241627,2285061,43434,islandpath_dimob
NC_014960.1,2404851,2412466,7615,islandpath_dimob
NC_014960.1,2661467,2664749,3282,islandpath_dimob
NC_014960.1,3319263,3330047,10784,islandpath_dimob
NC_007413.1,334202,347542,13340,islandpath_dimob
NC_007413.1,3153032,3187128,34096,islandpath_dimob
NC_007413.1,3681566,3696966,15400,islandpath_dimob
NC_007413.1,3840057,3854028,13971,islandpath_dimob
NC_007413.1,5140200,5152359,12159,islandpath_dimob
NC_009675.1,2625447,2697607,72160,islandpath_dimob
NC_009675.1,3070167,3083640,13473,islandpath_dimob
NC_009675.1,3238022,3248779,10757,islandpath_dimob
NC_009675.1,3828673,3852084,23411,islandpath_dimob
NC_009675.1,4945861,4956921,11060,islandpath_dimob
NC_000918.1,713839,730554,16715,islandpath_dimob
NC_015564.1,398536,416631,18095,islandpath_dimob
NC_015564.1,2262356,2270308,7952,islandpath_dimob
NC_015564.1,3597471,3608417,10946,islandpath_dimob
NC_015564.1,3630934,3636238,5304,islandpath_dimob
NC_015564.1,4397359,4423775,26416,islandpath_dimob
NC_015564.1,4427108,4440700,13592,islandpath_dimob
NC_007760.1,3183260,3196105,12845,islandpath_dimob
NC_011145.1,1737019,1754611,17592,islandpath_dimob
NC_011145.1,4425283,4437994,12711,islandpath_dimob
NC_011145.1,4468451,4474172,5721,islandpath_dimob
NC_011145.1,4632776,4653035,20259,islandpath_dimob
NC_015320.1,408289,426341,18052,islandpath_dimob
NC_015320.1,555901,560560,4659,islandpath_dimob
NC_015320.1,1711493,1716561,5068,islandpath_dimob
NC_011567.1,162991,178728,15737,islandpath_dimob
NC_011567.1,1155430,1187517,32087,islandpath_dimob
NC_011567.1,1618069,1636195,18126,islandpath_dimob
NC_011567.1,1748770,1758691,9921,islandpath_dimob
NC_011567.1,2032277,2047114,14837,islandpath_dimob
NC_011567.1,2074918,2083610,8692,islandpath_dimob
NC_011567.1,2338134,2367225,29091,islandpath_dimob
NC_011567.1,2403143,2433035,29892,islandpath_dimob
NC_011567.1,2596556,2617949,21393,islandpath_dimob
NC_011567.1,2783298,2795608,12310,islandpath_dimob
NC_011567.1,2811457,2819555,8098,islandpath_dimob
NC_011891.1,1227181,1261990,34809,islandpath_dimob
NC_011891.1,1442562,1456491,13929,islandpath_dimob
NC_011891.1,2804057,2821974,17917,islandpath_dimob
NC_011891.1,3375755,3389216,13461,islandpath_dimob
NC_011891.1,3421410,3434193,12783,islandpath_dimob
NC_011891.1,4106616,4112045,5429,islandpath_dimob
NC_011891.1,4454313,4468506,14193,islandpath_dimob
NC_000917.1,117660,124643,6983,islandpath_dimob
NC_000917.1,278918,289218,10300,islandpath_dimob
NC_000917.1,1398503,1418303,19800,islandpath_dimob
NC_007716.1,369298,386340,17042,islandpath_dimob
NC_011886.1,1042167,1047421,5254,islandpath_dimob
NC_008702.1,821109,835423,14314,islandpath_dimob
NC_008702.1,2901512,2915770,14258,islandpath_dimob
NC_008702.1,3548093,3557070,8977,islandpath_dimob
NC_008702.1,4065983,4073585,7602,islandpath_dimob
NC_006513.1,40583,49335,8752,islandpath_dimob
NC_006513.1,143931,177562,33631,islandpath_dimob
NC_006513.1,196349,227320,30971,islandpath_dimob
NC_006513.1,290679,300985,10306,islandpath_dimob
NC_006513.1,429471,440393,10922,islandpath_dimob
NC_006513.1,792484,802945,10461,islandpath_dimob
NC_006513.1,882678,918810,36132,islandpath_dimob
NC_006513.1,1126681,1140464,13783,islandpath_dimob
NC_006513.1,1184566,1191095,6529,islandpath_dimob
NC_006513.1,1594124,1599338,5214,islandpath_dimob
NC_006513.1,1926080,1931397,5317,islandpath_dimob
NC_006513.1,1988574,1994622,6048,islandpath_dimob
NC_006513.1,3088146,3113681,25535,islandpath_dimob
NC_006513.1,3410752,3447912,37160,islandpath_dimob
NC_006513.1,3525940,3540811,14871,islandpath_dimob
NC_006513.1,3756557,3765170,8613,islandpath_dimob
NC_006513.1,4244670,4251430,6760,islandpath_dimob
NC_008711.1,428225,451989,23764,islandpath_dimob
NC_008711.1,1458393,1501507,43114,islandpath_dimob
NC_008711.1,3386677,3396746,10069,islandpath_dimob
NC_008711.1,3435252,3480230,44978,islandpath_dimob
NC_015145.1,1049125,1073157,24032,islandpath_dimob
NC_015145.1,1851760,1869682,17922,islandpath_dimob
NC_015145.1,2321306,2398951,77645,islandpath_dimob
NC_015145.1,2982317,3022026,39709,islandpath_dimob
NC_015145.1,3243340,3262326,18986,islandpath_dimob
NC_015145.1,3666738,3688747,22009,islandpath_dimob
NC_009725.1,1167536,1177276,9740,islandpath_dimob
NC_009725.1,1990178,1996954,6776,islandpath_dimob
NC_009725.1,2078050,2095124,17074,islandpath_dimob
NC_009937.1,249289,259619,10330,islandpath_dimob
NC_009937.1,934780,941753,6973,islandpath_dimob
NC_009937.1,1434028,1441446,7418,islandpath_dimob
NC_009937.1,1444290,1454920,10630,islandpath_dimob
NC_009937.1,3753511,3776825,23314,islandpath_dimob
NC_009937.1,4358122,4376538,18416,islandpath_dimob
NC_009937.1,4397167,4411968,14801,islandpath_dimob
NC_014551.1,2516012,2547096,31084,islandpath_dimob
NC_012560.1,1634262,1642228,7966,islandpath_dimob
NC_012560.1,3293011,3306216,13205,islandpath_dimob
NC_012560.1,3313864,3323299,9435,islandpath_dimob
NC_012560.1,3431960,3452056,20096,islandpath_dimob
NC_012560.1,4102343,4106422,4079,islandpath_dimob
NC_012560.1,4938413,4944777,6364,islandpath_dimob
NC_012581.1,458157,470538,12381,islandpath_dimob
NC_012581.1,732365,767163,34798,islandpath_dimob
NC_012581.1,2177043,2182487,5444,islandpath_dimob
NC_012581.1,3232224,3242051,9827,islandpath_dimob
NC_005945.1,996727,1005348,8621,islandpath_dimob
NC_005945.1,2056665,2063840,7175,islandpath_dimob
NC_005945.1,2473976,2493397,19421,islandpath_dimob
NC_005945.1,3474865,3507574,32709,islandpath_dimob
NC_005945.1,3768652,3780914,12262,islandpath_dimob
NC_012659.1,996796,1005354,8558,islandpath_dimob
NC_012659.1,2052845,2060762,7917,islandpath_dimob
NC_012659.1,3456943,3505712,48769,islandpath_dimob
NC_012659.1,3767446,3781512,14066,islandpath_dimob
NC_012472.1,1742989,1750978,7989,islandpath_dimob
NC_012472.1,2120768,2126649,5881,islandpath_dimob
NC_012472.1,3373366,3393287,19921,islandpath_dimob
NC_012472.1,4873355,4898639,25284,islandpath_dimob
NC_003997.3,996832,1005453,8621,islandpath_dimob
NC_003997.3,1723942,1728171,4229,islandpath_dimob
NC_003997.3,2056637,2063812,7175,islandpath_dimob
NC_003997.3,3474163,3505685,31522,islandpath_dimob
NC_003997.3,3768152,3775167,7015,islandpath_dimob
NC_014829.1,210724,257447,46723,islandpath_dimob
NC_014829.1,1139383,1146116,6733,islandpath_dimob
NC_014829.1,2936352,2940162,3810,islandpath_dimob
NC_014829.1,4303872,4324695,20823,islandpath_dimob
NC_014829.1,4407051,4420354,13303,islandpath_dimob
NC_014829.1,4613707,4620928,7221,islandpath_dimob
NC_014829.1,4627584,4646694,19110,islandpath_dimob
NC_007530.2,996833,1005454,8621,islandpath_dimob
NC_007530.2,3474290,3505812,31522,islandpath_dimob
NC_007530.2,3768279,3775294,7015,islandpath_dimob
NC_011658.1,288445,310769,22324,islandpath_dimob
NC_011658.1,585908,593130,7222,islandpath_dimob
NC_011658.1,595201,602341,7140,islandpath_dimob
NC_011658.1,2067926,2076677,8751,islandpath_dimob
NC_011658.1,3754933,3761747,6814,islandpath_dimob
NC_011658.1,3784862,3794824,9962,islandpath_dimob
NC_011658.1,4872463,4889941,17478,islandpath_dimob
NC_011658.1,4893310,4899296,5986,islandpath_dimob
NC_011773.1,538576,545897,7321,islandpath_dimob
NC_011773.1,973589,991852,18263,islandpath_dimob
NC_011773.1,1281917,1298903,16986,islandpath_dimob
NC_011773.1,1301284,1305646,4362,islandpath_dimob
NC_011773.1,2103832,2127021,23189,islandpath_dimob
NC_011773.1,4163403,4166715,3312,islandpath_dimob
NC_011773.1,4334499,4345336,10837,islandpath_dimob
NC_011773.1,5262655,5274678,12023,islandpath_dimob
NC_011725.1,2062892,2070174,7282,islandpath_dimob
NC_011725.1,2510616,2517587,6971,islandpath_dimob
NC_011725.1,2546748,2557230,10482,islandpath_dimob
NC_011725.1,3480886,3525215,44329,islandpath_dimob
NC_011725.1,4517425,4531462,14037,islandpath_dimob
NC_004722.1,919389,944509,25120,islandpath_dimob
NC_004722.1,2536719,2562509,25790,islandpath_dimob
NC_004722.1,4727183,4733520,6337,islandpath_dimob
NC_004722.1,4981513,4999556,18043,islandpath_dimob
NC_004722.1,5007601,5029973,22372,islandpath_dimob
NC_004722.1,5091064,5098812,7748,islandpath_dimob
NC_003909.8,163032,202735,39703,islandpath_dimob
NC_003909.8,429276,437090,7814,islandpath_dimob
NC_003909.8,1053351,1059384,6033,islandpath_dimob
NC_003909.8,3820133,3831090,10957,islandpath_dimob
NC_003909.8,4255904,4265826,9922,islandpath_dimob
NC_003909.8,4333097,4350310,17213,islandpath_dimob
NC_006274.1,2113689,2120618,6929,islandpath_dimob
NC_006274.1,2537612,2553065,15453,islandpath_dimob
NC_006274.1,3556087,3584353,28266,islandpath_dimob
NC_006274.1,4327086,4344801,17715,islandpath_dimob
NC_011969.1,365755,391921,26166,islandpath_dimob
NC_011969.1,570944,585042,14098,islandpath_dimob
NC_011969.1,1094741,1110996,16255,islandpath_dimob
NC_011969.1,3274519,3285982,11463,islandpath_dimob
NC_011969.1,3404281,3420820,16539,islandpath_dimob
NC_011969.1,4170552,4194825,24273,islandpath_dimob
NC_011969.1,4201633,4222366,20733,islandpath_dimob
NC_011969.1,4343992,4358303,14311,islandpath_dimob
NC_011772.1,1582175,1599038,16863,islandpath_dimob
NC_011772.1,2488424,2494212,5788,islandpath_dimob
NC_011772.1,2600388,2610917,10529,islandpath_dimob
NC_011772.1,3182852,3202137,19285,islandpath_dimob
NC_011772.1,3306564,3321310,14746,islandpath_dimob
NC_011772.1,3766780,3772521,5741,islandpath_dimob
NC_011772.1,3779571,3785591,6020,islandpath_dimob
NC_015634.1,87986,97159,9173,islandpath_dimob
NC_015634.1,363517,444044,80527,islandpath_dimob
NC_015634.1,655959,674254,18295,islandpath_dimob
NC_015634.1,756190,770342,14152,islandpath_dimob
NC_015634.1,966470,982915,16445,islandpath_dimob
NC_015634.1,1381142,1391358,10216,islandpath_dimob
NC_015634.1,1435266,1449095,13829,islandpath_dimob
NC_015634.1,2318846,2327309,8463,islandpath_dimob
NC_015634.1,2494653,2512461,17808,islandpath_dimob
NC_015634.1,2549188,2566765,17577,islandpath_dimob
NC_015634.1,2599351,2627495,28144,islandpath_dimob
NC_015634.1,2697119,2712084,14965,islandpath_dimob
NC_015634.1,2784013,2794957,10944,islandpath_dimob
NC_015634.1,2933712,2949009,15297,islandpath_dimob
NC_015634.1,2993680,3007072,13392,islandpath_dimob
NC_015634.1,3021028,3041761,20733,islandpath_dimob
NC_006582.1,1143244,1157781,14537,islandpath_dimob
NC_006582.1,1266900,1282013,15113,islandpath_dimob
NC_006582.1,1301522,1310774,9252,islandpath_dimob
NC_006582.1,1439282,1461266,21984,islandpath_dimob
NC_006582.1,2981142,2988341,7199,islandpath_dimob
NC_006582.1,3823597,3838999,15402,islandpath_dimob
NC_006582.1,3842212,3853257,11045,islandpath_dimob
NC_006582.1,3954373,3966289,11916,islandpath_dimob
NC_016023.1,582856,595133,12277,islandpath_dimob
NC_016023.1,758126,767465,9339,islandpath_dimob
NC_016023.1,850984,866782,15798,islandpath_dimob
NC_016023.1,878999,897679,18680,islandpath_dimob
NC_016023.1,904388,913390,9002,islandpath_dimob
NC_016023.1,921323,950553,29230,islandpath_dimob
NC_016023.1,1148356,1172313,23957,islandpath_dimob
NC_016023.1,1424115,1432875,8760,islandpath_dimob
NC_016023.1,1679751,1687597,7846,islandpath_dimob
NC_016023.1,1776768,1800790,24022,islandpath_dimob
NC_016023.1,1930663,1951425,20762,islandpath_dimob
NC_016023.1,1963421,1986898,23477,islandpath_dimob
NC_016023.1,2113883,2128556,14673,islandpath_dimob
NC_016023.1,2164891,2184866,19975,islandpath_dimob
NC_016023.1,2331229,2357541,26312,islandpath_dimob
NC_006270.3,919190,936855,17665,islandpath_dimob
NC_006270.3,1422749,1427037,4288,islandpath_dimob
NC_006270.3,1432951,1438365,5414,islandpath_dimob
NC_006270.3,1631352,1640056,8704,islandpath_dimob
NC_006270.3,2664111,2673100,8989,islandpath_dimob
NC_006270.3,3204369,3211773,7404,islandpath_dimob
NC_006270.3,3463781,3470259,6478,islandpath_dimob
NC_009674.1,166762,189247,22485,islandpath_dimob
NC_009674.1,846945,853018,6073,islandpath_dimob
NC_009674.1,1940325,1953917,13592,islandpath_dimob
NC_009674.1,2060120,2077138,17018,islandpath_dimob
NC_009674.1,2237467,2272759,35292,islandpath_dimob
NC_009674.1,2444603,2462809,18206,islandpath_dimob
NC_009674.1,2707850,2713180,5330,islandpath_dimob
NC_009674.1,3443545,3451554,8009,islandpath_dimob
NC_009674.1,4032990,4058136,25146,islandpath_dimob
NC_002570.2,149174,184936,35762,islandpath_dimob
NC_002570.2,327857,334307,6450,islandpath_dimob
NC_002570.2,2460088,2468762,8674,islandpath_dimob
NC_002570.2,4123449,4160291,36842,islandpath_dimob
NC_006322.1,1432967,1438216,5249,islandpath_dimob
NC_006322.1,2854951,2866042,11091,islandpath_dimob
NC_006322.1,3204635,3211625,6990,islandpath_dimob
NC_013791.2,1828703,1836560,7857,islandpath_dimob
NC_013791.2,3011720,3020684,8964,islandpath_dimob
NC_013791.2,3161503,3184432,22929,islandpath_dimob
NC_013791.2,3471457,3499616,28159,islandpath_dimob
NC_009848.1,1701404,1714505,13101,islandpath_dimob
NC_014976.1,175157,185856,10699,islandpath_dimob
NC_014976.1,632866,725169,92303,islandpath_dimob
NC_014976.1,2120017,2135278,15261,islandpath_dimob
NC_014976.1,2762529,2776984,14455,islandpath_dimob
NC_014976.1,3474292,3482676,8384,islandpath_dimob
NC_014976.1,3905608,3911465,5857,islandpath_dimob
NC_016047.1,159886,199128,39242,islandpath_dimob
NC_016047.1,208090,259605,51515,islandpath_dimob
NC_016047.1,268567,280608,12041,islandpath_dimob
NC_016047.1,1798715,1804563,5848,islandpath_dimob
NC_016047.1,2486558,2498525,11967,islandpath_dimob
NC_016047.1,2643661,2653306,9645,islandpath_dimob
NC_016047.1,3693724,3699764,6040,islandpath_dimob
NC_015164.1,398035,417391,19356,islandpath_dimob
NC_015164.1,541414,556626,15212,islandpath_dimob
NC_015164.1,1178385,1189240,10855,islandpath_dimob
NC_015164.1,2082746,2094175,11429,islandpath_dimob
NC_015164.1,2453997,2469827,15830,islandpath_dimob
NC_015164.1,2473496,2481801,8305,islandpath_dimob
NC_015164.1,2492509,2505189,12680,islandpath_dimob
NC_015164.1,2542933,2551935,9002,islandpath_dimob
NC_015164.1,2875572,2885315,9743,islandpath_dimob
NC_015164.1,2918167,2924124,5957,islandpath_dimob
NC_015164.1,2964751,2977168,12417,islandpath_dimob
NC_015164.1,2980174,2989114,8940,islandpath_dimob
NC_015164.1,3660249,3716690,56441,islandpath_dimob
NC_008600.1,1281364,1294508,13144,islandpath_dimob
NC_008600.1,2355654,2378539,22885,islandpath_dimob
NC_008600.1,2567242,2583058,15816,islandpath_dimob
NC_008783.1,1100420,1115313,14893,islandpath_dimob
NC_014932.1,1486983,1495503,8520,islandpath_dimob
NC_014933.1,158400,176448,18048,islandpath_dimob
NC_014933.1,231559,254031,22472,islandpath_dimob
NC_014933.1,367998,401849,33851,islandpath_dimob
NC_014933.1,1098105,1115362,17257,islandpath_dimob
NC_014933.1,1337609,1343819,6210,islandpath_dimob
NC_014933.1,2069956,2079818,9862,islandpath_dimob
NC_014933.1,2171851,2182245,10394,islandpath_dimob
NC_006347.1,115091,135446,20355,islandpath_dimob
NC_006347.1,147508,166566,19058,islandpath_dimob
NC_006347.1,586387,599973,13586,islandpath_dimob
NC_006347.1,2085449,2090675,5226,islandpath_dimob
NC_006347.1,3188586,3222084,33498,islandpath_dimob
NC_006347.1,3956548,3973387,16839,islandpath_dimob
NC_006347.1,4759677,4797074,37397,islandpath_dimob
NC_006347.1,4821769,4824919,3150,islandpath_dimob
NC_006347.1,4838189,4855695,17506,islandpath_dimob
NC_014171.1,3305186,3314808,9622,islandpath_dimob
NC_005957.1,944484,969535,25051,islandpath_dimob
NC_005957.1,1666321,1680850,14529,islandpath_dimob
NC_005957.1,2281477,2295578,14101,islandpath_dimob
NC_005957.1,2533537,2546529,12992,islandpath_dimob
NC_005957.1,3119287,3150211,30924,islandpath_dimob
NC_005957.1,3535749,3548574,12825,islandpath_dimob
NC_003228.3,1958578,1968326,9748,islandpath_dimob
NC_003228.3,4691316,4728712,37396,islandpath_dimob
NC_003228.3,4763923,4781428,17505,islandpath_dimob
NC_010184.1,910649,927994,17345,islandpath_dimob
NC_010184.1,972776,987288,14512,islandpath_dimob
NC_010184.1,1244345,1258712,14367,islandpath_dimob
NC_010184.1,3157632,3182138,24506,islandpath_dimob
NC_010184.1,3486322,3517306,30984,islandpath_dimob
NC_010184.1,3697634,3705654,8020,islandpath_dimob
NC_010161.1,1062224,1069863,7639,islandpath_dimob
NC_010161.1,1181889,1190847,8958,islandpath_dimob
NC_010161.1,1323940,1342527,18587,islandpath_dimob
NC_010161.1,1501317,1520428,19111,islandpath_dimob
NC_010161.1,1949637,1967939,18302,islandpath_dimob
NC_010161.1,2547813,2566166,18353,islandpath_dimob
NC_009614.1,616130,628013,11883,islandpath_dimob
NC_009614.1,670200,678228,8028,islandpath_dimob
NC_009614.1,981745,996577,14832,islandpath_dimob
NC_009614.1,1086044,1123959,37915,islandpath_dimob
NC_009614.1,1730165,1740864,10699,islandpath_dimob
NC_009614.1,2000226,2008828,8602,islandpath_dimob
NC_009614.1,2738747,2753098,14351,islandpath_dimob
NC_009614.1,2961240,2974504,13264,islandpath_dimob
NC_009614.1,3943366,3958027,14661,islandpath_dimob
NC_009614.1,4005348,4018163,12815,islandpath_dimob
NC_009614.1,4206054,4224219,18165,islandpath_dimob
NC_009614.1,4293393,4303569,10176,islandpath_dimob
NC_009614.1,4332097,4363966,31869,islandpath_dimob
NC_011835.1,281584,294847,13263,islandpath_dimob
NC_011835.1,818003,830031,12028,islandpath_dimob
NC_011835.1,971355,979367,8012,islandpath_dimob
NC_011835.1,1096648,1102773,6125,islandpath_dimob
NC_004663.1,74493,112655,38162,islandpath_dimob
NC_004663.1,238951,257509,18558,islandpath_dimob
NC_004663.1,1145130,1163114,17984,islandpath_dimob
NC_004663.1,1303393,1322559,19166,islandpath_dimob
NC_004663.1,1395440,1400367,4927,islandpath_dimob
NC_004663.1,1846797,1874638,27841,islandpath_dimob
NC_004663.1,2342233,2348872,6639,islandpath_dimob
NC_004663.1,2412202,2422431,10229,islandpath_dimob
NC_004663.1,2783050,2793331,10281,islandpath_dimob
NC_004663.1,3288975,3297819,8844,islandpath_dimob
NC_004663.1,3755526,3771737,16211,islandpath_dimob
NC_004663.1,4970594,4983382,12788,islandpath_dimob
NC_004663.1,5889212,5902421,13209,islandpath_dimob
NC_004663.1,5938387,5947287,8900,islandpath_dimob
NC_005363.1,556823,567585,10762,islandpath_dimob
NC_005363.1,2585464,2613547,28083,islandpath_dimob
NC_010816.1,352423,360186,7763,islandpath_dimob
NC_010816.1,812103,819035,6932,islandpath_dimob
NC_010816.1,1981217,1992755,11538,islandpath_dimob
NC_010816.1,2160231,2183197,22966,islandpath_dimob
NC_015067.1,821545,828111,6566,islandpath_dimob
NC_015067.1,1073213,1087086,13873,islandpath_dimob
NC_015067.1,1095684,1115742,20058,islandpath_dimob
NC_015067.1,1116772,1133866,17094,islandpath_dimob
NC_015067.1,1145101,1171963,26862,islandpath_dimob
NC_015067.1,1179067,1245522,66455,islandpath_dimob
NC_004307.2,1111440,1149950,38510,islandpath_dimob
NC_004307.2,1506902,1516670,9768,islandpath_dimob
NC_015052.1,108507,119674,11167,islandpath_dimob
NC_015052.1,460011,467793,7782,islandpath_dimob
NC_015052.1,478619,497432,18813,islandpath_dimob
NC_015052.1,686169,695430,9261,islandpath_dimob
NC_015052.1,851560,858183,6623,islandpath_dimob
NC_015052.1,1008420,1024250,15830,islandpath_dimob
NC_015052.1,1032624,1049820,17196,islandpath_dimob
NC_015052.1,1240788,1249218,8430,islandpath_dimob
NC_015052.1,1323573,1375629,52056,islandpath_dimob
NC_015052.1,1408424,1416680,8256,islandpath_dimob
NC_015052.1,2089821,2097737,7916,islandpath_dimob
NC_015052.1,2118827,2129694,10867,islandpath_dimob
NC_011593.1,334962,349132,14170,islandpath_dimob
NC_011593.1,512082,524652,12570,islandpath_dimob
NC_011593.1,556739,571093,14354,islandpath_dimob
NC_011593.1,1176456,1189817,13361,islandpath_dimob
NC_011593.1,1209345,1220704,11359,islandpath_dimob
NC_011593.1,1365234,1408755,43521,islandpath_dimob
NC_011593.1,1413725,1484898,71173,islandpath_dimob
NC_011593.1,1493907,1512289,18382,islandpath_dimob
NC_011593.1,1513055,1529949,16894,islandpath_dimob
NC_011593.1,2305703,2316690,10987,islandpath_dimob
NC_011593.1,2377662,2384411,6749,islandpath_dimob
NC_011229.1,132263,139452,7189,islandpath_dimob
NC_002929.2,59249,70444,11195,islandpath_dimob
NC_002929.2,866955,873941,6986,islandpath_dimob
NC_002929.2,1240640,1248490,7850,islandpath_dimob
NC_002929.2,1772921,1781407,8486,islandpath_dimob
NC_002929.2,2276683,2292497,15814,islandpath_dimob
NC_002929.2,2659538,2682935,23397,islandpath_dimob
NC_002929.2,3052306,3061392,9086,islandpath_dimob
NC_002929.2,3419527,3428958,9431,islandpath_dimob
NC_002929.2,3559485,3569675,10190,islandpath_dimob
NC_002929.2,3574119,3603754,29635,islandpath_dimob
NC_002929.2,3823648,3848620,24972,islandpath_dimob
NC_002928.3,541700,554303,12603,islandpath_dimob
NC_010645.1,368756,403870,35114,islandpath_dimob
NC_010645.1,1369273,1388736,19463,islandpath_dimob
NC_010645.1,1880268,1884301,4033,islandpath_dimob
NC_010740.1,383072,397612,14540,islandpath_dimob
NC_002927.3,522129,538995,16866,islandpath_dimob
NC_002927.3,2350347,2359297,8950,islandpath_dimob
NC_002927.3,3739722,3756532,16810,islandpath_dimob
NC_002927.3,4388359,4411967,23608,islandpath_dimob
NC_010170.1,216116,265558,49442,islandpath_dimob
NC_010170.1,1078270,1088964,10694,islandpath_dimob
NC_010170.1,1091204,1134063,42859,islandpath_dimob
NC_010170.1,1202027,1209450,7423,islandpath_dimob
NC_010170.1,1330837,1341819,10982,islandpath_dimob
NC_010170.1,1359923,1393371,33448,islandpath_dimob
NC_010170.1,1397873,1402326,4453,islandpath_dimob
NC_010170.1,1423188,1443972,20784,islandpath_dimob
NC_010170.1,1463665,1475280,11615,islandpath_dimob
NC_010170.1,1479382,1489135,9753,islandpath_dimob
NC_010170.1,1512376,1556286,43910,islandpath_dimob
NC_010170.1,1567491,1580688,13197,islandpath_dimob
NC_010170.1,3028779,3035538,6759,islandpath_dimob
NC_010170.1,3944228,3969716,25488,islandpath_dimob
NC_010170.1,4527693,4574105,46412,islandpath_dimob
NC_010170.1,4817842,4839233,21391,islandpath_dimob
NC_010170.1,4888939,4895716,6777,islandpath_dimob
NC_010170.1,5082400,5092392,9992,islandpath_dimob
NC_010104.1,341197,362526,21329,islandpath_dimob
NC_010104.1,519185,541450,22265,islandpath_dimob
NC_010104.1,818899,832786,13887,islandpath_dimob
NC_010742.1,284046,299678,15632,islandpath_dimob
NC_010742.1,534144,549404,15260,islandpath_dimob
NC_010742.1,720921,743606,22685,islandpath_dimob
NC_010742.1,949615,958503,8888,islandpath_dimob
NC_010742.1,960738,970660,9922,islandpath_dimob
NC_012442.1,500252,521536,21284,islandpath_dimob
NC_012442.1,798066,813390,15324,islandpath_dimob
NC_006932.1,285662,301294,15632,islandpath_dimob
NC_006932.1,535549,552609,17060,islandpath_dimob
NC_006932.1,717675,746414,28739,islandpath_dimob
NC_006932.1,955739,972023,16284,islandpath_dimob
NC_006932.1,1795838,1804974,9136,islandpath_dimob
NC_007624.1,383707,396925,13218,islandpath_dimob
NC_007624.1,674386,682362,7976,islandpath_dimob
NC_003318.1,195542,202727,7185,islandpath_dimob
NC_003318.1,464789,480479,15690,islandpath_dimob
NC_003318.1,747306,760080,12774,islandpath_dimob
NC_010103.1,262714,279289,16575,islandpath_dimob
NC_010103.1,513212,527454,14242,islandpath_dimob
NC_010103.1,935896,951811,15915,islandpath_dimob
NC_012441.1,259204,275878,16674,islandpath_dimob
NC_012441.1,284418,300346,15928,islandpath_dimob
NC_012441.1,534037,548915,14878,islandpath_dimob
NC_012441.1,720724,744260,23536,islandpath_dimob
NC_012441.1,794304,801777,7473,islandpath_dimob
NC_012441.1,956255,971831,15576,islandpath_dimob
NC_003317.1,1035296,1049078,13782,islandpath_dimob
NC_003317.1,1203414,1210381,6967,islandpath_dimob
NC_003317.1,1452056,1468471,16415,islandpath_dimob
NC_003317.1,1701267,1718760,17493,islandpath_dimob
NC_007618.1,281318,297661,16343,islandpath_dimob
NC_007618.1,533326,547383,14057,islandpath_dimob
NC_007618.1,720623,741583,20960,islandpath_dimob
NC_007618.1,953165,969481,16316,islandpath_dimob
NC_009504.1,495086,503541,8455,islandpath_dimob
NC_009504.1,510794,542451,31657,islandpath_dimob
NC_009504.1,821339,835932,14593,islandpath_dimob
NC_015858.1,154090,164381,10291,islandpath_dimob
NC_015858.1,548568,596327,47759,islandpath_dimob
NC_015858.1,873510,890857,17347,islandpath_dimob
NC_009505.1,285997,300205,14208,islandpath_dimob
NC_009505.1,531481,550312,18831,islandpath_dimob
NC_004311.2,341083,361938,20855,islandpath_dimob
NC_004311.2,529188,541465,12277,islandpath_dimob
NC_004311.2,819594,833481,13887,islandpath_dimob
NC_010167.1,342436,363128,20692,islandpath_dimob
NC_010167.1,528293,542062,13769,islandpath_dimob
NC_010167.1,807401,821285,13884,islandpath_dimob
NC_010167.1,1289708,1298096,8388,islandpath_dimob
NC_015857.1,261071,278034,16963,islandpath_dimob
NC_015857.1,285409,301162,15753,islandpath_dimob
NC_015857.1,536385,550774,14389,islandpath_dimob
NC_015857.1,728767,750341,21574,islandpath_dimob
NC_015857.1,966196,979129,12933,islandpath_dimob
NC_015857.1,1072695,1081890,9195,islandpath_dimob
NC_012491.1,750622,775704,25082,islandpath_dimob
NC_012491.1,1020685,1030525,9840,islandpath_dimob
NC_012491.1,2019365,2023504,4139,islandpath_dimob
NC_012491.1,3759905,3783788,23883,islandpath_dimob
NC_012491.1,5707448,5731110,23662,islandpath_dimob
NC_009445.1,3149656,3154161,4505,islandpath_dimob
NC_009445.1,6626893,6671868,44975,islandpath_dimob
NC_009445.1,7221683,7237172,15489,islandpath_dimob
NC_009445.1,7367346,7380670,13324,islandpath_dimob
NC_009485.1,1289660,1329693,40033,islandpath_dimob
NC_009485.1,1492647,1501548,8901,islandpath_dimob
NC_009485.1,1529147,1541274,12127,islandpath_dimob
NC_009485.1,1603933,1646799,42866,islandpath_dimob
NC_009485.1,3319398,3334046,14648,islandpath_dimob
NC_009485.1,4388736,4393802,5066,islandpath_dimob
NC_009485.1,5175004,5218649,43645,islandpath_dimob
NC_009485.1,6615373,6633541,18168,islandpath_dimob
NC_009485.1,7025476,7044660,19184,islandpath_dimob
NC_009485.1,7615903,7652879,36976,islandpath_dimob
NC_004463.1,24726,31715,6989,islandpath_dimob
NC_004463.1,924210,954314,30104,islandpath_dimob
NC_004463.1,1735029,1746064,11035,islandpath_dimob
NC_004463.1,1751497,1762856,11359,islandpath_dimob
NC_004463.1,1831408,1857035,25627,islandpath_dimob
NC_004463.1,1876560,1896386,19826,islandpath_dimob
NC_004463.1,1924357,1938741,14384,islandpath_dimob
NC_004463.1,1949717,2019713,69996,islandpath_dimob
NC_004463.1,2020883,2036909,16026,islandpath_dimob
NC_004463.1,2057933,2073064,15131,islandpath_dimob
NC_004463.1,2103202,2112347,9145,islandpath_dimob
NC_004463.1,2128328,2144348,16020,islandpath_dimob
NC_004463.1,2189171,2216624,27453,islandpath_dimob
NC_004463.1,2235937,2247964,12027,islandpath_dimob
NC_004463.1,2249866,2261203,11337,islandpath_dimob
NC_004463.1,2270636,2299853,29217,islandpath_dimob
NC_004463.1,4315591,4323838,8247,islandpath_dimob
NC_004463.1,5013455,5020854,7399,islandpath_dimob
NC_004463.1,5116345,5128599,12254,islandpath_dimob
NC_004463.1,5543986,5563329,19343,islandpath_dimob
NC_004463.1,6324669,6329540,4871,islandpath_dimob
NC_004463.1,7933983,7943695,9712,islandpath_dimob
NC_004463.1,8282922,8291671,8749,islandpath_dimob
NC_004463.1,8426672,8464430,37758,islandpath_dimob
NC_004463.1,8788262,8794728,6466,islandpath_dimob
NC_004463.1,8995107,9009306,14199,islandpath_dimob
NC_004463.1,9018728,9027535,8807,islandpath_dimob
NC_004463.1,9029671,9059949,30278,islandpath_dimob
NC_008392.1,361210,372012,10802,islandpath_dimob
NC_008392.1,759361,784263,24902,islandpath_dimob
NC_015137.1,1212816,1222317,9501,islandpath_dimob
NC_015137.1,1310127,1323257,13130,islandpath_dimob
NC_015137.1,2574879,2662963,88084,islandpath_dimob
NC_007511.1,1147696,1172438,24742,islandpath_dimob
NC_007511.1,1306824,1335489,28665,islandpath_dimob
NC_008391.1,700703,714131,13428,islandpath_dimob
NC_008391.1,2451144,2460486,9342,islandpath_dimob
NC_015136.1,1106311,1160073,53762,islandpath_dimob
NC_015136.1,1308718,1320709,11991,islandpath_dimob
NC_015136.1,2288587,2336568,47981,islandpath_dimob
NC_015136.1,3115983,3161805,45822,islandpath_dimob
NC_008390.1,1319308,1329355,10047,islandpath_dimob
NC_008390.1,2023068,2035919,12851,islandpath_dimob
NC_010557.1,322419,332512,10093,islandpath_dimob
NC_008062.1,109210,118789,9579,islandpath_dimob
NC_008062.1,635654,648886,13232,islandpath_dimob
NC_011002.1,598756,609590,10834,islandpath_dimob
NC_011002.1,702031,754643,52612,islandpath_dimob
NC_011002.1,774710,795486,20776,islandpath_dimob
NC_008544.1,90021,96607,6586,islandpath_dimob
NC_008544.1,823117,835989,12872,islandpath_dimob
NC_010551.1,1325449,1334525,9076,islandpath_dimob
NC_010512.1,872989,895360,22371,islandpath_dimob
NC_010512.1,955678,966848,11170,islandpath_dimob
NC_010512.1,1020757,1051197,30440,islandpath_dimob
NC_010552.1,1401,8998,7597,islandpath_dimob
NC_010552.1,61831,92659,30828,islandpath_dimob
NC_010552.1,1985350,1991877,6527,islandpath_dimob
NC_008542.1,187257,268591,81334,islandpath_dimob
NC_008542.1,487567,508553,20986,islandpath_dimob
NC_008542.1,859478,881195,21717,islandpath_dimob
NC_008542.1,1027520,1041013,13493,islandpath_dimob
NC_008542.1,1448907,1468811,19904,islandpath_dimob
NC_008542.1,2621130,2632223,11093,islandpath_dimob
NC_008061.1,186292,228035,41743,islandpath_dimob
NC_008061.1,2103949,2135962,32013,islandpath_dimob
NC_008061.1,2159771,2180811,21040,islandpath_dimob
NC_008061.1,2375417,2389212,13795,islandpath_dimob
NC_008061.1,2442732,2454392,11660,islandpath_dimob
NC_008061.1,2553488,2561921,8433,islandpath_dimob
NC_008061.1,2571116,2595257,24141,islandpath_dimob
NC_008060.1,311458,333234,21776,islandpath_dimob
NC_008060.1,482937,496366,13429,islandpath_dimob
NC_008060.1,904269,923167,18898,islandpath_dimob
NC_008060.1,3158110,3199829,41719,islandpath_dimob
NC_008543.1,94864,110002,15138,islandpath_dimob
NC_008543.1,134130,164502,30372,islandpath_dimob
NC_008543.1,2249398,2294692,45294,islandpath_dimob
NC_008543.1,2673313,2693861,20548,islandpath_dimob
NC_008543.1,2812596,2824252,11656,islandpath_dimob
NC_008543.1,2877773,2890156,12383,islandpath_dimob
NC_011000.1,441343,465829,24486,islandpath_dimob
NC_011000.1,1029319,1043075,13756,islandpath_dimob
NC_011000.1,1221242,1238112,16870,islandpath_dimob
NC_011000.1,1403904,1441667,37763,islandpath_dimob
NC_011000.1,1683715,1692752,9037,islandpath_dimob
NC_011000.1,1752755,1760543,7788,islandpath_dimob
NC_011000.1,2737489,2746234,8745,islandpath_dimob
NC_011000.1,2755952,2779432,23480,islandpath_dimob
NC_011000.1,2780674,2828669,47995,islandpath_dimob
NC_011000.1,2837024,2863768,26744,islandpath_dimob
NC_011000.1,3239775,3246786,7011,islandpath_dimob
NC_011000.1,3365509,3376414,10905,islandpath_dimob
NC_011000.1,3523517,3552609,29092,islandpath_dimob
NC_010515.1,1129306,1141704,12398,islandpath_dimob
NC_010515.1,1209521,1237138,27617,islandpath_dimob
NC_010515.1,1381962,1400769,18807,islandpath_dimob
NC_010515.1,1404971,1425363,20392,islandpath_dimob
NC_010515.1,1519290,1530289,10999,islandpath_dimob
NC_010515.1,1622724,1723340,100616,islandpath_dimob
NC_010515.1,2107696,2149724,42028,islandpath_dimob
NC_010515.1,2458349,2464157,5808,islandpath_dimob
NC_010515.1,2596234,2610993,14759,islandpath_dimob
NC_010515.1,2689691,2716646,26955,islandpath_dimob
NC_011001.1,1160,9887,8727,islandpath_dimob
NC_011001.1,295309,327486,32177,islandpath_dimob
NC_011001.1,1151303,1165525,14222,islandpath_dimob
NC_011001.1,2088184,2146008,57824,islandpath_dimob
NC_011001.1,2330909,2351858,20949,islandpath_dimob
NC_012721.2,554209,572682,18473,islandpath_dimob
NC_012721.2,786761,802435,15674,islandpath_dimob
NC_012721.2,814958,826762,11804,islandpath_dimob
NC_012721.2,964074,996582,32508,islandpath_dimob
NC_012721.2,1059548,1071922,12374,islandpath_dimob
NC_012721.2,1681891,1711039,29148,islandpath_dimob
NC_012721.2,1986422,1995344,8922,islandpath_dimob
NC_012721.2,2002085,2012589,10504,islandpath_dimob
NC_012721.2,2029076,2035368,6292,islandpath_dimob
NC_012721.2,2560860,2579540,18680,islandpath_dimob
NC_010508.1,848909,860578,11669,islandpath_dimob
NC_010508.1,985368,995766,10398,islandpath_dimob
NC_010508.1,1211617,1223957,12340,islandpath_dimob
NC_010508.1,1405219,1417374,12155,islandpath_dimob
NC_010508.1,1862838,1917005,54167,islandpath_dimob
NC_010508.1,2778117,2794410,16293,islandpath_dimob
NC_010508.1,3240958,3248646,7688,islandpath_dimob
NC_006349.2,73256,81851,8595,islandpath_dimob
NC_006349.2,267312,272769,5457,islandpath_dimob
NC_006349.2,321404,331284,9880,islandpath_dimob
NC_006349.2,432906,474212,41306,islandpath_dimob
NC_006349.2,834396,842692,8296,islandpath_dimob
NC_006349.2,886094,897511,11417,islandpath_dimob
NC_006349.2,905939,911023,5084,islandpath_dimob
NC_006349.2,1223982,1234987,11005,islandpath_dimob
NC_006349.2,1410062,1415977,5915,islandpath_dimob
NC_006349.2,1634488,1648419,13931,islandpath_dimob
NC_006349.2,1916542,1925578,9036,islandpath_dimob
NC_015376.1,2249,12536,10287,islandpath_dimob
NC_015376.1,2186950,2193897,6947,islandpath_dimob
NC_015376.1,3247676,3261724,14048,islandpath_dimob
NC_015376.1,3324114,3333077,8963,islandpath_dimob
NC_008835.1,16818,23795,6977,islandpath_dimob
NC_008835.1,50283,59261,8978,islandpath_dimob
NC_008835.1,166831,178010,11179,islandpath_dimob
NC_008835.1,672657,682360,9703,islandpath_dimob
NC_008835.1,1434241,1441579,7338,islandpath_dimob
NC_008835.1,1486597,1497641,11044,islandpath_dimob
NC_008835.1,1570639,1578092,7453,islandpath_dimob
NC_008835.1,1696391,1701821,5430,islandpath_dimob
NC_008835.1,1727049,1733735,6686,islandpath_dimob
NC_008835.1,1862124,1869249,7125,islandpath_dimob
NC_008835.1,2137959,2152429,14470,islandpath_dimob
NC_008784.1,113973,124606,10633,islandpath_dimob
NC_008784.1,308239,315136,6897,islandpath_dimob
NC_008784.1,463040,474678,11638,islandpath_dimob
NC_008784.1,533779,540468,6689,islandpath_dimob
NC_008784.1,1238261,1245714,7453,islandpath_dimob
NC_008784.1,1329933,1340591,10658,islandpath_dimob
NC_008784.1,1431569,1436993,5424,islandpath_dimob
NC_010087.1,273138,282850,9712,islandpath_dimob
NC_010087.1,324973,331819,6846,islandpath_dimob
NC_010087.1,334601,360156,25555,islandpath_dimob
NC_010087.1,398850,407282,8432,islandpath_dimob
NC_010087.1,418155,434822,16667,islandpath_dimob
NC_010087.1,463841,479943,16102,islandpath_dimob
NC_010087.1,482670,511412,28742,islandpath_dimob
NC_009079.1,75432,82885,7453,islandpath_dimob
NC_009079.1,167929,176368,8439,islandpath_dimob
NC_009079.1,711709,724659,12950,islandpath_dimob
NC_009079.1,873117,881257,8140,islandpath_dimob
NC_009079.1,1376768,1388461,11693,islandpath_dimob
NC_009079.1,1404795,1412205,7410,islandpath_dimob
NC_009079.1,1494541,1506403,11862,islandpath_dimob
NC_009079.1,1530406,1538106,7700,islandpath_dimob
NC_009079.1,1634730,1640706,5976,islandpath_dimob
NC_009079.1,1707688,1725692,18004,islandpath_dimob
NC_009079.1,1805590,1832142,26552,islandpath_dimob
NC_010801.1,410195,421796,11601,islandpath_dimob
NC_010801.1,444003,459530,15527,islandpath_dimob
NC_010801.1,533290,544428,11138,islandpath_dimob
NC_010801.1,552433,598925,46492,islandpath_dimob
NC_010801.1,639818,652771,12953,islandpath_dimob
NC_006348.1,898701,902982,4281,islandpath_dimob
NC_006348.1,1058990,1091971,32981,islandpath_dimob
NC_006348.1,2665636,2684732,19096,islandpath_dimob
NC_006348.1,2738425,2755920,17495,islandpath_dimob
NC_006348.1,2785557,2792054,6497,islandpath_dimob
NC_006348.1,3105829,3112483,6654,islandpath_dimob
NC_006348.1,3116465,3126108,9643,islandpath_dimob
NC_015381.1,3211,12084,8873,islandpath_dimob
NC_015381.1,256839,280014,23175,islandpath_dimob
NC_015381.1,1175983,1191363,15380,islandpath_dimob
NC_015381.1,1326408,1334147,7739,islandpath_dimob
NC_015381.1,1562670,1601916,39246,islandpath_dimob
NC_015381.1,1654244,1671697,17453,islandpath_dimob
NC_015381.1,1746472,1769534,23062,islandpath_dimob
NC_015381.1,2883858,2893870,10012,islandpath_dimob
NC_015381.1,2896819,2914547,17728,islandpath_dimob
NC_015381.1,3004641,3014693,10052,islandpath_dimob
NC_015381.1,3485922,3492842,6920,islandpath_dimob
NC_015381.1,3785888,3805996,20108,islandpath_dimob
NC_015381.1,4119798,4125350,5552,islandpath_dimob
NC_015381.1,4366487,4393750,27263,islandpath_dimob
NC_012724.2,123231,128785,5554,islandpath_dimob
NC_012724.2,365600,387476,21876,islandpath_dimob
NC_012724.2,2080843,2117932,37089,islandpath_dimob
NC_012724.2,2167094,2176166,9072,islandpath_dimob
NC_012724.2,2615179,2766281,151102,islandpath_dimob
NC_012724.2,3114385,3121289,6904,islandpath_dimob
NC_012724.2,3228141,3238187,10046,islandpath_dimob
NC_010084.1,7465,18044,10579,islandpath_dimob
NC_010084.1,540918,559016,18098,islandpath_dimob
NC_010084.1,993508,1001730,8222,islandpath_dimob
NC_010084.1,1985181,1999993,14812,islandpath_dimob
NC_010084.1,2677679,2689705,12026,islandpath_dimob
NC_010084.1,2722549,2736010,13461,islandpath_dimob
NC_010084.1,3055241,3067836,12595,islandpath_dimob
NC_010086.1,387636,405745,18109,islandpath_dimob
NC_010086.1,877158,891093,13935,islandpath_dimob
NC_010086.1,1819042,1942747,123705,islandpath_dimob
NC_010086.1,1986299,1991804,5505,islandpath_dimob
NC_009080.1,18463,25836,7373,islandpath_dimob
NC_009080.1,132127,140259,8132,islandpath_dimob
NC_009080.1,582748,593457,10709,islandpath_dimob
NC_009080.1,759225,764820,5595,islandpath_dimob
NC_009080.1,920088,934405,14317,islandpath_dimob
NC_009080.1,958119,964737,6618,islandpath_dimob
NC_009080.1,1161160,1167065,5905,islandpath_dimob
NC_009080.1,1543361,1551542,8181,islandpath_dimob
NC_009080.1,2055254,2063832,8578,islandpath_dimob
NC_009080.1,2084106,2099984,15878,islandpath_dimob
NC_009080.1,2258499,2266731,8232,islandpath_dimob
NC_009080.1,2275593,2284062,8469,islandpath_dimob
NC_009080.1,2298187,2306661,8474,islandpath_dimob
NC_009080.1,2614702,2621672,6970,islandpath_dimob
NC_009080.1,2693845,2701057,7212,islandpath_dimob
NC_009080.1,2813961,2821547,7586,islandpath_dimob
NC_009080.1,3033445,3041946,8501,islandpath_dimob
NC_009080.1,3403943,3442592,38649,islandpath_dimob
NC_008785.1,156831,165585,8754,islandpath_dimob
NC_008785.1,825848,832107,6259,islandpath_dimob
NC_008785.1,961442,970149,8707,islandpath_dimob
NC_008785.1,1454213,1465698,11485,islandpath_dimob
NC_008785.1,1494048,1501354,7306,islandpath_dimob
NC_008785.1,1525471,1538700,13229,islandpath_dimob
NC_008785.1,1881735,1887544,5809,islandpath_dimob
NC_008785.1,2501545,2511959,10414,islandpath_dimob
NC_008785.1,2564151,2572594,8443,islandpath_dimob
NC_008785.1,2641986,2651973,9987,islandpath_dimob
NC_008785.1,2797636,2805929,8293,islandpath_dimob
NC_008785.1,3070018,3084276,14258,islandpath_dimob
NC_008785.1,3142742,3159454,16712,islandpath_dimob
NC_008785.1,3431012,3439144,8132,islandpath_dimob
NC_008785.1,3451148,3455659,4511,islandpath_dimob
NC_010805.1,483293,487550,4257,islandpath_dimob
NC_010805.1,508379,517589,9210,islandpath_dimob
NC_010805.1,530876,595921,65045,islandpath_dimob
NC_010805.1,598980,654365,55385,islandpath_dimob
NC_010805.1,1580085,1597448,17363,islandpath_dimob
NC_010804.1,669982,704579,34597,islandpath_dimob
NC_010804.1,786108,802224,16116,islandpath_dimob
NC_010804.1,1600419,1609737,9318,islandpath_dimob
NC_010804.1,2965757,2982895,17138,islandpath_dimob
NC_010623.1,1876217,1958582,82365,islandpath_dimob
NC_010623.1,1966963,2075028,108065,islandpath_dimob
NC_010622.1,20605,44418,23813,islandpath_dimob
NC_010622.1,253149,300228,47079,islandpath_dimob
NC_010622.1,2391059,2403657,12598,islandpath_dimob
NC_010622.1,2663399,2695656,32257,islandpath_dimob
NC_009076.1,114380,123786,9406,islandpath_dimob
NC_009076.1,784375,797997,13622,islandpath_dimob
NC_009076.1,1400820,1406485,5665,islandpath_dimob
NC_009076.1,1673775,1682614,8839,islandpath_dimob
NC_009076.1,3712465,3735229,22764,islandpath_dimob
NC_009076.1,3764445,3807857,43412,islandpath_dimob
NC_009076.1,3881826,3890943,9117,islandpath_dimob
NC_010676.1,276083,320455,44372,islandpath_dimob
NC_010676.1,1341829,1354754,12925,islandpath_dimob
NC_010676.1,2692930,2713248,20318,islandpath_dimob
NC_010676.1,2723004,2841669,118665,islandpath_dimob
NC_010676.1,2965107,2999542,34435,islandpath_dimob
NC_010676.1,3102674,3112798,10124,islandpath_dimob
NC_010676.1,3378788,3393468,14680,islandpath_dimob
NC_007435.1,304667,313532,8865,islandpath_dimob
NC_007435.1,1390858,1402967,12109,islandpath_dimob
NC_007435.1,2357719,2386392,28673,islandpath_dimob
NC_009078.1,75164,95766,20602,islandpath_dimob
NC_009078.1,522353,548393,26040,islandpath_dimob
NC_009078.1,1576301,1592277,15976,islandpath_dimob
NC_009078.1,2018999,2023281,4282,islandpath_dimob
NC_009078.1,2385631,2390622,4991,islandpath_dimob
NC_009078.1,2661934,2673466,11532,islandpath_dimob
NC_007650.1,427198,442351,15153,islandpath_dimob
NC_007650.1,507531,522253,14722,islandpath_dimob
NC_007650.1,721658,735999,14341,islandpath_dimob
NC_007650.1,1195310,1224663,29353,islandpath_dimob
NC_007650.1,1250518,1261788,11270,islandpath_dimob
NC_007650.1,1783502,1795811,12309,islandpath_dimob
NC_007650.1,2423607,2458473,34866,islandpath_dimob
NC_006351.1,73093,95887,22794,islandpath_dimob
NC_006351.1,1628637,1644699,16062,islandpath_dimob
NC_009075.1,19904,37404,17500,islandpath_dimob
NC_009075.1,92793,107903,15110,islandpath_dimob
NC_009075.1,1642895,1656906,14011,islandpath_dimob
NC_009075.1,2397897,2405998,8101,islandpath_dimob
NC_009075.1,2735253,2746772,11519,islandpath_dimob
NC_010681.1,244987,321455,76468,islandpath_dimob
NC_010681.1,1210951,1222737,11786,islandpath_dimob
NC_010681.1,1324721,1343480,18759,islandpath_dimob
NC_010681.1,4299979,4333653,33674,islandpath_dimob
NC_007434.1,1314803,1349234,34431,islandpath_dimob
NC_007434.1,1712263,1767638,55375,islandpath_dimob
NC_007434.1,1918773,1942310,23537,islandpath_dimob
NC_007434.1,2390882,2415769,24887,islandpath_dimob
NC_009074.1,97676,109097,11421,islandpath_dimob
NC_009074.1,1307660,1310979,3319,islandpath_dimob
NC_009074.1,1474287,1492437,18150,islandpath_dimob
NC_009074.1,1544522,1568100,23578,islandpath_dimob
NC_009074.1,1697984,1704016,6032,islandpath_dimob
NC_009074.1,2008923,2014415,5492,islandpath_dimob
NC_009074.1,2122827,2138588,15761,islandpath_dimob
NC_009074.1,2975105,3003802,28697,islandpath_dimob
NC_009074.1,3412578,3435277,22699,islandpath_dimob
NC_009254.1,77418,92634,15216,islandpath_dimob
NC_009254.1,113792,119971,6179,islandpath_dimob
NC_009254.1,658835,671054,12219,islandpath_dimob
NC_009254.1,686519,726474,39955,islandpath_dimob
NC_009254.1,746693,754623,7930,islandpath_dimob
NC_009254.1,771167,785493,14326,islandpath_dimob
NC_009254.1,803986,813193,9207,islandpath_dimob
NC_009254.1,824464,833120,8656,islandpath_dimob
NC_006350.1,98537,104915,6378,islandpath_dimob
NC_006350.1,597179,653746,56567,islandpath_dimob
NC_006350.1,847843,900600,52757,islandpath_dimob
NC_006350.1,1331134,1337464,6330,islandpath_dimob
NC_006350.1,1913561,1952071,38510,islandpath_dimob
NC_006350.1,1967586,1992739,25153,islandpath_dimob
NC_006350.1,3962264,3977124,14860,islandpath_dimob
NC_007953.1,503776,519813,16037,islandpath_dimob
NC_007953.1,704727,709408,4681,islandpath_dimob
NC_007953.1,1230595,1270297,39702,islandpath_dimob
NC_009255.1,182089,196985,14896,islandpath_dimob
NC_009255.1,219386,225633,6247,islandpath_dimob
NC_009255.1,758674,783368,24694,islandpath_dimob
NC_009255.1,921112,931387,10275,islandpath_dimob
NC_009255.1,1086675,1144304,57629,islandpath_dimob
NC_009255.1,1254532,1275289,20757,islandpath_dimob
NC_009255.1,1278246,1290619,12373,islandpath_dimob
NC_009255.1,1349728,1357868,8140,islandpath_dimob
NC_009255.1,2193731,2203398,9667,islandpath_dimob
NC_007651.1,75029,85793,10764,islandpath_dimob
NC_007651.1,96449,150463,54014,islandpath_dimob
NC_007651.1,1036836,1050685,13849,islandpath_dimob
NC_007651.1,1623846,1656875,33029,islandpath_dimob
NC_007651.1,1734399,1741829,7430,islandpath_dimob
NC_007651.1,3068770,3100246,31476,islandpath_dimob
NC_007651.1,3105834,3161914,56080,islandpath_dimob
NC_007651.1,3513157,3532022,18865,islandpath_dimob
NC_007651.1,3560652,3589982,29330,islandpath_dimob
NC_007651.1,3663051,3684706,21655,islandpath_dimob
NC_007651.1,3723208,3737350,14142,islandpath_dimob
NC_012695.1,12227,22774,10547,islandpath_dimob
NC_012695.1,1076915,1101658,24743,islandpath_dimob
NC_012695.1,1481081,1502933,21852,islandpath_dimob
NC_012695.1,1569758,1584696,14938,islandpath_dimob
NC_012695.1,1683636,1692313,8677,islandpath_dimob
NC_012695.1,2024962,2049229,24267,islandpath_dimob
NC_012695.1,2111637,2117467,5830,islandpath_dimob
NC_007952.1,124231,145525,21294,islandpath_dimob
NC_007952.1,268591,280019,11428,islandpath_dimob
NC_007952.1,1095955,1104671,8716,islandpath_dimob
NC_007952.1,1210322,1222678,12356,islandpath_dimob
NC_007952.1,1306147,1311819,5672,islandpath_dimob
NC_007952.1,3182314,3226814,44500,islandpath_dimob
NC_007952.1,3229683,3255222,25539,islandpath_dimob
NC_007952.1,3280032,3329030,48998,islandpath_dimob
NC_015949.1,189756,224673,34917,islandpath_dimob
NC_015949.1,319358,337650,18292,islandpath_dimob
NC_015949.1,986267,1002279,16012,islandpath_dimob
NC_015949.1,1227200,1235611,8411,islandpath_dimob
NC_015949.1,1441279,1450047,8768,islandpath_dimob
NC_015949.1,1713201,1743604,30403,islandpath_dimob
NC_015949.1,1768536,1782738,14202,islandpath_dimob
NC_015949.1,2306175,2320918,14743,islandpath_dimob
NC_015949.1,2414564,2429999,15435,islandpath_dimob
NC_015949.1,2434002,2455598,21596,islandpath_dimob
NC_015949.1,2470253,2486221,15968,islandpath_dimob
NC_009256.1,9276,23414,14138,islandpath_dimob
NC_009256.1,180950,207090,26140,islandpath_dimob
NC_009256.1,279205,302785,23580,islandpath_dimob
NC_009256.1,1289516,1298889,9373,islandpath_dimob
NC_009256.1,1368687,1376081,7394,islandpath_dimob
NC_009256.1,2175110,2229480,54370,islandpath_dimob
NC_009256.1,2279445,2295887,16442,islandpath_dimob
NC_009256.1,2369662,2386495,16833,islandpath_dimob
NC_009256.1,2515217,2527949,12732,islandpath_dimob
NC_009256.1,2721039,2726489,5450,islandpath_dimob
NC_009256.1,2905478,2915421,9943,islandpath_dimob
NC_009256.1,3544918,3617221,72303,islandpath_dimob
NC_007951.1,574477,596042,21565,islandpath_dimob
NC_007951.1,778440,793797,15357,islandpath_dimob
NC_007951.1,989378,1014608,25230,islandpath_dimob
NC_007951.1,1048673,1059012,10339,islandpath_dimob
NC_007951.1,1719447,1729122,9675,islandpath_dimob
NC_007951.1,1973431,2003840,30409,islandpath_dimob
NC_007951.1,2071727,2084297,12570,islandpath_dimob
NC_007951.1,2097539,2116706,19167,islandpath_dimob
NC_007951.1,2213056,2222454,9398,islandpath_dimob
NC_007951.1,2919786,2943455,23669,islandpath_dimob
NC_007951.1,2964730,2991336,26606,islandpath_dimob
NC_007951.1,3007938,3015092,7154,islandpath_dimob
NC_007951.1,4581781,4604552,22771,islandpath_dimob
NC_012034.1,292214,310040,17826,islandpath_dimob
NC_012034.1,806404,821803,15399,islandpath_dimob
NC_012034.1,1925983,1988079,62096,islandpath_dimob
NC_009437.1,299202,308396,9194,islandpath_dimob
NC_009437.1,348788,361987,13199,islandpath_dimob
NC_009437.1,425910,437523,11613,islandpath_dimob
NC_009437.1,520727,528023,7296,islandpath_dimob
NC_009437.1,626146,637389,11243,islandpath_dimob
NC_009437.1,717735,722597,4862,islandpath_dimob
NC_009437.1,944525,949740,5215,islandpath_dimob
NC_009437.1,1196759,1235099,38340,islandpath_dimob
NC_009437.1,1603995,1617179,13184,islandpath_dimob
NC_009437.1,1641843,1660752,18909,islandpath_dimob
NC_009437.1,1820561,1825076,4515,islandpath_dimob
NC_009437.1,1836366,1846415,10049,islandpath_dimob
NC_009437.1,2301356,2314638,13282,islandpath_dimob
NC_009437.1,2760589,2774069,13480,islandpath_dimob
NC_009437.1,2779771,2812353,32582,islandpath_dimob
NC_009437.1,2817519,2837130,19611,islandpath_dimob
NC_009954.1,1513623,1540408,26785,islandpath_dimob
NC_009802.1,368468,380851,12383,islandpath_dimob
NC_009802.1,1587044,1616148,29104,islandpath_dimob
NC_009714.1,117385,161645,44260,islandpath_dimob
NC_009707.1,302534,311993,9459,islandpath_dimob
NC_009707.1,909974,916891,6917,islandpath_dimob
NC_003912.7,486631,500069,13438,islandpath_dimob
NC_003912.7,1021521,1070808,49287,islandpath_dimob
NC_010830.1,654103,660018,5915,islandpath_dimob
NC_010830.1,1110331,1121414,11083,islandpath_dimob
NC_010830.1,1142715,1152364,9649,islandpath_dimob
NC_010830.1,1364747,1375643,10896,islandpath_dimob
NC_010830.1,1439319,1443730,4411,islandpath_dimob
NC_010830.1,1797379,1825228,27849,islandpath_dimob
NC_011565.1,976930,1042696,65766,islandpath_dimob
NC_016012.1,721678,735023,13345,islandpath_dimob
NC_010482.1,857883,864683,6800,islandpath_dimob
NC_009715.1,1472322,1489060,16738,islandpath_dimob
NC_009715.1,1870526,1874209,3683,islandpath_dimob
NC_016025.1,420397,434365,13968,islandpath_dimob
NC_016025.1,556649,566382,9733,islandpath_dimob
NC_016025.1,585601,616959,31358,islandpath_dimob
NC_016024.1,441548,455840,14292,islandpath_dimob
NC_016024.1,1551281,1560699,9418,islandpath_dimob
NC_016024.1,2294926,2308536,13610,islandpath_dimob
NC_010424.1,539070,553549,14479,islandpath_dimob
NC_010424.1,719446,738894,19448,islandpath_dimob
NC_010424.1,788293,795801,7508,islandpath_dimob
NC_010424.1,803008,822439,19431,islandpath_dimob
NC_010424.1,828685,851015,22330,islandpath_dimob
NC_010424.1,1571172,1583375,12203,islandpath_dimob
NC_010424.1,1782002,1812698,30696,islandpath_dimob
NC_010424.1,1814723,1825871,11148,islandpath_dimob
NC_010424.1,1888323,1933933,45610,islandpath_dimob
NC_015722.1,679834,683606,3772,islandpath_dimob
NC_015722.1,768513,774264,5751,islandpath_dimob
NC_015722.1,848770,856489,7719,islandpath_dimob
NC_015722.1,1009037,1013831,4794,islandpath_dimob
NC_015722.1,1079333,1093377,14044,islandpath_dimob
NC_008009.1,3400408,3414007,13599,islandpath_dimob
NC_008009.1,3654507,3664047,9540,islandpath_dimob
NC_008009.1,3742506,3750579,8073,islandpath_dimob
NC_008009.1,4433043,4448194,15151,islandpath_dimob
NC_008009.1,5063348,5077163,13815,islandpath_dimob
NC_005861.1,658749,667804,9055,islandpath_dimob
NC_005861.1,1176289,1196211,19922,islandpath_dimob
NC_005861.1,1522243,1533631,11388,islandpath_dimob
NC_005861.1,1870645,1880144,9499,islandpath_dimob
NC_008536.1,1171118,1184066,12948,islandpath_dimob
NC_008536.1,1246664,1261687,15023,islandpath_dimob
NC_008536.1,3196271,3209979,13708,islandpath_dimob
NC_008536.1,3987334,3999816,12482,islandpath_dimob
NC_008536.1,4184836,4194356,9520,islandpath_dimob
NC_008536.1,6005611,6013527,7916,islandpath_dimob
NC_008536.1,6480103,6487305,7202,islandpath_dimob
NC_008536.1,6752378,6766166,13788,islandpath_dimob
NC_008536.1,7570069,7594028,23959,islandpath_dimob
NC_008536.1,7653338,7669698,16360,islandpath_dimob
NC_008536.1,8020089,8025701,5612,islandpath_dimob
NC_008536.1,8529324,8562117,32793,islandpath_dimob
NC_008536.1,8620732,8655975,35243,islandpath_dimob
NC_008536.1,9100714,9108650,7936,islandpath_dimob
NC_008536.1,9534949,9550031,15082,islandpath_dimob
NC_008536.1,9566382,9587178,20796,islandpath_dimob
NC_015846.1,660263,674680,14417,islandpath_dimob
NC_015846.1,875964,885696,9732,islandpath_dimob
NC_015846.1,1115077,1133823,18746,islandpath_dimob
NC_015846.1,1223268,1240919,17651,islandpath_dimob
NC_015846.1,1328948,1343053,14105,islandpath_dimob
NC_015846.1,1348150,1355064,6914,islandpath_dimob
NC_007503.1,258853,263769,4916,islandpath_dimob
NC_007503.1,1112594,1175058,62464,islandpath_dimob
NC_007503.1,1485304,1529093,43789,islandpath_dimob
NC_007503.1,2236244,2250001,13757,islandpath_dimob
NC_015391.1,82193,105045,22852,islandpath_dimob
NC_015391.1,917147,923202,6055,islandpath_dimob
NC_002696.2,725745,737973,12228,islandpath_dimob
NC_002696.2,1880978,1891098,10120,islandpath_dimob
NC_002696.2,2941644,2954595,12951,islandpath_dimob
NC_002696.2,3563742,3568119,4377,islandpath_dimob
NC_002696.2,3576844,3582547,5703,islandpath_dimob
NC_002696.2,3843216,3851001,7785,islandpath_dimob
NC_015514.1,38850,54761,15911,islandpath_dimob
NC_015514.1,185537,207592,22055,islandpath_dimob
NC_015514.1,479168,496841,17673,islandpath_dimob
NC_015514.1,3311808,3322630,10822,islandpath_dimob
NC_015514.1,3513207,3542621,29414,islandpath_dimob
NC_015514.1,3882764,3896573,13809,islandpath_dimob
NC_015514.1,4096181,4105987,9806,islandpath_dimob
NC_015167.1,1655074,1689616,34542,islandpath_dimob
NC_015167.1,2652807,2692155,39348,islandpath_dimob
NC_015167.1,3656745,3672996,16251,islandpath_dimob
NC_015167.1,3676587,3682483,5896,islandpath_dimob
NC_011916.1,1050185,1059390,9205,islandpath_dimob
NC_011916.1,1906954,1916470,9516,islandpath_dimob
NC_011916.1,2923673,2932736,9063,islandpath_dimob
NC_011916.1,3129406,3145387,15981,islandpath_dimob
NC_011916.1,3589731,3594108,4377,islandpath_dimob
NC_011916.1,3869198,3876983,7785,islandpath_dimob
NC_010338.1,492587,497368,4781,islandpath_dimob
NC_010338.1,656144,667800,11656,islandpath_dimob
NC_010338.1,1162866,1181230,18364,islandpath_dimob
NC_010338.1,1393365,1406281,12916,islandpath_dimob
NC_010338.1,2771318,2781886,10568,islandpath_dimob
NC_010338.1,3747513,3784377,36864,islandpath_dimob
NC_010338.1,4500837,4512324,11487,islandpath_dimob
NC_010338.1,4534338,4545322,10984,islandpath_dimob
NC_002620.2,291657,318136,26479,islandpath_dimob
NC_010995.1,160941,181876,20935,islandpath_dimob
NC_010995.1,767378,786770,19392,islandpath_dimob
NC_010995.1,1415191,1441833,26642,islandpath_dimob
NC_010995.1,2105019,2117894,12875,islandpath_dimob
NC_010995.1,2862001,2898176,36175,islandpath_dimob
NC_010995.1,4465312,4476883,11571,islandpath_dimob
NC_010995.1,4531575,4548743,17168,islandpath_dimob
NC_014934.1,217689,240137,22448,islandpath_dimob
NC_014934.1,246091,260740,14649,islandpath_dimob
NC_014934.1,1822824,1842876,20052,islandpath_dimob
NC_014934.1,1935722,1959944,24222,islandpath_dimob
NC_014934.1,3218275,3236772,18497,islandpath_dimob
NC_014934.1,3654348,3674488,20140,islandpath_dimob
NC_014934.1,3751612,3782353,30741,islandpath_dimob
NC_014934.1,3786132,3795481,9349,islandpath_dimob
NC_014934.1,3802469,3822369,19900,islandpath_dimob
NC_014934.1,3942168,3958921,16753,islandpath_dimob
NC_008254.1,234078,248636,14558,islandpath_dimob
NC_008254.1,551117,608023,56906,islandpath_dimob
NC_008254.1,2021326,2038561,17235,islandpath_dimob
NC_008254.1,4114500,4168234,53734,islandpath_dimob
NC_007514.1,2432740,2457570,24830,islandpath_dimob
NC_007512.1,2041402,2059749,18347,islandpath_dimob
NC_007512.1,2065614,2089066,23452,islandpath_dimob
NC_007512.1,2091153,2100593,9440,islandpath_dimob
NC_009337.1,76501,106048,29547,islandpath_dimob
NC_009337.1,128658,139491,10833,islandpath_dimob
NC_009337.1,161208,172590,11382,islandpath_dimob
NC_009337.1,743117,755389,12272,islandpath_dimob
NC_010803.1,254450,262820,8370,islandpath_dimob
NC_010803.1,1012342,1033211,20869,islandpath_dimob
NC_010803.1,1399308,1419699,20391,islandpath_dimob
NC_010803.1,1440117,1462053,21936,islandpath_dimob
NC_010803.1,1578898,1592007,13109,islandpath_dimob
NC_010803.1,2051888,2109653,57765,islandpath_dimob
NC_010803.1,2480100,2504510,24410,islandpath_dimob
NC_010831.1,46330,58161,11831,islandpath_dimob
NC_010831.1,942080,962105,20025,islandpath_dimob
NC_010831.1,1111773,1120910,9137,islandpath_dimob
NC_010831.1,1243682,1250441,6759,islandpath_dimob
NC_010831.1,1661858,1673380,11522,islandpath_dimob
NC_010831.1,2075111,2114162,39051,islandpath_dimob
NC_010831.1,2526907,2542159,15252,islandpath_dimob
NC_008639.1,5093,14092,8999,islandpath_dimob
NC_008639.1,292938,303573,10635,islandpath_dimob
NC_008639.1,737689,746320,8631,islandpath_dimob
NC_008639.1,890924,897125,6201,islandpath_dimob
NC_008639.1,1056435,1079069,22634,islandpath_dimob
NC_008639.1,1973891,1996094,22203,islandpath_dimob
NC_008639.1,2461192,2478968,17776,islandpath_dimob
NC_008639.1,2565122,2589943,24821,islandpath_dimob
NC_008639.1,3000483,3030961,30478,islandpath_dimob
NC_002932.3,446466,470973,24507,islandpath_dimob
NC_002932.3,1613786,1624809,11023,islandpath_dimob
NC_011026.1,319433,331383,11950,islandpath_dimob
NC_011026.1,1201076,1214220,13144,islandpath_dimob
NC_011831.1,357112,374543,17431,islandpath_dimob
NC_011831.1,2148627,2156031,7404,islandpath_dimob
NC_011831.1,3820788,3835327,14539,islandpath_dimob
NC_011831.1,3981602,4000317,18715,islandpath_dimob
NC_012032.1,1872529,1880833,8304,islandpath_dimob
NC_012032.1,3269841,3281723,11882,islandpath_dimob
NC_010175.1,1870429,1877379,6950,islandpath_dimob
NC_010175.1,3274056,3286082,12026,islandpath_dimob
NC_007963.1,1372060,1382190,10130,islandpath_dimob
NC_005085.1,650569,685181,34612,islandpath_dimob
NC_005085.1,1497100,1512388,15288,islandpath_dimob
NC_005085.1,4146194,4158712,12518,islandpath_dimob
NC_009480.1,2583058,2610689,27631,islandpath_dimob
NC_010407.1,32763,45317,12554,islandpath_dimob
NC_010407.1,2040944,2059914,18970,islandpath_dimob
NC_015737.1,64305,74847,10542,islandpath_dimob
NC_015737.1,755963,770148,14185,islandpath_dimob
NC_015737.1,842842,847688,4846,islandpath_dimob
NC_015737.1,854230,865746,11516,islandpath_dimob
NC_015737.1,1074097,1105325,31228,islandpath_dimob
NC_015737.1,1359452,1366016,6564,islandpath_dimob
NC_015737.1,1369112,1373239,4127,islandpath_dimob
NC_015737.1,1964687,2014187,49500,islandpath_dimob
NC_015737.1,2168255,2172987,4732,islandpath_dimob
NC_015737.1,2698509,2705635,7126,islandpath_dimob
NC_015737.1,2721770,2732322,10552,islandpath_dimob
NC_015737.1,2747019,2766563,19544,islandpath_dimob
NC_009792.1,816421,873581,57160,islandpath_dimob
NC_009792.1,3228824,3293077,64253,islandpath_dimob
NC_009792.1,3441579,3448815,7236,islandpath_dimob
NC_009792.1,3671468,3694354,22886,islandpath_dimob
NC_009792.1,4336793,4361154,24361,islandpath_dimob
NC_003030.1,1322089,1330896,8807,islandpath_dimob
NC_003030.1,1444875,1460758,15883,islandpath_dimob
NC_003030.1,2057846,2070462,12616,islandpath_dimob
NC_003030.1,3714551,3729168,14617,islandpath_dimob
NC_015687.1,1323692,1332499,8807,islandpath_dimob
NC_015687.1,1448068,1462359,14291,islandpath_dimob
NC_015687.1,2059440,2066357,6917,islandpath_dimob
NC_015687.1,2067116,2072056,4940,islandpath_dimob
NC_015687.1,3715795,3730751,14956,islandpath_dimob
NC_012563.1,597345,611353,14008,islandpath_dimob
NC_012563.1,885002,904892,19890,islandpath_dimob
NC_012563.1,1001768,1011800,10032,islandpath_dimob
NC_012563.1,1168283,1176458,8175,islandpath_dimob
NC_012563.1,2606566,2615951,9385,islandpath_dimob
NC_012563.1,2855903,2861937,6034,islandpath_dimob
NC_012563.1,3234848,3243170,8322,islandpath_dimob
NC_012563.1,3854232,3868469,14237,islandpath_dimob
NC_010520.1,842278,853093,10815,islandpath_dimob
NC_010520.1,1617529,1635719,18190,islandpath_dimob
NC_010520.1,2327773,2336179,8406,islandpath_dimob
NC_010520.1,2574891,2584713,9822,islandpath_dimob
NC_010520.1,3674379,3694167,19788,islandpath_dimob
NC_009617.1,1438694,1445219,6525,islandpath_dimob
NC_009617.1,1603061,1619557,16496,islandpath_dimob
NC_009617.1,1955372,1962337,6965,islandpath_dimob
NC_009617.1,2960016,2969550,9534,islandpath_dimob
NC_009617.1,3357710,3375317,17607,islandpath_dimob
NC_009617.1,3705928,3712869,6941,islandpath_dimob
NC_009617.1,3762977,3777010,14033,islandpath_dimob
NC_009617.1,4289789,4295303,5514,islandpath_dimob
NC_009617.1,5876463,5883656,7193,islandpath_dimob
NC_009495.1,2505407,2509351,3944,islandpath_dimob
NC_009495.1,2681087,2687233,6146,islandpath_dimob
NC_009697.1,2594001,2601445,7444,islandpath_dimob
NC_009697.1,2931378,2958636,27258,islandpath_dimob
NC_010516.1,825368,851135,25767,islandpath_dimob
NC_010516.1,2185865,2230670,44805,islandpath_dimob
NC_010516.1,2342389,2353145,10756,islandpath_dimob
NC_010516.1,2712897,2719834,6937,islandpath_dimob
NC_010516.1,3658494,3672308,13814,islandpath_dimob
NC_009698.1,2530631,2538373,7742,islandpath_dimob
NC_009698.1,2868303,2895561,27258,islandpath_dimob
NC_009698.1,3098194,3103405,5211,islandpath_dimob
NC_015425.1,312906,320832,7926,islandpath_dimob
NC_015425.1,751598,765105,13507,islandpath_dimob
NC_015425.1,1028798,1042884,14086,islandpath_dimob
NC_015425.1,1046141,1079480,33339,islandpath_dimob
NC_015425.1,1298893,1312469,13576,islandpath_dimob
NC_015425.1,1653262,1666531,13269,islandpath_dimob
NC_015425.1,2356598,2367864,11266,islandpath_dimob
NC_012658.1,876291,884885,8594,islandpath_dimob
NC_012658.1,956395,972563,16168,islandpath_dimob
NC_012658.1,1803356,1813038,9682,islandpath_dimob
NC_012658.1,1887105,1893362,6257,islandpath_dimob
NC_012658.1,2221397,2235394,13997,islandpath_dimob
NC_012658.1,2533666,2538515,4849,islandpath_dimob
NC_012658.1,2734999,2741698,6699,islandpath_dimob
NC_012658.1,3070678,3109339,38661,islandpath_dimob
NC_012658.1,3670112,3693917,23805,islandpath_dimob
NC_010674.1,950276,955960,5684,islandpath_dimob
NC_010674.1,1319223,1326858,7635,islandpath_dimob
NC_010674.1,1391889,1412834,20945,islandpath_dimob
NC_010674.1,2010262,2015612,5350,islandpath_dimob
NC_010723.1,1310004,1317819,7815,islandpath_dimob
NC_010723.1,1367362,1383625,16263,islandpath_dimob
NC_010723.1,1866999,1875782,8783,islandpath_dimob
NC_010723.1,2284214,2289280,5066,islandpath_dimob
NC_010723.1,2618847,2627640,8793,islandpath_dimob
NC_010723.1,2644463,2650485,6022,islandpath_dimob
NC_010723.1,3208064,3216175,8111,islandpath_dimob
NC_009699.1,2729088,2735116,6028,islandpath_dimob
NC_009699.1,3450205,3453491,3286,islandpath_dimob
NC_009699.1,3695102,3706031,10929,islandpath_dimob
NC_011898.1,63997,78827,14830,islandpath_dimob
NC_011898.1,1596075,1604265,8190,islandpath_dimob
NC_011898.1,2193208,2198597,5389,islandpath_dimob
NC_011898.1,3278373,3293976,15603,islandpath_dimob
NC_011898.1,3309391,3318154,8763,islandpath_dimob
NC_011898.1,3515217,3526230,11013,islandpath_dimob
NC_011898.1,3611892,3624040,12148,islandpath_dimob
NC_011898.1,3852439,3863239,10800,islandpath_dimob
NC_009089.1,428111,461601,33490,islandpath_dimob
NC_009089.1,480432,517974,37542,islandpath_dimob
NC_009089.1,1281482,1320977,39495,islandpath_dimob
NC_009089.1,2143794,2173254,29460,islandpath_dimob
NC_009089.1,3889811,3912117,22306,islandpath_dimob
NC_009089.1,3933977,3968851,34874,islandpath_dimob
NC_008593.1,437980,449802,11822,islandpath_dimob
NC_008261.1,1535490,1546194,10704,islandpath_dimob
NC_009706.1,232521,266089,33568,islandpath_dimob
NC_009706.1,1604874,1611891,7017,islandpath_dimob
NC_009706.1,2616228,2625221,8993,islandpath_dimob
NC_009706.1,2642505,2665387,22882,islandpath_dimob
NC_009706.1,2669696,2679840,10144,islandpath_dimob
NC_009706.1,2680601,2740139,59538,islandpath_dimob
NC_009706.1,3149651,3170639,20988,islandpath_dimob
NC_009706.1,3297637,3307238,9601,islandpath_dimob
NC_009706.1,3577421,3601046,23625,islandpath_dimob
NC_009706.1,3881738,3941461,59723,islandpath_dimob
NC_011837.1,232521,266089,33568,islandpath_dimob
NC_011837.1,2547731,2557884,10153,islandpath_dimob
NC_011837.1,2574008,2596458,22450,islandpath_dimob
NC_011837.1,2601591,2609665,8074,islandpath_dimob
NC_011837.1,2611734,2672898,61164,islandpath_dimob
NC_011837.1,3080070,3102141,22071,islandpath_dimob
NC_011837.1,3229579,3238740,9161,islandpath_dimob
NC_011837.1,3508923,3532599,23676,islandpath_dimob
NC_011837.1,3813241,3872964,59723,islandpath_dimob
NC_003366.1,1292677,1302286,9609,islandpath_dimob
NC_003366.1,1353763,1364427,10664,islandpath_dimob
NC_008262.1,484554,493286,8732,islandpath_dimob
NC_008262.1,800668,807704,7036,islandpath_dimob
NC_008262.1,889291,896062,6771,islandpath_dimob
NC_008262.1,920802,936186,15384,islandpath_dimob
NC_008262.1,1060394,1070733,10339,islandpath_dimob
NC_008262.1,1320753,1331447,10694,islandpath_dimob
NC_008262.1,1717743,1724338,6595,islandpath_dimob
NC_008262.1,2601852,2640252,38400,islandpath_dimob
NC_008262.1,2833499,2845655,12156,islandpath_dimob
NC_015275.1,976071,980070,3999,islandpath_dimob
NC_015275.1,1605738,1613321,7583,islandpath_dimob
NC_015275.1,2377353,2388872,11519,islandpath_dimob
NC_015275.1,2580064,2591524,11460,islandpath_dimob
NC_015275.1,2860432,2867029,6597,islandpath_dimob
NC_015275.1,3026339,3042097,15758,islandpath_dimob
NC_015275.1,3100908,3109228,8320,islandpath_dimob
NC_015275.1,3412161,3434776,22615,islandpath_dimob
NC_004557.1,1996450,2007078,10628,islandpath_dimob
NC_010001.1,257661,266050,8389,islandpath_dimob
NC_010001.1,3648165,3664799,16634,islandpath_dimob
NC_010001.1,4323651,4341123,17472,islandpath_dimob
NC_009012.1,623795,638246,14451,islandpath_dimob
NC_009012.1,1321428,1378375,56947,islandpath_dimob
NC_009012.1,1994546,2004883,10337,islandpath_dimob
NC_009012.1,2008356,2070510,62154,islandpath_dimob
NC_009012.1,2229188,2249277,20089,islandpath_dimob
NC_009012.1,2353109,2377517,24408,islandpath_dimob
NC_009012.1,2382106,2392471,10365,islandpath_dimob
NC_009012.1,2940930,2965406,24476,islandpath_dimob
NC_009012.1,3354477,3389798,35321,islandpath_dimob
NC_009012.1,3822304,3837541,15237,islandpath_dimob
NC_015856.1,3038,26137,23099,islandpath_dimob
NC_015856.1,1188765,1203915,15150,islandpath_dimob
NC_015856.1,2034001,2052658,18657,islandpath_dimob
NC_015856.1,2600891,2620929,20038,islandpath_dimob
NC_015856.1,3064866,3074841,9975,islandpath_dimob
NC_015856.1,4181093,4194214,13121,islandpath_dimob
NC_015856.1,4348357,4393078,44721,islandpath_dimob
NC_011295.1,33594,46712,13118,islandpath_dimob
NC_011295.1,1224390,1236890,12500,islandpath_dimob
NC_003910.7,493192,507205,14013,islandpath_dimob
NC_003910.7,893585,902031,8446,islandpath_dimob
NC_003910.7,1678921,1685697,6776,islandpath_dimob
NC_003910.7,1727873,1733101,5228,islandpath_dimob
NC_003910.7,3054316,3103552,49236,islandpath_dimob
NC_003910.7,3261796,3271146,9350,islandpath_dimob
NC_003910.7,4194924,4202656,7732,islandpath_dimob
NC_012590.1,45314,53567,8253,islandpath_dimob
NC_012590.1,434879,466050,31171,islandpath_dimob
NC_012590.1,1957725,1985939,28214,islandpath_dimob
NC_012590.1,2243820,2251077,7257,islandpath_dimob
NC_002935.2,23408,33899,10491,islandpath_dimob
NC_002935.2,786955,796840,9885,islandpath_dimob
NC_002935.2,1463319,1472768,9449,islandpath_dimob
NC_004369.1,44382,55791,11409,islandpath_dimob
NC_004369.1,260210,295343,35133,islandpath_dimob
NC_004369.1,375116,419919,44803,islandpath_dimob
NC_004369.1,543348,557936,14588,islandpath_dimob
NC_004369.1,871792,883276,11484,islandpath_dimob
NC_004369.1,1273105,1304499,31394,islandpath_dimob
NC_004369.1,1469682,1477692,8010,islandpath_dimob
NC_004369.1,1514130,1520268,6138,islandpath_dimob
NC_004369.1,1527836,1535523,7687,islandpath_dimob
NC_004369.1,1557222,1564430,7208,islandpath_dimob
NC_004369.1,2284704,2301691,16987,islandpath_dimob
NC_004369.1,2470400,2476552,6152,islandpath_dimob
NC_004369.1,2984801,2994018,9217,islandpath_dimob
NC_004369.1,3115358,3120673,5315,islandpath_dimob
NC_007164.1,60409,70494,10085,islandpath_dimob
NC_007164.1,575064,580896,5832,islandpath_dimob
NC_007164.1,617024,625188,8164,islandpath_dimob
NC_007164.1,628951,644360,15409,islandpath_dimob
NC_007164.1,1448452,1460672,12220,islandpath_dimob
NC_007164.1,1463296,1479255,15959,islandpath_dimob
NC_007164.1,1848374,1857070,8696,islandpath_dimob
NC_003450.3,368647,387203,18556,islandpath_dimob
NC_003450.3,951831,962252,10421,islandpath_dimob
NC_003450.3,1774454,1824325,49871,islandpath_dimob
NC_003450.3,1826641,1877886,51245,islandpath_dimob
NC_003450.3,3155244,3178876,23632,islandpath_dimob
NC_006958.1,953300,963722,10422,islandpath_dimob
NC_006958.1,1084417,1091209,6792,islandpath_dimob
NC_006958.1,1775926,1826064,50138,islandpath_dimob
NC_006958.1,1828113,1879358,51245,islandpath_dimob
NC_006958.1,3128550,3152182,23632,islandpath_dimob
NC_012704.1,1917213,1924865,7652,islandpath_dimob
NC_015673.1,78534,89617,11083,islandpath_dimob
NC_015673.1,298414,305171,6757,islandpath_dimob
NC_015673.1,770244,778164,7920,islandpath_dimob
NC_015673.1,1053210,1106063,52853,islandpath_dimob
NC_015673.1,1402576,1411827,9251,islandpath_dimob
NC_015673.1,1817892,1889852,71960,islandpath_dimob
NC_015673.1,2231423,2244469,13046,islandpath_dimob
NC_015673.1,2255389,2275252,19863,islandpath_dimob
NC_015673.1,2371300,2379351,8051,islandpath_dimob
NC_009342.1,594029,623936,29907,islandpath_dimob
NC_009342.1,1547967,1556716,8749,islandpath_dimob
NC_009342.1,2556240,2566836,10596,islandpath_dimob
NC_009342.1,3152274,3156847,4573,islandpath_dimob
NC_010545.1,337552,350943,13391,islandpath_dimob
NC_010545.1,744807,757826,13019,islandpath_dimob
NC_010545.1,1697421,1707163,9742,islandpath_dimob
NC_010545.1,1786947,1799810,12863,islandpath_dimob
NC_010545.1,1917952,1927646,9694,islandpath_dimob
NC_010545.1,2112889,2126927,14038,islandpath_dimob
NC_010545.1,2233214,2250116,16902,islandpath_dimob
NC_015683.1,1303800,1323728,19928,islandpath_dimob
NC_015683.1,1501743,1512801,11058,islandpath_dimob
NC_015683.1,1969601,1986099,16498,islandpath_dimob
NC_011527.1,1304041,1311043,7002,islandpath_dimob
NC_011527.1,1552893,1560772,7879,islandpath_dimob
NC_011528.1,741473,752577,11104,islandpath_dimob
NC_011528.1,913485,929777,16292,islandpath_dimob
NC_015859.1,88150,101884,13734,islandpath_dimob
NC_015859.1,379097,386667,7570,islandpath_dimob
NC_015859.1,423777,435190,11413,islandpath_dimob
NC_015859.1,1075015,1082126,7111,islandpath_dimob
NC_015859.1,1540254,1597327,57073,islandpath_dimob
NC_015859.1,1638699,1650141,11442,islandpath_dimob
NC_015859.1,2170539,2190434,19895,islandpath_dimob
NC_015859.1,2611971,2636453,24482,islandpath_dimob
NC_015859.1,2739057,2749258,10201,islandpath_dimob
NC_015859.1,3022271,3039191,16920,islandpath_dimob
NC_015859.1,3122059,3129211,7152,islandpath_dimob
NC_015859.1,3133442,3139220,5778,islandpath_dimob
NC_015859.1,3171196,3207153,35957,islandpath_dimob
NC_015859.1,3350634,3363967,13333,islandpath_dimob
NC_009727.1,770661,779602,8941,islandpath_dimob
NC_009727.1,975770,988373,12603,islandpath_dimob
NC_010117.1,790627,802636,12009,islandpath_dimob
NC_002971.3,980798,993400,12602,islandpath_dimob
NC_002971.3,1574545,1581774,7229,islandpath_dimob
NC_009778.1,592839,602908,10069,islandpath_dimob
NC_009778.1,1561010,1571253,10243,islandpath_dimob
NC_009778.1,1720535,1743995,23460,islandpath_dimob
NC_009778.1,2236274,2274134,37860,islandpath_dimob
NC_009778.1,2694978,2700752,5774,islandpath_dimob
NC_009778.1,2960351,3025380,65029,islandpath_dimob
NC_009778.1,4035405,4045288,9883,islandpath_dimob
NC_015723.1,449016,456258,7242,islandpath_dimob
NC_015723.1,1451796,1460290,8494,islandpath_dimob
NC_015723.1,2120969,2128941,7972,islandpath_dimob
NC_007973.1,337641,344747,7106,islandpath_dimob
NC_007973.1,1400002,1433825,33823,islandpath_dimob
NC_007973.1,1587871,1616680,28809,islandpath_dimob
NC_007973.1,1650747,1659528,8781,islandpath_dimob
NC_007973.1,1661889,1669879,7990,islandpath_dimob
NC_007973.1,1794651,1803919,9268,islandpath_dimob
NC_007973.1,2156038,2185815,29777,islandpath_dimob
NC_007973.1,2354267,2380959,26692,islandpath_dimob
NC_007973.1,2590243,2609957,19714,islandpath_dimob
NC_007973.1,2769981,2787463,17482,islandpath_dimob
NC_007973.1,3245217,3262587,17370,islandpath_dimob
NC_007973.1,3623191,3645072,21881,islandpath_dimob
NC_015726.1,261802,268012,6210,islandpath_dimob
NC_015726.1,413400,421787,8387,islandpath_dimob
NC_015726.1,1356933,1367516,10583,islandpath_dimob
NC_015726.1,3458702,3498067,39365,islandpath_dimob
NC_013282.2,553861,577303,23442,islandpath_dimob
NC_013282.2,1205576,1256335,50759,islandpath_dimob
NC_013282.2,1810353,1816065,5712,islandpath_dimob
NC_013282.2,2588573,2596447,7874,islandpath_dimob
NC_013282.2,3404152,3414703,10551,islandpath_dimob
NC_010528.1,594460,612842,18382,islandpath_dimob
NC_010528.1,953264,959553,6289,islandpath_dimob
NC_010530.1,1013850,1038107,24257,islandpath_dimob
NC_010546.1,38126,40812,2686,islandpath_dimob
NC_010546.1,734547,746905,12358,islandpath_dimob
NC_010546.1,904325,914061,9736,islandpath_dimob
NC_010546.1,1911919,1927838,15919,islandpath_dimob
NC_010546.1,2312698,2316658,3960,islandpath_dimob
NC_010546.1,2885465,2904405,18940,islandpath_dimob
NC_010546.1,3941793,3950249,8456,islandpath_dimob
NC_010546.1,3994249,4003649,9400,islandpath_dimob
NC_010546.1,4374923,4383716,8793,islandpath_dimob
NC_010546.1,4702321,4717649,15328,islandpath_dimob
NC_011729.1,143319,163908,20589,islandpath_dimob
NC_011729.1,2317985,2323796,5811,islandpath_dimob
NC_011729.1,2437939,2445911,7972,islandpath_dimob
NC_011729.1,2744644,2776966,32322,islandpath_dimob
NC_011729.1,2800083,2807328,7245,islandpath_dimob
NC_011729.1,3720692,3726193,5501,islandpath_dimob
NC_011729.1,3938925,3946042,7117,islandpath_dimob
NC_011729.1,4338363,4343721,5358,islandpath_dimob
NC_011729.1,4574726,4584587,9861,islandpath_dimob
NC_011729.1,5154860,5161157,6297,islandpath_dimob
NC_011726.1,2729857,2734819,4962,islandpath_dimob
NC_011726.1,3068932,3079711,10779,islandpath_dimob
NC_011726.1,4135227,4149104,13877,islandpath_dimob
NC_011726.1,4189491,4196615,7124,islandpath_dimob
NC_015914.1,119128,128105,8977,islandpath_dimob
NC_015914.1,627012,638550,11538,islandpath_dimob
NC_015914.1,674850,685581,10731,islandpath_dimob
NC_015914.1,1831946,1855792,23846,islandpath_dimob
NC_015914.1,2755986,2764230,8244,islandpath_dimob
NC_015914.1,3671064,3683858,12794,islandpath_dimob
NC_015914.1,3868379,3898343,29964,islandpath_dimob
NC_015914.1,4046369,4064955,18586,islandpath_dimob
NC_015914.1,4263281,4271540,8259,islandpath_dimob
NC_015914.1,5212926,5252499,39573,islandpath_dimob
NC_015914.1,5442318,5507427,65109,islandpath_dimob
NC_008255.1,40004,65187,25183,islandpath_dimob
NC_008255.1,284183,292961,8778,islandpath_dimob
NC_008255.1,525549,531963,6414,islandpath_dimob
NC_008255.1,1682293,1748012,65719,islandpath_dimob
NC_008255.1,3367570,3398423,30853,islandpath_dimob
NC_008255.1,3826169,3835779,9610,islandpath_dimob
NC_009455.1,68088,79402,11314,islandpath_dimob
NC_009455.1,93499,103544,10045,islandpath_dimob
NC_009455.1,297683,305693,8010,islandpath_dimob
NC_009455.1,1265757,1274413,8656,islandpath_dimob
NC_007298.1,758609,768950,10341,islandpath_dimob
NC_007298.1,842973,877919,34946,islandpath_dimob
NC_007298.1,1413492,1432842,19350,islandpath_dimob
NC_007298.1,2603975,2631549,27574,islandpath_dimob
NC_007298.1,2693911,2715127,21216,islandpath_dimob
NC_007298.1,3771025,3779781,8756,islandpath_dimob
NC_007356.1,82305,110374,28069,islandpath_dimob
NC_007356.1,1164455,1192389,27934,islandpath_dimob
NC_002936.3,57770,76266,18496,islandpath_dimob
NC_002936.3,968488,1024792,56304,islandpath_dimob
NC_002936.3,1323961,1336808,12847,islandpath_dimob
NC_014314.1,1319049,1324192,5143,islandpath_dimob
NC_012526.1,308680,325251,16571,islandpath_dimob
NC_012526.1,762581,804342,41761,islandpath_dimob
NC_012526.1,1579332,1605549,26217,islandpath_dimob
NC_012526.1,2161900,2175106,13206,islandpath_dimob
NC_001264.1,76678,90549,13871,islandpath_dimob
NC_008025.1,297150,317881,20731,islandpath_dimob
NC_008025.1,860663,868580,7917,islandpath_dimob
NC_008025.1,1774866,1780994,6128,islandpath_dimob
NC_008025.1,1899216,1905985,6769,islandpath_dimob
NC_015161.1,358625,366755,8130,islandpath_dimob
NC_015161.1,1754753,1780705,25952,islandpath_dimob
NC_001263.1,518499,538266,19767,islandpath_dimob
NC_001263.1,670698,680773,10075,islandpath_dimob
NC_014958.1,562094,576662,14568,islandpath_dimob
NC_014958.1,848157,861755,13598,islandpath_dimob
NC_014958.1,925562,950991,25429,islandpath_dimob
NC_014958.1,2620801,2637203,16402,islandpath_dimob
NC_014958.1,3350668,3366247,15579,islandpath_dimob
NC_015563.1,746274,763146,16872,islandpath_dimob
NC_015563.1,1888182,1988321,100139,islandpath_dimob
NC_015563.1,1996277,2063142,66865,islandpath_dimob
NC_015563.1,2704706,2713079,8373,islandpath_dimob
NC_015563.1,3205003,3222320,17317,islandpath_dimob
NC_015563.1,3517098,3536705,19607,islandpath_dimob
NC_015563.1,4098341,4110001,11660,islandpath_dimob
NC_015563.1,4544213,4555274,11061,islandpath_dimob
NC_015563.1,4633374,4646235,12861,islandpath_dimob
NC_015563.1,4657414,4666643,9229,islandpath_dimob
NC_010002.1,1883976,1931439,47463,islandpath_dimob
NC_010002.1,2796462,2803129,6667,islandpath_dimob
NC_010002.1,2809671,2820283,10612,islandpath_dimob
NC_010002.1,2940427,2974654,34227,islandpath_dimob
NC_010002.1,2989671,2998737,9066,islandpath_dimob
NC_010002.1,3986531,3993380,6849,islandpath_dimob
NC_011830.1,904522,918653,14131,islandpath_dimob
NC_011830.1,1046805,1058913,12108,islandpath_dimob
NC_011830.1,2605480,2648631,43151,islandpath_dimob
NC_011830.1,2905060,2913774,8714,islandpath_dimob
NC_011830.1,4240433,4252794,12361,islandpath_dimob
NC_011830.1,4408016,4435895,27879,islandpath_dimob
NC_011830.1,4725098,4745248,20150,islandpath_dimob
NC_011768.1,348554,378114,29560,islandpath_dimob
NC_011768.1,1147295,1161530,14235,islandpath_dimob
NC_011768.1,1723254,1778037,54783,islandpath_dimob
NC_011768.1,2953927,3032631,78704,islandpath_dimob
NC_011768.1,3391277,3410328,19051,islandpath_dimob
NC_011768.1,4290933,4308299,17366,islandpath_dimob
NC_011768.1,5901999,5938724,36725,islandpath_dimob
NC_015388.1,52632,61216,8584,islandpath_dimob
NC_015388.1,1028744,1038091,9347,islandpath_dimob
NC_015388.1,1482947,1488144,5197,islandpath_dimob
NC_015388.1,2143812,2159421,15609,islandpath_dimob
NC_007907.1,12071,30622,18551,islandpath_dimob
NC_007907.1,784803,808764,23961,islandpath_dimob
NC_007907.1,962763,976500,13737,islandpath_dimob
NC_007907.1,984631,1001866,17235,islandpath_dimob
NC_007907.1,1011779,1028589,16810,islandpath_dimob
NC_007907.1,1034061,1061352,27291,islandpath_dimob
NC_007907.1,1259574,1269425,9851,islandpath_dimob
NC_007907.1,2304026,2317294,13268,islandpath_dimob
NC_007907.1,3399656,3425715,26059,islandpath_dimob
NC_007907.1,5137846,5146825,8979,islandpath_dimob
NC_007907.1,5168181,5211549,43368,islandpath_dimob
NC_007907.1,5236627,5311140,74513,islandpath_dimob
NC_007907.1,5418363,5427336,8973,islandpath_dimob
NC_012108.1,1070697,1081013,10316,islandpath_dimob
NC_012108.1,2040663,2057300,16637,islandpath_dimob
NC_012108.1,2158608,2166193,7585,islandpath_dimob
NC_012108.1,2167394,2191938,24544,islandpath_dimob
NC_012108.1,2274934,2286973,12039,islandpath_dimob
NC_012108.1,2329434,2346526,17092,islandpath_dimob
NC_012108.1,2880029,2901692,21663,islandpath_dimob
NC_012108.1,4442050,4448816,6766,islandpath_dimob
NC_012108.1,5013296,5032542,19246,islandpath_dimob
NC_009943.1,2968117,2979766,11649,islandpath_dimob
NC_009943.1,3262117,3301465,39348,islandpath_dimob
NC_015565.1,210240,240983,30743,islandpath_dimob
NC_015565.1,295780,327038,31258,islandpath_dimob
NC_015565.1,573563,596514,22951,islandpath_dimob
NC_015565.1,708812,722702,13890,islandpath_dimob
NC_015565.1,1171609,1181387,9778,islandpath_dimob
NC_015565.1,1733980,1756434,22454,islandpath_dimob
NC_015565.1,1925705,1944253,18548,islandpath_dimob
NC_015565.1,2033345,2042833,9488,islandpath_dimob
NC_015565.1,2362474,2370057,7583,islandpath_dimob
NC_015565.1,2411443,2427302,15859,islandpath_dimob
NC_015565.1,2494169,2505276,11107,islandpath_dimob
NC_006138.1,434543,442568,8025,islandpath_dimob
NC_006138.1,2462049,2464797,2748,islandpath_dimob
NC_006138.1,2778577,2783466,4889,islandpath_dimob
NC_009253.1,318207,325383,7176,islandpath_dimob
NC_009253.1,533866,540486,6620,islandpath_dimob
NC_009253.1,916776,927671,10895,islandpath_dimob
NC_009253.1,931091,953047,21956,islandpath_dimob
NC_009253.1,977127,995181,18054,islandpath_dimob
NC_009253.1,1258679,1307228,48549,islandpath_dimob
NC_009253.1,1515871,1524411,8540,islandpath_dimob
NC_009253.1,1941192,1953368,12176,islandpath_dimob
NC_009253.1,2844555,2854074,9519,islandpath_dimob
NC_009253.1,3272364,3291451,19087,islandpath_dimob
NC_009253.1,3403539,3424209,20670,islandpath_dimob
NC_015573.1,268508,289484,20976,islandpath_dimob
NC_015573.1,772065,823693,51628,islandpath_dimob
NC_015573.1,827694,836305,8611,islandpath_dimob
NC_015573.1,883675,913176,29501,islandpath_dimob
NC_015573.1,916384,986219,69835,islandpath_dimob
NC_015573.1,1036609,1055984,19375,islandpath_dimob
NC_015573.1,1104440,1142225,37785,islandpath_dimob
NC_015573.1,2048101,2057225,9124,islandpath_dimob
NC_015573.1,2066958,2087295,20337,islandpath_dimob
NC_015573.1,2807090,2817336,10246,islandpath_dimob
NC_014844.1,441024,477079,36055,islandpath_dimob
NC_014844.1,501798,525647,23849,islandpath_dimob
NC_014844.1,910367,923183,12816,islandpath_dimob
NC_014844.1,1640011,1651942,11931,islandpath_dimob
NC_014844.1,1757128,1820431,63303,islandpath_dimob
NC_014844.1,1821887,1850059,28172,islandpath_dimob
NC_014844.1,2072450,2087931,15481,islandpath_dimob
NC_014844.1,2136780,2151318,14538,islandpath_dimob
NC_014844.1,2595084,2612005,16921,islandpath_dimob
NC_014844.1,2624554,2630135,5581,islandpath_dimob
NC_014844.1,2729061,2743106,14045,islandpath_dimob
NC_014844.1,3022190,3031081,8891,islandpath_dimob
NC_014844.1,3474382,3484989,10607,islandpath_dimob
NC_014844.1,3571419,3576481,5062,islandpath_dimob
NC_015589.1,721477,746175,24698,islandpath_dimob
NC_015589.1,819863,828698,8835,islandpath_dimob
NC_015589.1,1102652,1112398,9746,islandpath_dimob
NC_015589.1,1433387,1466824,33437,islandpath_dimob
NC_015589.1,1500808,1508216,7408,islandpath_dimob
NC_015589.1,1633793,1642204,8411,islandpath_dimob
NC_015589.1,2838477,2862722,24245,islandpath_dimob
NC_015589.1,3247925,3253496,5571,islandpath_dimob
NC_015589.1,3571182,3641273,70091,islandpath_dimob
NC_015589.1,3819840,3833042,13202,islandpath_dimob
NC_011883.1,280583,291348,10765,islandpath_dimob
NC_011883.1,303980,334313,30333,islandpath_dimob
NC_011883.1,520396,532874,12478,islandpath_dimob
NC_011883.1,2685449,2707059,21610,islandpath_dimob
NC_011883.1,2828124,2837947,9823,islandpath_dimob
NC_007519.1,918776,1001794,83018,islandpath_dimob
NC_007519.1,1788034,1803997,15963,islandpath_dimob
NC_007519.1,1898670,1998527,99857,islandpath_dimob
NC_007519.1,2779086,2793263,14177,islandpath_dimob
NC_007519.1,2864391,2896476,32085,islandpath_dimob
NC_007519.1,3364112,3395762,31650,islandpath_dimob
NC_014836.1,6457,14477,8020,islandpath_dimob
NC_014836.1,244658,279076,34418,islandpath_dimob
NC_014836.1,500553,514846,14293,islandpath_dimob
NC_014836.1,992151,1010198,18047,islandpath_dimob
NC_014836.1,1616630,1624044,7414,islandpath_dimob
NC_014836.1,1850976,1884162,33186,islandpath_dimob
NC_014836.1,2738376,2754114,15738,islandpath_dimob
NC_014836.1,2797101,2812260,15159,islandpath_dimob
NC_008751.1,101089,110797,9708,islandpath_dimob
NC_008751.1,1047313,1095258,47945,islandpath_dimob
NC_008751.1,1662189,1670254,8065,islandpath_dimob
NC_008751.1,1765341,1787249,21908,islandpath_dimob
NC_008751.1,2990704,3047710,57006,islandpath_dimob
NC_002937.3,1580466,1595902,15436,islandpath_dimob
NC_002937.3,1849057,1859288,10231,islandpath_dimob
NC_002937.3,2076256,2133258,57002,islandpath_dimob
NC_002937.3,2268224,2281869,13645,islandpath_dimob
NC_002937.3,2799302,2834336,35034,islandpath_dimob
NC_011769.1,580069,587643,7574,islandpath_dimob
NC_011769.1,2022521,2055510,32989,islandpath_dimob
NC_011769.1,2169795,2182956,13161,islandpath_dimob
NC_011766.1,516696,531869,15173,islandpath_dimob
NC_014961.1,1082894,1099443,16549,islandpath_dimob
NC_011661.1,1298422,1317048,18626,islandpath_dimob
NC_009952.1,396006,409262,13256,islandpath_dimob
NC_009952.1,1006009,1027577,21568,islandpath_dimob
NC_009952.1,1986343,2010203,23860,islandpath_dimob
NC_009952.1,2220619,2232831,12212,islandpath_dimob
NC_015738.1,15703,86991,71288,islandpath_dimob
NC_015738.1,520039,566900,46861,islandpath_dimob
NC_015738.1,1302311,1314570,12259,islandpath_dimob
NC_015738.1,1629282,1667887,38605,islandpath_dimob
NC_015738.1,1673532,1721848,48316,islandpath_dimob
NC_015738.1,2965559,2976333,10774,islandpath_dimob
NC_015738.1,3065585,3084585,19000,islandpath_dimob
NC_010644.1,235688,252686,16998,islandpath_dimob
NC_010644.1,1072348,1080968,8620,islandpath_dimob
NC_010644.1,1540249,1553997,13748,islandpath_dimob
NC_009436.1,1106023,1154361,48338,islandpath_dimob
NC_009436.1,1648159,1664435,16276,islandpath_dimob
NC_009436.1,1680271,1692953,12682,islandpath_dimob
NC_009436.1,1804662,1809250,4588,islandpath_dimob
NC_009436.1,2653863,2661867,8004,islandpath_dimob
NC_009436.1,3368124,3381060,12936,islandpath_dimob
NC_009436.1,4038698,4062467,23769,islandpath_dimob
NC_015968.1,80298,88602,8304,islandpath_dimob
NC_015968.1,3308324,3325164,16840,islandpath_dimob
NC_015968.1,4251287,4268785,17498,islandpath_dimob
NC_015968.1,4296552,4321848,25296,islandpath_dimob
NC_004668.1,129645,150367,20722,islandpath_dimob
NC_004668.1,189621,207848,18227,islandpath_dimob
NC_004668.1,479855,524581,44726,islandpath_dimob
NC_004668.1,549473,575549,26076,islandpath_dimob
NC_004668.1,1795208,1829169,33961,islandpath_dimob
NC_004668.1,2038844,2045460,6616,islandpath_dimob
NC_004668.1,2163823,2182920,19097,islandpath_dimob
NC_004668.1,2219565,2233987,14422,islandpath_dimob
NC_004668.1,2456437,2462200,5763,islandpath_dimob
NC_004668.1,2727686,2734323,6637,islandpath_dimob
NC_004668.1,2817287,2829554,12267,islandpath_dimob
NC_015601.1,622747,644066,21319,islandpath_dimob
NC_015601.1,723301,754447,31146,islandpath_dimob
NC_015601.1,1346245,1358300,12055,islandpath_dimob
NC_015601.1,1548228,1557471,9243,islandpath_dimob
NC_015601.1,1568889,1581743,12854,islandpath_dimob
NC_010694.1,437741,462337,24596,islandpath_dimob
NC_010694.1,1069761,1087188,17427,islandpath_dimob
NC_007722.1,170952,184768,13816,islandpath_dimob
NC_007722.1,827855,855767,27912,islandpath_dimob
NC_007722.1,859176,879236,20060,islandpath_dimob
NC_007722.1,1627110,1632846,5736,islandpath_dimob
NC_007722.1,2175431,2193460,18029,islandpath_dimob
NC_007722.1,2987650,3002416,14766,islandpath_dimob
NC_011745.1,260574,273545,12971,islandpath_dimob
NC_011745.1,1656076,1674986,18910,islandpath_dimob
NC_011745.1,3046009,3048559,2550,islandpath_dimob
NC_011745.1,3443889,3463485,19596,islandpath_dimob
NC_011745.1,4833838,4881956,48118,islandpath_dimob
NC_011745.1,4957163,4970312,13149,islandpath_dimob
NC_011745.1,5065985,5081323,15338,islandpath_dimob
NC_011745.1,5099065,5118567,19502,islandpath_dimob
NC_009800.1,293301,341500,48199,islandpath_dimob
NC_009800.1,354971,360233,5262,islandpath_dimob
NC_009800.1,375293,382898,7605,islandpath_dimob
NC_009800.1,452697,460184,7487,islandpath_dimob
NC_009800.1,794845,811424,16579,islandpath_dimob
NC_009800.1,1264202,1271437,7235,islandpath_dimob
NC_009800.1,2100993,2125215,24222,islandpath_dimob
NC_009800.1,2156840,2178783,21943,islandpath_dimob
NC_009800.1,2651055,2666528,15473,islandpath_dimob
NC_009800.1,2801287,2814230,12943,islandpath_dimob
NC_009800.1,3001609,3026302,24693,islandpath_dimob
NC_010473.1,236656,248445,11789,islandpath_dimob
NC_010473.1,253713,272565,18852,islandpath_dimob
NC_010473.1,504653,524188,19535,islandpath_dimob
NC_010473.1,626552,637448,10896,islandpath_dimob
NC_010473.1,780547,791325,10778,islandpath_dimob
NC_010473.1,1500657,1516146,15489,islandpath_dimob
NC_010473.1,2151423,2167963,16540,islandpath_dimob
NC_010473.1,2187479,2201008,13529,islandpath_dimob
NC_004431.1,309547,348353,38806,islandpath_dimob
NC_004431.1,1156473,1198136,41663,islandpath_dimob
NC_004431.1,2333984,2351621,17637,islandpath_dimob
NC_004431.1,3406498,3438690,32192,islandpath_dimob
NC_004431.1,3441312,3511592,70280,islandpath_dimob
NC_004431.1,4327162,4342237,15075,islandpath_dimob
NC_004431.1,4933881,4953375,19494,islandpath_dimob
NC_011353.1,263848,278112,14264,islandpath_dimob
NC_011353.1,309868,322329,12461,islandpath_dimob
NC_011353.1,1176652,1186738,10086,islandpath_dimob
NC_011353.1,1314292,1335494,21202,islandpath_dimob
NC_011353.1,1339627,1348782,9155,islandpath_dimob
NC_011353.1,1358322,1400141,41819,islandpath_dimob
NC_011353.1,1586122,1599884,13762,islandpath_dimob
NC_011353.1,1753848,1783258,29410,islandpath_dimob
NC_011353.1,2598729,2602358,3629,islandpath_dimob
NC_011353.1,2646350,2659060,12710,islandpath_dimob
NC_011353.1,2706841,2714040,7199,islandpath_dimob
NC_011353.1,2936108,2961506,25398,islandpath_dimob
NC_011353.1,2965811,2971242,5431,islandpath_dimob
NC_011353.1,3244935,3264928,19993,islandpath_dimob
NC_011353.1,3592528,3604133,11605,islandpath_dimob
NC_011353.1,3958012,3976022,18010,islandpath_dimob
NC_002695.1,1176714,1183159,6445,islandpath_dimob
NC_002695.1,1265560,1273400,7840,islandpath_dimob
NC_002695.1,1372019,1391908,19889,islandpath_dimob
NC_002695.1,1415826,1456555,40729,islandpath_dimob
NC_002695.1,2739356,2751437,12081,islandpath_dimob
NC_002695.1,2896767,2918210,21443,islandpath_dimob
NC_002695.1,3474297,3486105,11808,islandpath_dimob
NC_002695.1,3488382,3499897,11515,islandpath_dimob
NC_002695.1,3854489,3872714,18225,islandpath_dimob
NC_010498.1,411063,418675,7612,islandpath_dimob
NC_010498.1,1042254,1051446,9192,islandpath_dimob
NC_010498.1,2260902,2277192,16290,islandpath_dimob
NC_010498.1,2290183,2302908,12725,islandpath_dimob
NC_010498.1,4081597,4088944,7347,islandpath_dimob
NC_010498.1,4864603,4904502,39899,islandpath_dimob
NC_011415.1,619202,644181,24979,islandpath_dimob
NC_011415.1,1481436,1497400,15964,islandpath_dimob
NC_011415.1,2146336,2165732,19396,islandpath_dimob
NC_011742.1,260593,271646,11053,islandpath_dimob
NC_011742.1,333859,340867,7008,islandpath_dimob
NC_011742.1,2043481,2048767,5286,islandpath_dimob
NC_011742.1,2051006,2078964,27958,islandpath_dimob
NC_011742.1,3220074,3242174,22100,islandpath_dimob
NC_011742.1,3248888,3275509,26621,islandpath_dimob
NC_011742.1,4839905,4863436,23531,islandpath_dimob
NC_009718.1,33345,40803,7458,islandpath_dimob
NC_009718.1,1458449,1476932,18483,islandpath_dimob
NC_009718.1,1512443,1529093,16650,islandpath_dimob
NC_009718.1,1774586,1782190,7604,islandpath_dimob
NC_010556.1,1323921,1340189,16268,islandpath_dimob
NC_016001.1,1391813,1405083,13270,islandpath_dimob
NC_016001.1,1515228,1521895,6667,islandpath_dimob
NC_016001.1,2285396,2297117,11721,islandpath_dimob
NC_016001.1,2651570,2680107,28537,islandpath_dimob
NC_016001.1,2683809,2689904,6095,islandpath_dimob
NC_016001.1,3287608,3296177,8569,islandpath_dimob
NC_009441.1,3167404,3192623,25219,islandpath_dimob
NC_009441.1,4310797,4400886,90089,islandpath_dimob
NC_008601.1,129531,134312,4781,islandpath_dimob
NC_015696.1,1936875,1949464,12589,islandpath_dimob
NC_010336.1,745435,750409,4974,islandpath_dimob
NC_010336.1,1056286,1067453,11167,islandpath_dimob
NC_010336.1,1277047,1287179,10132,islandpath_dimob
NC_010336.1,1871617,1880177,8560,islandpath_dimob
NC_009749.1,1436457,1450208,13751,islandpath_dimob
NC_015321.1,469818,491967,22149,islandpath_dimob
NC_015321.1,1559354,1572128,12774,islandpath_dimob
NC_015321.1,2478030,2488101,10071,islandpath_dimob
NC_015321.1,4229768,4269304,39536,islandpath_dimob
NC_015321.1,4292631,4297412,4781,islandpath_dimob
NC_007777.1,1024784,1053278,28494,islandpath_dimob
NC_007777.1,1307962,1322889,14927,islandpath_dimob
NC_007777.1,2204950,2216266,11316,islandpath_dimob
NC_007777.1,2550550,2564204,13654,islandpath_dimob
NC_007777.1,2565885,2572880,6995,islandpath_dimob
NC_007777.1,2841572,2918083,76511,islandpath_dimob
NC_007777.1,2990756,3018425,27669,islandpath_dimob
NC_007777.1,3028197,3040372,12175,islandpath_dimob
NC_007777.1,3165964,3172805,6841,islandpath_dimob
NC_007777.1,3854107,3872486,18379,islandpath_dimob
NC_007777.1,4924560,4930495,5935,islandpath_dimob
NC_007777.1,5034800,5041638,6838,islandpath_dimob
NC_015460.1,168005,177204,9199,islandpath_dimob
NC_015460.1,222197,231599,9402,islandpath_dimob
NC_015460.1,321977,331984,10007,islandpath_dimob
NC_015460.1,1164480,1188610,24130,islandpath_dimob
NC_015460.1,2530930,2537703,6773,islandpath_dimob
NC_015460.1,2540575,2543891,3316,islandpath_dimob
NC_014915.1,313190,326487,13297,islandpath_dimob
NC_014915.1,599192,616110,16918,islandpath_dimob
NC_014915.1,727631,740759,13128,islandpath_dimob
NC_014915.1,838526,853980,15454,islandpath_dimob
NC_014915.1,1083230,1098887,15657,islandpath_dimob
NC_014915.1,1349759,1361086,11327,islandpath_dimob
NC_014915.1,1872308,1941528,69220,islandpath_dimob
NC_014915.1,2122367,2133681,11314,islandpath_dimob
NC_014915.1,2378142,2390006,11864,islandpath_dimob
NC_014915.1,2406051,2417935,11884,islandpath_dimob
NC_014915.1,3041550,3053007,11457,islandpath_dimob
NC_014915.1,3212640,3223079,10439,islandpath_dimob
NC_014915.1,3342091,3356535,14444,islandpath_dimob
NC_014915.1,3441065,3450447,9382,islandpath_dimob
NC_008278.1,511192,518998,7806,islandpath_dimob
NC_008278.1,2749052,2755761,6709,islandpath_dimob
NC_008278.1,2824334,2841350,17016,islandpath_dimob
NC_008278.1,5877058,5892348,15290,islandpath_dimob
NC_012489.1,832993,846629,13636,islandpath_dimob
NC_012489.1,1799525,1813027,13502,islandpath_dimob
NC_012489.1,4109652,4148539,38887,islandpath_dimob
NC_006510.1,169853,186669,16816,islandpath_dimob
NC_006510.1,535715,578240,42525,islandpath_dimob
NC_006510.1,597020,628868,31848,islandpath_dimob
NC_006510.1,800349,816093,15744,islandpath_dimob
NC_006510.1,889984,923057,33073,islandpath_dimob
NC_006510.1,1905459,1916201,10742,islandpath_dimob
NC_006510.1,2912937,2940323,27386,islandpath_dimob
NC_006510.1,3324415,3367925,43510,islandpath_dimob
NC_011979.1,2646377,2658956,12579,islandpath_dimob
NC_011979.1,3416197,3439687,23490,islandpath_dimob
NC_007517.1,352593,358399,5806,islandpath_dimob
NC_007517.1,1475970,1496058,20088,islandpath_dimob
NC_007517.1,1567009,1579243,12234,islandpath_dimob
NC_007517.1,2280861,2300721,19860,islandpath_dimob
NC_007517.1,2435407,2449457,14050,islandpath_dimob
NC_007517.1,2528207,2552194,23987,islandpath_dimob
NC_007517.1,3159274,3165811,6537,islandpath_dimob
NC_007517.1,3531498,3542029,10531,islandpath_dimob
NC_007517.1,3863662,3870495,6833,islandpath_dimob
NC_014973.1,62663,73777,11114,islandpath_dimob
NC_014973.1,1208364,1222900,14536,islandpath_dimob
NC_010814.1,7397,16651,9254,islandpath_dimob
NC_010814.1,1442684,1460320,17636,islandpath_dimob
NC_010814.1,1469744,1481983,12239,islandpath_dimob
NC_010814.1,2399904,2412063,12159,islandpath_dimob
NC_010814.1,2495644,2521204,25560,islandpath_dimob
NC_010814.1,3090820,3106553,15733,islandpath_dimob
NC_011146.1,2003354,2015414,12060,islandpath_dimob
NC_011146.1,2208046,2216323,8277,islandpath_dimob
NC_011146.1,3315800,3335269,19469,islandpath_dimob
NC_011146.1,4200551,4210811,10260,islandpath_dimob
NC_002939.4,589398,597317,7919,islandpath_dimob
NC_002939.4,793255,820173,26918,islandpath_dimob
NC_002939.4,2383423,2387878,4455,islandpath_dimob
NC_002939.4,2624404,2634339,9935,islandpath_dimob
NC_002939.4,2836201,2864331,28130,islandpath_dimob
NC_002939.4,3033064,3064617,31553,islandpath_dimob
NC_016027.1,58538,79562,21024,islandpath_dimob
NC_016027.1,223649,228939,5290,islandpath_dimob
NC_016027.1,527059,537759,10700,islandpath_dimob
NC_016027.1,1366769,1375125,8356,islandpath_dimob
NC_016027.1,1405267,1411032,5765,islandpath_dimob
NC_016027.1,1868100,1879145,11045,islandpath_dimob
NC_016027.1,1907437,1934893,27456,islandpath_dimob
NC_016027.1,2052591,2070382,17791,islandpath_dimob
NC_016027.1,2074058,2097093,23035,islandpath_dimob
NC_016027.1,2451329,2550203,98874,islandpath_dimob
NC_016027.1,2580199,2598055,17856,islandpath_dimob
NC_015497.1,450893,465444,14551,islandpath_dimob
NC_015497.1,2202797,2209981,7184,islandpath_dimob
NC_010125.1,157064,168243,11179,islandpath_dimob
NC_010125.1,769014,780151,11137,islandpath_dimob
NC_010125.1,969654,983349,13695,islandpath_dimob
NC_010125.1,986139,1006963,20824,islandpath_dimob
NC_010125.1,1063339,1070428,7089,islandpath_dimob
NC_010125.1,1072239,1092890,20651,islandpath_dimob
NC_010125.1,2487390,2504786,17396,islandpath_dimob
NC_010125.1,2883696,2931977,48281,islandpath_dimob
NC_010125.1,2942185,2956031,13846,islandpath_dimob
NC_010125.1,3069917,3081325,11408,islandpath_dimob
NC_010125.1,3773275,3781008,7733,islandpath_dimob
NC_010125.1,3858424,3866599,8175,islandpath_dimob
NC_005125.1,135303,148163,12860,islandpath_dimob
NC_005125.1,190723,204197,13474,islandpath_dimob
NC_005125.1,1167290,1175195,7905,islandpath_dimob
NC_005125.1,2279806,2284198,4392,islandpath_dimob
NC_005125.1,2837225,2846678,9453,islandpath_dimob
NC_005125.1,3452713,3460483,7770,islandpath_dimob
NC_005125.1,3610217,3620199,9982,islandpath_dimob
NC_005125.1,4058750,4071986,13236,islandpath_dimob
NC_005125.1,4254811,4265616,10805,islandpath_dimob
NC_002940.2,717778,732062,14284,islandpath_dimob
NC_008343.1,1177982,1203046,25064,islandpath_dimob
NC_008343.1,1293088,1317047,23959,islandpath_dimob
NC_008343.1,1552163,1572178,20015,islandpath_dimob
NC_008343.1,1992714,2024552,31838,islandpath_dimob
NC_008571.1,68779,92862,24083,islandpath_dimob
NC_008571.1,949831,974906,25075,islandpath_dimob
NC_008571.1,1005327,1022015,16688,islandpath_dimob
NC_008571.1,1231025,1237156,6131,islandpath_dimob
NC_008571.1,1434795,1455331,20536,islandpath_dimob
NC_000907.1,1559375,1566830,7455,islandpath_dimob
NC_008309.1,1590548,1609368,18820,islandpath_dimob
NC_010519.1,1922216,1937398,15182,islandpath_dimob
NC_010519.1,2130790,2141045,10255,islandpath_dimob
NC_015943.1,43636,59886,16250,islandpath_dimob
NC_006397.1,104269,112874,8605,islandpath_dimob
NC_015948.1,1600048,1618568,18520,islandpath_dimob
NC_015948.1,1643001,1650487,7486,islandpath_dimob
NC_015948.1,2042559,2084765,42206,islandpath_dimob
NC_015510.1,2208558,2224632,16074,islandpath_dimob
NC_015510.1,3276999,3293958,16959,islandpath_dimob
NC_015510.1,4068552,4082082,13530,islandpath_dimob
NC_015510.1,5759488,5789403,29915,islandpath_dimob
NC_015510.1,7739861,7747567,7706,islandpath_dimob
NC_008789.1,1242815,1271004,28189,islandpath_dimob
NC_008789.1,1394720,1407615,12895,islandpath_dimob
NC_008212.1,1327295,1409442,82147,islandpath_dimob
NC_008212.1,2248648,2258064,9416,islandpath_dimob
NC_008212.1,2867762,2879809,12047,islandpath_dimob
NC_008212.1,2891788,2906115,14327,islandpath_dimob
NC_008212.1,2918672,2974422,55750,islandpath_dimob
NC_012029.1,427671,438245,10574,islandpath_dimob
NC_012029.1,913332,923761,10429,islandpath_dimob
NC_012029.1,1014232,1019606,5374,islandpath_dimob
NC_008229.1,1292680,1295704,3024,islandpath_dimob
NC_008229.1,1341775,1345920,4145,islandpath_dimob
NC_015674.1,36832,60534,23702,islandpath_dimob
NC_015674.1,1544546,1562219,17673,islandpath_dimob
NC_015674.1,1566117,1628818,62701,islandpath_dimob
NC_000915.1,444265,481159,36894,islandpath_dimob
NC_000915.1,1048088,1071068,22980,islandpath_dimob
NC_000921.1,908515,912294,3779,islandpath_dimob
NC_010698.2,874327,916277,41950,islandpath_dimob
NC_009138.1,1147883,1165347,17464,islandpath_dimob
NC_009138.1,1556009,1564800,8791,islandpath_dimob
NC_009138.1,2192876,2223316,30440,islandpath_dimob
NC_009138.1,2247022,2255065,8043,islandpath_dimob
NC_009138.1,2515238,2520342,5104,islandpath_dimob
NC_009138.1,3158751,3172913,14162,islandpath_dimob
NC_009138.1,3175614,3189000,13386,islandpath_dimob
NC_006512.1,686838,694719,7881,islandpath_dimob
NC_006512.1,699421,707601,8180,islandpath_dimob
NC_006512.1,1327353,1337160,9807,islandpath_dimob
NC_006512.1,1605095,1616345,11250,islandpath_dimob
NC_015717.1,497420,516399,18979,islandpath_dimob
NC_015717.1,1706273,1710932,4659,islandpath_dimob
NC_015717.1,3130674,3143382,12708,islandpath_dimob
NC_015717.1,3169545,3192222,22677,islandpath_dimob
NC_015717.1,4335001,4340061,5060,islandpath_dimob
NC_008358.1,2643950,2676625,32675,islandpath_dimob
NC_008358.1,2699243,2711485,12242,islandpath_dimob
NC_008358.1,3415494,3425870,10376,islandpath_dimob
NC_009972.1,3177076,3194712,17636,islandpath_dimob
NC_009972.1,4948836,5080897,132061,islandpath_dimob
NC_014830.1,17096,50779,33683,islandpath_dimob
NC_014830.1,338195,361059,22864,islandpath_dimob
NC_014830.1,368581,378327,9746,islandpath_dimob
NC_014830.1,846158,867897,21739,islandpath_dimob
NC_014830.1,945876,959635,13759,islandpath_dimob
NC_014830.1,1256833,1279416,22583,islandpath_dimob
NC_014830.1,3409499,3457275,47776,islandpath_dimob
NC_014830.1,3861137,3885171,24034,islandpath_dimob
NC_007802.1,1252980,1259130,6150,islandpath_dimob
NC_007802.1,3258721,3277955,19234,islandpath_dimob
NC_010617.1,778012,818462,40450,islandpath_dimob
NC_010617.1,1467094,1485187,18093,islandpath_dimob
NC_011283.1,2872107,2892242,20135,islandpath_dimob
NC_011283.1,4445379,4484459,39080,islandpath_dimob
NC_011283.1,5175262,5184268,9006,islandpath_dimob
NC_009648.1,489265,498659,9394,islandpath_dimob
NC_009648.1,844918,852124,7206,islandpath_dimob
NC_009648.1,1078777,1092029,13252,islandpath_dimob
NC_009648.1,1495318,1505147,9829,islandpath_dimob
NC_009648.1,4945767,4951533,5766,islandpath_dimob
NC_016109.1,40216,50167,9951,islandpath_dimob
NC_016109.1,116995,131667,14672,islandpath_dimob
NC_016109.1,877972,889987,12015,islandpath_dimob
NC_016109.1,2191836,2198820,6984,islandpath_dimob
NC_016109.1,2482983,2491795,8812,islandpath_dimob
NC_016109.1,2722198,2742937,20739,islandpath_dimob
NC_016109.1,4215131,4243560,28429,islandpath_dimob
NC_016109.1,4762159,4775487,13328,islandpath_dimob
NC_016109.1,5807891,5823234,15343,islandpath_dimob
NC_016109.1,8644720,8664977,20257,islandpath_dimob
NC_016109.1,8733112,8741581,8469,islandpath_dimob
NC_015214.1,287010,318181,31171,islandpath_dimob
NC_015214.1,1376717,1392701,15984,islandpath_dimob
NC_015214.1,1464409,1476476,12067,islandpath_dimob
NC_015214.1,1781087,1809297,28210,islandpath_dimob
NC_015214.1,1810800,1825656,14856,islandpath_dimob
NC_015214.1,1884543,1903855,19312,islandpath_dimob
NC_015214.1,2051045,2065949,14904,islandpath_dimob
NC_006814.3,350491,356728,6237,islandpath_dimob
NC_015638.1,641597,647569,5972,islandpath_dimob
NC_015638.1,1765437,1791925,26488,islandpath_dimob
NC_015638.1,1994509,2001650,7141,islandpath_dimob
NC_015638.1,3133425,3137429,4004,islandpath_dimob
NC_015638.1,3202491,3226716,24225,islandpath_dimob
NC_015428.1,21724,42852,21128,islandpath_dimob
NC_015428.1,200509,208493,7984,islandpath_dimob
NC_015428.1,589906,625495,35589,islandpath_dimob
NC_015428.1,1461787,1510706,48919,islandpath_dimob
NC_015428.1,1549566,1579267,29701,islandpath_dimob
NC_015428.1,1585192,1601320,16128,islandpath_dimob
NC_015428.1,2412292,2421321,9029,islandpath_dimob
NC_008497.1,1086294,1138850,52556,islandpath_dimob
NC_008497.1,1273939,1279641,5702,islandpath_dimob
NC_008497.1,1577164,1589614,12450,islandpath_dimob
NC_008054.1,1199169,1210566,11397,islandpath_dimob
NC_008054.1,1640436,1678385,37949,islandpath_dimob
NC_008526.1,35484,41092,5608,islandpath_dimob
NC_008526.1,341613,364626,23013,islandpath_dimob
NC_008526.1,499316,511866,12550,islandpath_dimob
NC_008526.1,514443,528774,14331,islandpath_dimob
NC_008526.1,551921,586386,34465,islandpath_dimob
NC_008526.1,1889015,1938584,49569,islandpath_dimob
NC_008526.1,1976327,1991771,15444,islandpath_dimob
NC_008526.1,2075077,2090907,15830,islandpath_dimob
NC_008526.1,2341473,2356451,14978,islandpath_dimob
NC_008526.1,2381378,2389366,7988,islandpath_dimob
NC_008526.1,2677342,2687498,10156,islandpath_dimob
NC_008529.1,1429777,1436972,7195,islandpath_dimob
NC_008529.1,1521980,1528578,6598,islandpath_dimob
NC_008529.1,1769119,1783019,13900,islandpath_dimob
NC_010999.1,559249,568801,9552,islandpath_dimob
NC_010999.1,570629,582198,11569,islandpath_dimob
NC_010999.1,615958,625535,9577,islandpath_dimob
NC_010999.1,628778,635326,6548,islandpath_dimob
NC_010999.1,928807,961614,32807,islandpath_dimob
NC_010999.1,1043488,1077121,33633,islandpath_dimob
NC_010999.1,1209963,1218024,8061,islandpath_dimob
NC_010999.1,1386868,1397058,10190,islandpath_dimob
NC_010999.1,2061094,2066837,5743,islandpath_dimob
NC_010999.1,2159515,2173353,13838,islandpath_dimob
NC_010999.1,2216350,2227934,11584,islandpath_dimob
NC_010999.1,2842498,2849723,7225,islandpath_dimob
NC_010080.1,180518,192847,12329,islandpath_dimob
NC_010080.1,555425,563824,8399,islandpath_dimob
NC_010080.1,1180822,1190817,9995,islandpath_dimob
NC_010080.1,1927964,1957667,29703,islandpath_dimob
NC_010610.1,285332,303441,18109,islandpath_dimob
NC_010610.1,539413,576500,37087,islandpath_dimob
NC_010610.1,910240,926087,15847,islandpath_dimob
NC_010610.1,1199045,1217093,18048,islandpath_dimob
NC_010610.1,1583078,1618173,35095,islandpath_dimob
NC_010610.1,1655365,1672659,17294,islandpath_dimob
NC_010610.1,1771138,1785947,14809,islandpath_dimob
NC_010610.1,2019191,2040355,21164,islandpath_dimob
NC_010610.1,2065895,2073068,7173,islandpath_dimob
NC_005362.1,929787,946899,17112,islandpath_dimob
NC_005362.1,986031,992668,6637,islandpath_dimob
NC_005362.1,1742205,1760164,17959,islandpath_dimob
NC_015602.1,230979,238719,7740,islandpath_dimob
NC_015602.1,335747,344979,9232,islandpath_dimob
NC_015602.1,941388,949612,8224,islandpath_dimob
NC_015602.1,1203916,1211755,7839,islandpath_dimob
NC_015602.1,1667266,1687439,20173,islandpath_dimob
NC_015602.1,1906419,1917468,11049,islandpath_dimob
NC_015602.1,1922909,1930446,7537,islandpath_dimob
NC_015602.1,1945826,1977511,31685,islandpath_dimob
NC_015602.1,1985849,1995398,9549,islandpath_dimob
NC_015697.1,83707,90443,6736,islandpath_dimob
NC_015697.1,95255,115970,20715,islandpath_dimob
NC_015697.1,462401,470955,8554,islandpath_dimob
NC_015697.1,554206,586828,32622,islandpath_dimob
NC_015697.1,738884,757182,18298,islandpath_dimob
NC_015697.1,762804,771905,9101,islandpath_dimob
NC_015697.1,1319438,1331415,11977,islandpath_dimob
NC_015697.1,1467487,1480266,12779,islandpath_dimob
NC_015697.1,1624472,1631269,6797,islandpath_dimob
NC_015697.1,1900421,1917200,16779,islandpath_dimob
NC_015697.1,1930261,1941266,11005,islandpath_dimob
NC_015697.1,1952924,1957300,4376,islandpath_dimob
NC_015697.1,2097721,2108086,10365,islandpath_dimob
NC_010609.1,111610,124387,12777,islandpath_dimob
NC_010609.1,1083097,1099953,16856,islandpath_dimob
NC_010609.1,1145854,1162027,16173,islandpath_dimob
NC_010609.1,1196399,1205062,8663,islandpath_dimob
NC_010609.1,1224270,1244700,20430,islandpath_dimob
NC_010609.1,1323989,1329948,5959,islandpath_dimob
NC_010609.1,1428062,1473730,45668,islandpath_dimob
NC_009513.1,1184194,1196553,12359,islandpath_dimob
NC_009513.1,1392265,1434315,42050,islandpath_dimob
NC_009513.1,1515933,1535054,19121,islandpath_dimob
NC_007576.1,137128,148206,11078,islandpath_dimob
NC_007576.1,595887,613678,17791,islandpath_dimob
NC_007576.1,1161804,1167873,6069,islandpath_dimob
NC_013198.1,396929,427409,30480,islandpath_dimob
NC_013198.1,436451,460799,24348,islandpath_dimob
NC_013198.1,1037174,1044976,7802,islandpath_dimob
NC_013198.1,1101060,1145049,43989,islandpath_dimob
NC_013198.1,1988857,2009636,20779,islandpath_dimob
NC_013198.1,2091721,2109675,17954,islandpath_dimob
NC_013198.1,2949041,2964256,15215,islandpath_dimob
NC_015978.1,101662,108193,6531,islandpath_dimob
NC_015978.1,156172,172515,16343,islandpath_dimob
NC_015978.1,1114817,1124018,9201,islandpath_dimob
NC_015978.1,1215451,1228899,13448,islandpath_dimob
NC_007929.1,778905,796968,18063,islandpath_dimob
NC_007929.1,798199,805248,7049,islandpath_dimob
NC_007929.1,1632887,1651320,18433,islandpath_dimob
NC_015975.1,101603,126280,24677,islandpath_dimob
NC_015975.1,470290,479239,8949,islandpath_dimob
NC_015975.1,557351,591298,33947,islandpath_dimob
NC_015975.1,767582,778729,11147,islandpath_dimob
NC_015975.1,1062586,1078939,16353,islandpath_dimob
NC_015975.1,1603332,1623139,19807,islandpath_dimob
NC_013199.1,688530,716206,27676,islandpath_dimob
NC_013199.1,833674,887194,53520,islandpath_dimob
NC_015930.1,1089067,1093541,4474,islandpath_dimob
NC_015930.1,1104501,1120370,15869,islandpath_dimob
NC_015930.1,1357113,1363979,6866,islandpath_dimob
NC_015930.1,1755947,1767526,11579,islandpath_dimob
NC_002662.1,35516,50629,15113,islandpath_dimob
NC_002662.1,450421,456490,6069,islandpath_dimob
NC_002662.1,624257,636490,12233,islandpath_dimob
NC_002662.1,646698,651511,4813,islandpath_dimob
NC_002662.1,1036642,1041903,5261,islandpath_dimob
NC_002662.1,1203477,1223219,19742,islandpath_dimob
NC_002662.1,1258157,1268834,10677,islandpath_dimob
NC_002662.1,1451944,1458883,6939,islandpath_dimob
NC_002662.1,1743734,1750429,6695,islandpath_dimob
NC_002662.1,2150646,2170954,20308,islandpath_dimob
NC_009004.1,32974,56777,23803,islandpath_dimob
NC_009004.1,668849,678449,9600,islandpath_dimob
NC_009004.1,693318,705929,12611,islandpath_dimob
NC_009004.1,779032,785700,6668,islandpath_dimob
NC_009004.1,793311,802846,9535,islandpath_dimob
NC_009004.1,865869,871280,5411,islandpath_dimob
NC_009004.1,1101504,1113331,11827,islandpath_dimob
NC_009004.1,1200210,1209497,9287,islandpath_dimob
NC_009004.1,1226900,1237831,10931,islandpath_dimob
NC_009004.1,1331491,1350180,18689,islandpath_dimob
NC_009004.1,1627209,1634922,7713,islandpath_dimob
NC_009004.1,1683885,1690601,6716,islandpath_dimob
NC_009004.1,2064418,2094910,30492,islandpath_dimob
NC_009004.1,2481927,2494309,12382,islandpath_dimob
NC_008527.1,32064,38847,6783,islandpath_dimob
NC_008527.1,100880,111622,10742,islandpath_dimob
NC_008527.1,1080025,1085272,5247,islandpath_dimob
NC_008527.1,1197484,1208724,11240,islandpath_dimob
NC_008527.1,1411310,1417651,6341,islandpath_dimob
NC_008527.1,1427260,1434594,7334,islandpath_dimob
NC_008527.1,1498648,1503281,4633,islandpath_dimob
NC_008527.1,1821925,1831321,9396,islandpath_dimob
NC_008527.1,2115168,2129645,14477,islandpath_dimob
NC_008011.1,215599,241494,25895,islandpath_dimob
NC_012559.1,381329,391097,9768,islandpath_dimob
NC_012559.1,773299,786734,13435,islandpath_dimob
NC_012559.1,1130184,1139914,9730,islandpath_dimob
NC_012559.1,1505462,1519668,14206,islandpath_dimob
NC_012559.1,1647289,1663534,16245,islandpath_dimob
NC_012559.1,2460494,2481786,21292,islandpath_dimob
NC_012559.1,2570113,2580898,10785,islandpath_dimob
NC_006087.1,375552,406480,30928,islandpath_dimob
NC_006087.1,762862,782388,19526,islandpath_dimob
NC_006087.1,1337518,1351030,13512,islandpath_dimob
NC_006087.1,1440446,1454797,14351,islandpath_dimob
NC_006087.1,1925481,1944934,19453,islandpath_dimob
NC_006087.1,2449779,2490046,40267,islandpath_dimob
NC_006087.1,2527597,2537827,10230,islandpath_dimob
NC_006369.1,64742,74809,10067,islandpath_dimob
NC_006369.1,210028,231003,20975,islandpath_dimob
NC_006369.1,1207092,1220675,13583,islandpath_dimob
NC_006369.1,1754293,1765848,11555,islandpath_dimob
NC_002942.5,1164904,1183306,18402,islandpath_dimob
NC_002942.5,2355084,2366920,11836,islandpath_dimob
NC_008509.1,69523,80215,10692,islandpath_dimob
NC_008510.1,681787,701412,19625,islandpath_dimob
NC_008510.1,959696,971282,11586,islandpath_dimob
NC_008510.1,1102453,1108917,6464,islandpath_dimob
NC_008510.1,1579210,1594415,15205,islandpath_dimob
NC_008510.1,2163681,2181063,17382,islandpath_dimob
NC_008510.1,3195862,3206745,10883,islandpath_dimob
NC_010842.1,430337,445680,15343,islandpath_dimob
NC_010471.1,1078870,1113780,34910,islandpath_dimob
NC_008508.1,401635,417671,16036,islandpath_dimob
NC_008508.1,440030,452225,12195,islandpath_dimob
NC_008508.1,475990,492580,16590,islandpath_dimob
NC_008508.1,505747,521867,16120,islandpath_dimob
NC_008508.1,1369520,1458517,88997,islandpath_dimob
NC_008508.1,1680741,1697562,16821,islandpath_dimob
NC_008508.1,1820933,1836138,15205,islandpath_dimob
NC_008508.1,2468631,2472823,4192,islandpath_dimob
NC_008508.1,3274820,3296428,21608,islandpath_dimob
NC_015734.1,1391143,1431691,40548,islandpath_dimob
NC_005823.1,387955,397924,9969,islandpath_dimob
NC_005823.1,574511,619155,44644,islandpath_dimob
NC_005823.1,797781,812886,15105,islandpath_dimob
NC_005823.1,907257,924201,16944,islandpath_dimob
NC_005823.1,940698,953138,12440,islandpath_dimob
NC_005823.1,1827759,1851471,23712,islandpath_dimob
NC_005823.1,2453793,2488140,34347,islandpath_dimob
NC_005823.1,3222663,3226853,4190,islandpath_dimob
NC_005823.1,3489577,3514918,25341,islandpath_dimob
NC_010524.1,1012929,1022741,9812,islandpath_dimob
NC_010524.1,1227628,1239643,12015,islandpath_dimob
NC_010524.1,2122248,2131102,8854,islandpath_dimob
NC_010524.1,2396173,2411515,15342,islandpath_dimob
NC_010524.1,2473166,2476993,3827,islandpath_dimob
NC_010524.1,3451198,3460751,9553,islandpath_dimob
NC_010524.1,3495456,3503279,7823,islandpath_dimob
NC_010524.1,4650053,4657516,7463,islandpath_dimob
NC_008531.1,1069995,1084779,14784,islandpath_dimob
NC_016011.1,1096110,1107504,11394,islandpath_dimob
NC_003212.1,1246563,1258845,12282,islandpath_dimob
NC_003212.1,1749408,1762089,12681,islandpath_dimob
NC_003212.1,2429269,2446349,17080,islandpath_dimob
NC_003212.1,2606504,2623513,17009,islandpath_dimob
NC_012488.1,496106,511571,15465,islandpath_dimob
NC_012488.1,694562,706618,12056,islandpath_dimob
NC_012488.1,2095064,2111315,16251,islandpath_dimob
NC_003210.1,496381,520791,24410,islandpath_dimob
NC_003210.1,1131558,1161675,30117,islandpath_dimob
NC_002973.6,510079,521073,10994,islandpath_dimob
NC_002973.6,2088198,2100197,11999,islandpath_dimob
NC_011660.1,474380,488069,13689,islandpath_dimob
NC_011660.1,1812147,1821181,9034,islandpath_dimob
NC_011660.1,2140717,2146697,5980,islandpath_dimob
NC_011660.1,2544897,2582585,37688,islandpath_dimob
NC_011999.1,1034085,1048111,14026,islandpath_dimob
NC_011999.1,1506955,1515922,8967,islandpath_dimob
NC_008555.1,797761,830746,32985,islandpath_dimob
NC_008555.1,1210442,1214467,4025,islandpath_dimob
NC_015520.1,590265,599310,9045,islandpath_dimob
NC_015520.1,1403856,1412981,9125,islandpath_dimob
NC_015520.1,2403420,2416658,13238,islandpath_dimob
NC_015520.1,2546691,2604854,58163,islandpath_dimob
NC_015520.1,2615728,2656721,40993,islandpath_dimob
NC_015520.1,2669861,2688776,18915,islandpath_dimob
NC_015520.1,2947304,3016844,69540,islandpath_dimob
NC_015520.1,3075043,3090983,15940,islandpath_dimob
NC_015387.1,343674,351435,7761,islandpath_dimob
NC_015387.1,405366,413183,7817,islandpath_dimob
NC_015387.1,508441,516474,8033,islandpath_dimob
NC_015387.1,896307,904244,7937,islandpath_dimob
NC_015387.1,1055519,1063843,8324,islandpath_dimob
NC_015387.1,1094074,1107095,13021,islandpath_dimob
NC_015387.1,1289525,1296233,6708,islandpath_dimob
NC_015387.1,1814174,1837124,22950,islandpath_dimob
NC_015387.1,1905855,1924365,18510,islandpath_dimob
NC_015387.1,2044709,2057619,12910,islandpath_dimob
NC_008576.1,784758,792653,7895,islandpath_dimob
NC_008576.1,1524165,1559182,35017,islandpath_dimob
NC_008576.1,1560398,1591435,31037,islandpath_dimob
NC_008576.1,1604426,1670498,66072,islandpath_dimob
NC_008576.1,2462215,2472152,9937,islandpath_dimob
NC_008576.1,3230045,3258695,28650,islandpath_dimob
NC_008576.1,3298820,3326450,27630,islandpath_dimob
NC_008576.1,3331100,3352507,21407,islandpath_dimob
NC_008576.1,3355795,3365112,9317,islandpath_dimob
NC_008576.1,3414263,3537814,123551,islandpath_dimob
NC_006300.1,98680,110601,11921,islandpath_dimob
NC_006300.1,695450,726684,31234,islandpath_dimob
NC_006300.1,950594,966138,15544,islandpath_dimob
NC_006300.1,1387855,1406067,18212,islandpath_dimob
NC_006300.1,1631470,1648116,16646,islandpath_dimob
NC_010382.1,1093479,1136283,42804,islandpath_dimob
NC_010382.1,1153601,1186074,32473,islandpath_dimob
NC_010382.1,2009586,2023919,14333,islandpath_dimob
NC_010382.1,2776316,2783150,6834,islandpath_dimob
NC_010382.1,3104179,3123026,18847,islandpath_dimob
NC_010382.1,3188820,3195777,6957,islandpath_dimob
NC_010382.1,3442303,3458793,16490,islandpath_dimob
NC_010382.1,3897462,3905530,8068,islandpath_dimob
NC_007626.1,424070,436056,11986,islandpath_dimob
NC_007626.1,980221,992298,12077,islandpath_dimob
NC_007626.1,996526,999884,3358,islandpath_dimob
NC_007626.1,2071170,2086328,15158,islandpath_dimob
NC_007626.1,2236835,2257743,20908,islandpath_dimob
NC_007626.1,2291809,2306073,14264,islandpath_dimob
NC_007626.1,3400538,3408656,8118,islandpath_dimob
NC_007626.1,3537889,3558668,20779,islandpath_dimob
NC_007626.1,3601579,3609212,7633,islandpath_dimob
NC_007626.1,4138592,4160386,21794,islandpath_dimob
NC_007626.1,4441262,4450812,9550,islandpath_dimob
NC_007626.1,4691452,4703830,12378,islandpath_dimob
NC_008347.1,156896,232604,75708,islandpath_dimob
NC_008347.1,1642556,1656986,14430,islandpath_dimob
NC_008347.1,2518833,2565756,46923,islandpath_dimob
NC_008347.1,2671175,2700109,28934,islandpath_dimob
NC_008347.1,3057744,3075949,18205,islandpath_dimob
NC_008740.1,224323,240711,16388,islandpath_dimob
NC_008740.1,242240,252383,10143,islandpath_dimob
NC_008740.1,448653,462869,14216,islandpath_dimob
NC_008740.1,616925,628296,11371,islandpath_dimob
NC_008740.1,637870,659264,21394,islandpath_dimob
NC_008740.1,708291,727167,18876,islandpath_dimob
NC_008740.1,747286,756530,9244,islandpath_dimob
NC_008740.1,1363821,1373496,9675,islandpath_dimob
NC_008740.1,1680400,1698310,17910,islandpath_dimob
NC_008740.1,2993947,3000043,6096,islandpath_dimob
NC_008740.1,3521536,3531450,9914,islandpath_dimob
NC_008740.1,3541856,3551082,9226,islandpath_dimob
NC_015873.1,458506,462685,4179,islandpath_dimob
NC_015873.1,891610,921245,29635,islandpath_dimob
NC_015873.1,930328,963482,33154,islandpath_dimob
NC_015873.1,1242983,1255012,12029,islandpath_dimob
NC_015873.1,1418804,1430430,11626,islandpath_dimob
NC_015873.1,1442080,1451939,9859,islandpath_dimob
NC_015873.1,1559635,1571007,11372,islandpath_dimob
NC_015873.1,2112457,2156081,43624,islandpath_dimob
NC_009654.1,316800,331692,14892,islandpath_dimob
NC_009654.1,2865703,2936017,70314,islandpath_dimob
NC_009654.1,3336877,3342762,5885,islandpath_dimob
NC_009654.1,4115900,4124783,8883,islandpath_dimob
NC_009654.1,4766993,4789462,22469,islandpath_dimob
NC_015276.1,234780,282090,47310,islandpath_dimob
NC_015276.1,639455,659557,20102,islandpath_dimob
NC_015276.1,698597,709794,11197,islandpath_dimob
NC_015276.1,1764353,1773544,9191,islandpath_dimob
NC_015276.1,2041758,2049410,7652,islandpath_dimob
NC_015276.1,3325351,3338696,13345,islandpath_dimob
NC_015435.1,623131,630538,7407,islandpath_dimob
NC_015435.1,1116108,1124559,8451,islandpath_dimob
NC_015574.1,295412,312533,17121,islandpath_dimob
NC_015216.1,2199991,2208140,8149,islandpath_dimob
NC_009515.1,1431103,1437139,6036,islandpath_dimob
NC_009515.1,1626826,1652145,25319,islandpath_dimob
NC_009440.1,1202909,1214038,11129,islandpath_dimob
NC_009440.1,2096539,2116973,20434,islandpath_dimob
NC_009440.1,2178924,2187098,8174,islandpath_dimob
NC_000909.1,10743,19232,8489,islandpath_dimob
NC_000909.1,1434196,1446819,12623,islandpath_dimob
NC_000909.1,1620569,1630263,9694,islandpath_dimob
NC_007955.1,114393,121034,6641,islandpath_dimob
NC_007955.1,257424,270038,12614,islandpath_dimob
NC_007955.1,1715239,1727325,12086,islandpath_dimob
NC_009635.1,1292104,1305079,12975,islandpath_dimob
NC_014923.1,2443147,2450460,7313,islandpath_dimob
NC_014923.1,2671503,2693226,21723,islandpath_dimob
NC_014923.1,3609431,3620468,11037,islandpath_dimob
NC_014923.1,3953528,3988588,35060,islandpath_dimob
NC_014923.1,4019672,4043038,23366,islandpath_dimob
NC_014923.1,5530617,5543227,12610,islandpath_dimob
NC_014923.1,5720447,5751650,31203,islandpath_dimob
NC_014923.1,5904371,6012472,108101,islandpath_dimob
NC_014923.1,6063142,6078051,14909,islandpath_dimob
NC_009975.1,16907,30957,14050,islandpath_dimob
NC_009975.1,597112,600645,3533,islandpath_dimob
NC_009637.1,31658,37986,6328,islandpath_dimob
NC_009637.1,45262,93287,48025,islandpath_dimob
NC_009637.1,1422911,1460269,37358,islandpath_dimob
NC_005791.1,452313,469072,16759,islandpath_dimob
NC_005791.1,734495,754386,19891,islandpath_dimob
NC_002678.2,339402,363928,24526,islandpath_dimob
NC_002678.2,791636,801902,10266,islandpath_dimob
NC_002678.2,3705162,3753888,48726,islandpath_dimob
NC_002678.2,4804164,4815971,11807,islandpath_dimob
NC_002678.2,4840559,4851867,11308,islandpath_dimob
NC_002678.2,4907364,4933870,26506,islandpath_dimob
NC_002678.2,4970182,4981825,11643,islandpath_dimob
NC_002678.2,5013328,5037207,23879,islandpath_dimob
NC_002678.2,5116735,5131426,14691,islandpath_dimob
NC_002678.2,5135926,5156850,20924,islandpath_dimob
NC_002678.2,5168727,5197961,29234,islandpath_dimob
NC_002678.2,5242213,5253886,11673,islandpath_dimob
NC_002678.2,5715623,5721853,6230,islandpath_dimob
NC_015675.1,2248968,2269556,20588,islandpath_dimob
NC_015675.1,2563876,2577613,13737,islandpath_dimob
NC_015675.1,2838503,2858743,20240,islandpath_dimob
NC_015675.1,3031866,3076565,44699,islandpath_dimob
NC_015675.1,4063114,4072670,9556,islandpath_dimob
NC_015675.1,5435216,5446206,10990,islandpath_dimob
NC_015675.1,6275118,6306321,31203,islandpath_dimob
NC_015675.1,6459042,6567149,108107,islandpath_dimob
NC_015675.1,6617810,6632719,14909,islandpath_dimob
NC_015847.1,450925,455498,4573,islandpath_dimob
NC_015847.1,461023,472556,11533,islandpath_dimob
NC_015847.1,788947,800297,11350,islandpath_dimob
NC_015847.1,802059,819068,17009,islandpath_dimob
NC_009634.1,300422,338053,37631,islandpath_dimob
NC_009634.1,1653160,1672806,19646,islandpath_dimob
NC_009051.1,1737753,1744398,6645,islandpath_dimob
NC_008553.1,1265238,1282414,17176,islandpath_dimob
NC_015416.1,44209,48455,4246,islandpath_dimob
NC_015416.1,163171,180513,17342,islandpath_dimob
NC_015416.1,227638,238350,10712,islandpath_dimob
NC_015416.1,528346,541399,13053,islandpath_dimob
NC_015416.1,555046,563798,8752,islandpath_dimob
NC_015416.1,862457,869535,7078,islandpath_dimob
NC_015416.1,1354526,1367659,13133,islandpath_dimob
NC_015416.1,1482751,1501958,19207,islandpath_dimob
NC_015416.1,1575425,1583644,8219,islandpath_dimob
NC_015416.1,1652408,1660103,7695,islandpath_dimob
NC_015416.1,1686148,1704957,18809,islandpath_dimob
NC_015416.1,1839154,1852798,13644,islandpath_dimob
NC_015416.1,1877761,1885097,7336,islandpath_dimob
NC_015416.1,2379065,2387429,8364,islandpath_dimob
NC_015416.1,2700410,2708218,7808,islandpath_dimob
NC_015416.1,2729595,2741065,11470,islandpath_dimob
NC_015416.1,2743316,2759421,16105,islandpath_dimob
NC_015416.1,2852942,2861419,8477,islandpath_dimob
NC_015416.1,2960091,2983560,23469,islandpath_dimob
NC_015676.1,114840,156546,41706,islandpath_dimob
NC_015676.1,880132,891415,11283,islandpath_dimob
NC_015676.1,1395001,1430430,35429,islandpath_dimob
NC_015676.1,1533220,1539138,5918,islandpath_dimob
NC_003901.1,183717,194464,10747,islandpath_dimob
NC_003901.1,226923,253212,26289,islandpath_dimob
NC_003901.1,495242,527324,32082,islandpath_dimob
NC_003901.1,1711929,1718668,6739,islandpath_dimob
NC_003901.1,2071863,2076794,4931,islandpath_dimob
NC_003901.1,2557860,2575146,17286,islandpath_dimob
NC_003901.1,3221510,3227547,6037,islandpath_dimob
NC_003901.1,3296298,3316870,20572,islandpath_dimob
NC_003901.1,3482476,3489510,7034,islandpath_dimob
NC_003901.1,3529549,3541776,12227,islandpath_dimob
NC_003901.1,3621346,3628901,7555,islandpath_dimob
NC_003901.1,3944678,3955044,10366,islandpath_dimob
NC_015636.1,382867,395754,12887,islandpath_dimob
NC_011832.1,773133,786719,13586,islandpath_dimob
NC_011832.1,1288939,1303070,14131,islandpath_dimob
NC_011832.1,1953338,1961137,7799,islandpath_dimob
NC_007796.1,1117549,1132060,14511,islandpath_dimob
NC_007796.1,1336951,1348190,11239,islandpath_dimob
NC_007796.1,1726857,1753139,26282,islandpath_dimob
NC_007796.1,2391801,2415093,23292,islandpath_dimob
NC_007796.1,2618100,2633842,15742,islandpath_dimob
NC_007796.1,3347302,3368178,20876,islandpath_dimob
NC_007796.1,3390096,3408282,18186,islandpath_dimob
NC_010794.1,931762,939093,7331,islandpath_dimob
NC_010794.1,1061015,1063532,2517,islandpath_dimob
NC_010794.1,1870749,1883653,12904,islandpath_dimob
NC_003552.1,303050,321900,18850,islandpath_dimob
NC_003552.1,397626,422767,25141,islandpath_dimob
NC_003552.1,481978,498742,16764,islandpath_dimob
NC_003552.1,1238301,1254745,16444,islandpath_dimob
NC_003552.1,3055024,3085289,30265,islandpath_dimob
NC_003552.1,3363859,3374291,10432,islandpath_dimob
NC_003552.1,3443910,3451245,7335,islandpath_dimob
NC_003552.1,3475866,3492816,16950,islandpath_dimob
NC_003552.1,3650312,3659908,9596,islandpath_dimob
NC_003552.1,4133305,4140816,7511,islandpath_dimob
NC_003552.1,4338617,4346792,8175,islandpath_dimob
NC_003552.1,4411026,4420324,9298,islandpath_dimob
NC_007947.1,1594568,1603596,9028,islandpath_dimob
NC_007947.1,2917738,2926559,8821,islandpath_dimob
NC_008825.1,568381,584128,15747,islandpath_dimob
NC_008825.1,790245,801841,11596,islandpath_dimob
NC_008825.1,1130356,1141041,10685,islandpath_dimob
NC_008825.1,2705469,2714969,9500,islandpath_dimob
NC_008825.1,2760495,2783959,23464,islandpath_dimob
NC_008825.1,2788363,2800142,11779,islandpath_dimob
NC_011757.1,38737,96439,57702,islandpath_dimob
NC_011757.1,1062609,1075199,12590,islandpath_dimob
NC_011757.1,1107398,1132494,25096,islandpath_dimob
NC_011757.1,3493254,3514991,21737,islandpath_dimob
NC_011757.1,3530229,3582248,52019,islandpath_dimob
NC_011757.1,4295449,4323855,28406,islandpath_dimob
NC_011757.1,5106163,5126558,20395,islandpath_dimob
NC_011757.1,5759658,5768464,8806,islandpath_dimob
NC_011666.1,1371776,1402654,30878,islandpath_dimob
NC_011666.1,1601983,1619993,18010,islandpath_dimob
NC_011666.1,1648448,1655663,7215,islandpath_dimob
NC_011666.1,2111325,2153704,42379,islandpath_dimob
NC_011666.1,2264271,2280839,16568,islandpath_dimob
NC_011666.1,3401739,3424215,22476,islandpath_dimob
NC_011666.1,3686093,3715323,29230,islandpath_dimob
NC_010511.1,232578,248789,16211,islandpath_dimob
NC_010511.1,874244,888576,14332,islandpath_dimob
NC_010511.1,1648677,1693786,45109,islandpath_dimob
NC_010511.1,2105944,2116423,10479,islandpath_dimob
NC_010511.1,2779618,2791913,12295,islandpath_dimob
NC_010511.1,3199255,3214557,15302,islandpath_dimob
NC_010511.1,3729388,3737175,7787,islandpath_dimob
NC_010511.1,4448728,4455170,6442,islandpath_dimob
NC_010511.1,4593175,4607499,14324,islandpath_dimob
NC_010511.1,5173572,5179852,6280,islandpath_dimob
NC_010511.1,5427327,5442517,15190,islandpath_dimob
NC_010511.1,6064281,6080941,16660,islandpath_dimob
NC_010511.1,6086345,6102574,16229,islandpath_dimob
NC_010511.1,6123549,6136312,12763,islandpath_dimob
NC_010511.1,6769484,6781445,11961,islandpath_dimob
NC_010511.1,7027749,7055287,27538,islandpath_dimob
NC_010511.1,7389678,7430215,40537,islandpath_dimob
NC_010511.1,7561333,7581154,19821,islandpath_dimob
NC_002977.6,23287,43546,20259,islandpath_dimob
NC_002977.6,256945,269183,12238,islandpath_dimob
NC_002977.6,2028465,2042485,14020,islandpath_dimob
NC_002977.6,2347601,2353970,6369,islandpath_dimob
NC_002977.6,2819179,2877013,57834,islandpath_dimob
NC_002977.6,3126845,3139867,13022,islandpath_dimob
NC_010725.1,129341,194818,65477,islandpath_dimob
NC_010725.1,355927,367596,11669,islandpath_dimob
NC_010725.1,1447121,1480038,32917,islandpath_dimob
NC_010725.1,2782868,2789813,6945,islandpath_dimob
NC_010725.1,2795877,2810301,14424,islandpath_dimob
NC_010725.1,3983591,3992964,9373,islandpath_dimob
NC_010725.1,4091895,4100312,8417,islandpath_dimob
NC_010725.1,4220411,4251710,31299,islandpath_dimob
NC_010725.1,4515061,4548388,33327,islandpath_dimob
NC_010725.1,5500643,5522482,21839,islandpath_dimob
NC_010505.1,406576,414967,8391,islandpath_dimob
NC_010505.1,474646,480442,5796,islandpath_dimob
NC_010505.1,2662987,2675030,12043,islandpath_dimob
NC_010505.1,2774954,2798732,23778,islandpath_dimob
NC_010505.1,5041829,5057383,15554,islandpath_dimob
NC_010505.1,5497464,5513054,15590,islandpath_dimob
NC_010505.1,5590909,5608094,17185,islandpath_dimob
NC_011894.1,675268,684861,9593,islandpath_dimob
NC_011894.1,988967,1002421,13454,islandpath_dimob
NC_011894.1,2073301,2078324,5023,islandpath_dimob
NC_011894.1,2127166,2140845,13679,islandpath_dimob
NC_011894.1,2339668,2352412,12744,islandpath_dimob
NC_011894.1,3056082,3068878,12796,islandpath_dimob
NC_011894.1,3573460,3594128,20668,islandpath_dimob
NC_011894.1,4093384,4102276,8892,islandpath_dimob
NC_011894.1,4311470,4318854,7384,islandpath_dimob
NC_011894.1,4362783,4382232,19449,islandpath_dimob
NC_011894.1,6118796,6123376,4580,islandpath_dimob
NC_011894.1,6295212,6311703,16491,islandpath_dimob
NC_011894.1,6386642,6444347,57705,islandpath_dimob
NC_011894.1,6539907,6548831,8924,islandpath_dimob
NC_011894.1,6895015,6921421,26406,islandpath_dimob
NC_011894.1,6922322,6961655,39333,islandpath_dimob
NC_011894.1,7708941,7718594,9653,islandpath_dimob
NC_011894.1,7728884,7737075,8191,islandpath_dimob
NC_016026.1,296307,322330,26023,islandpath_dimob
NC_016026.1,1226673,1254970,28297,islandpath_dimob
NC_016026.1,1763989,1775593,11604,islandpath_dimob
NC_016026.1,1975530,1997611,22081,islandpath_dimob
NC_016026.1,2084211,2100986,16775,islandpath_dimob
NC_016026.1,2126268,2186416,60148,islandpath_dimob
NC_016026.1,2219559,2235827,16268,islandpath_dimob
NC_016112.1,1096363,1124275,27912,islandpath_dimob
NC_016112.1,1186102,1199330,13228,islandpath_dimob
NC_016112.1,1216636,1226641,10005,islandpath_dimob
NC_016112.1,1335872,1347869,11997,islandpath_dimob
NC_016112.1,2049996,2058602,8606,islandpath_dimob
NC_016112.1,2396594,2408092,11498,islandpath_dimob
NC_016112.1,2576835,2587153,10318,islandpath_dimob
NC_016112.1,2928879,2945908,17029,islandpath_dimob
NC_016112.1,2948886,2966898,18012,islandpath_dimob
NC_016112.1,3105022,3134790,29768,islandpath_dimob
NC_016112.1,3205548,3217097,11549,islandpath_dimob
NC_016112.1,4233882,4248384,14502,islandpath_dimob
NC_016112.1,4265116,4283642,18526,islandpath_dimob
NC_016112.1,4369885,4383458,13573,islandpath_dimob
NC_015572.1,6974,65069,58095,islandpath_dimob
NC_015572.1,1250938,1295038,44100,islandpath_dimob
NC_015572.1,1770341,1775980,5639,islandpath_dimob
NC_015572.1,2128524,2150748,22224,islandpath_dimob
NC_015572.1,2163457,2179942,16485,islandpath_dimob
NC_015572.1,2203992,2219095,15103,islandpath_dimob
NC_015572.1,2503987,2534210,30223,islandpath_dimob
NC_015572.1,2715687,2730581,14894,islandpath_dimob
NC_015572.1,3116765,3124982,8217,islandpath_dimob
NC_015572.1,3556257,3566324,10067,islandpath_dimob
NC_015572.1,4064370,4096625,32255,islandpath_dimob
NC_015572.1,4211672,4228526,16854,islandpath_dimob
NC_015572.1,4401643,4407938,6295,islandpath_dimob
NC_015572.1,4624603,4635564,10961,islandpath_dimob
NC_015572.1,4776784,4791746,14962,islandpath_dimob
NC_015572.1,4918578,4941712,23134,islandpath_dimob
NC_015572.1,4998549,5006852,8303,islandpath_dimob
NC_015125.1,226941,252989,26048,islandpath_dimob
NC_015125.1,794390,810888,16498,islandpath_dimob
NC_015125.1,1138851,1153066,14215,islandpath_dimob
NC_015125.1,1334258,1338963,4705,islandpath_dimob
NC_015125.1,1519910,1537653,17743,islandpath_dimob
NC_015125.1,1603033,1615264,12231,islandpath_dimob
NC_015125.1,1675334,1687037,11703,islandpath_dimob
NC_015125.1,1744835,1767402,22567,islandpath_dimob
NC_015125.1,3287482,3304155,16673,islandpath_dimob
NC_007644.1,158942,181379,22437,islandpath_dimob
NC_007644.1,235167,254729,19562,islandpath_dimob
NC_007644.1,352807,367529,14722,islandpath_dimob
NC_007644.1,412557,419215,6658,islandpath_dimob
NC_007644.1,423987,434869,10882,islandpath_dimob
NC_007644.1,1643804,1658176,14372,islandpath_dimob
NC_007644.1,2242428,2259882,17454,islandpath_dimob
NC_007644.1,2324601,2342214,17613,islandpath_dimob
NC_007644.1,2447192,2463532,16340,islandpath_dimob
NC_015635.1,100135,116222,16087,islandpath_dimob
NC_015635.1,155283,166283,11000,islandpath_dimob
NC_015635.1,809639,828330,18691,islandpath_dimob
NC_015635.1,1525926,1537716,11790,islandpath_dimob
NC_015635.1,1911284,1924677,13393,islandpath_dimob
NC_015635.1,1995593,2033874,38281,islandpath_dimob
NC_015635.1,2531263,2537964,6701,islandpath_dimob
NC_015635.1,3224325,3238297,13972,islandpath_dimob
NC_015635.1,3546946,3565013,18067,islandpath_dimob
NC_015635.1,3862589,3879445,16856,islandpath_dimob
NC_015635.1,3884092,3894097,10005,islandpath_dimob
NC_015635.1,4101241,4126341,25100,islandpath_dimob
NC_015635.1,4331618,4338812,7194,islandpath_dimob
NC_015635.1,4727631,4741306,13675,islandpath_dimob
NC_015635.1,4869208,4884191,14983,islandpath_dimob
NC_015635.1,4998117,5007863,9746,islandpath_dimob
NC_015635.1,5224365,5251956,27591,islandpath_dimob
NC_015635.1,5316289,5322091,5802,islandpath_dimob
NC_015635.1,5519248,5542722,23474,islandpath_dimob
NC_015945.1,788897,802630,13733,islandpath_dimob
NC_015945.1,1912061,1936373,24312,islandpath_dimob
NC_015945.1,2360621,2392443,31822,islandpath_dimob
NC_010296.1,29158,33342,4184,islandpath_dimob
NC_010296.1,59333,68150,8817,islandpath_dimob
NC_010296.1,114570,125967,11397,islandpath_dimob
NC_010296.1,469595,473568,3973,islandpath_dimob
NC_010296.1,759897,764520,4623,islandpath_dimob
NC_010296.1,796385,808181,11796,islandpath_dimob
NC_010296.1,859757,863797,4040,islandpath_dimob
NC_010296.1,902392,910740,8348,islandpath_dimob
NC_010296.1,1231577,1236883,5306,islandpath_dimob
NC_010296.1,1469384,1480313,10929,islandpath_dimob
NC_010296.1,1839796,1846501,6705,islandpath_dimob
NC_010296.1,1866129,1869939,3810,islandpath_dimob
NC_010296.1,1994117,2002945,8828,islandpath_dimob
NC_010296.1,2235494,2239516,4022,islandpath_dimob
NC_010296.1,2431785,2442176,10391,islandpath_dimob
NC_010296.1,2663161,2677379,14218,islandpath_dimob
NC_010296.1,2681042,2687928,6886,islandpath_dimob
NC_010296.1,2705492,2721449,15957,islandpath_dimob
NC_010296.1,2810660,2831600,20940,islandpath_dimob
NC_010296.1,3114659,3119460,4801,islandpath_dimob
NC_010296.1,3143500,3156023,12523,islandpath_dimob
NC_010296.1,3232705,3247978,15273,islandpath_dimob
NC_010296.1,3628532,3635024,6492,islandpath_dimob
NC_010296.1,3710940,3717266,6326,islandpath_dimob
NC_010296.1,4037695,4042569,4874,islandpath_dimob
NC_010296.1,4058139,4064524,6385,islandpath_dimob
NC_010296.1,4443944,4458267,14323,islandpath_dimob
NC_010296.1,4549120,4555830,6710,islandpath_dimob
NC_010296.1,4679974,4690952,10978,islandpath_dimob
NC_010296.1,5029404,5052279,22875,islandpath_dimob
NC_010296.1,5506039,5513473,7434,islandpath_dimob
NC_010296.1,5564728,5575123,10395,islandpath_dimob
NC_010296.1,5692792,5699071,6279,islandpath_dimob
NC_010296.1,5758318,5764542,6224,islandpath_dimob
NC_010296.1,5830298,5837757,7459,islandpath_dimob
NC_015576.1,478081,483106,5025,islandpath_dimob
NC_015576.1,791958,841865,49907,islandpath_dimob
NC_015576.1,1447252,1475972,28720,islandpath_dimob
NC_015576.1,1593738,1614768,21030,islandpath_dimob
NC_015576.1,4418326,4425770,7444,islandpath_dimob
NC_009077.1,1522383,1543609,21226,islandpath_dimob
NC_009077.1,1692943,1703190,10247,islandpath_dimob
NC_009077.1,1705895,1719126,13231,islandpath_dimob
NC_009077.1,1746683,1776091,29408,islandpath_dimob
NC_009077.1,2331280,2363107,31827,islandpath_dimob
NC_009077.1,2479971,2494705,14734,islandpath_dimob
NC_009077.1,3331635,3348754,17119,islandpath_dimob
NC_009077.1,3352784,3366228,13444,islandpath_dimob
NC_009077.1,3741854,3750638,8784,islandpath_dimob
NC_009077.1,3852116,3877423,25307,islandpath_dimob
NC_009077.1,4125082,4134263,9181,islandpath_dimob
NC_009077.1,4777793,4811559,33766,islandpath_dimob
NC_009077.1,5534860,5554719,19859,islandpath_dimob
NC_008705.1,27434,47007,19573,islandpath_dimob
NC_008705.1,868623,917947,49324,islandpath_dimob
NC_008705.1,933468,941793,8325,islandpath_dimob
NC_008705.1,1220534,1234246,13712,islandpath_dimob
NC_008705.1,1545637,1613757,68120,islandpath_dimob
NC_008705.1,1758716,1783665,24949,islandpath_dimob
NC_008705.1,1789821,1843423,53602,islandpath_dimob
NC_008705.1,1845800,1856838,11038,islandpath_dimob
NC_008705.1,2766275,2779408,13133,islandpath_dimob
NC_008705.1,3386041,3403160,17119,islandpath_dimob
NC_008705.1,3409413,3422666,13253,islandpath_dimob
NC_008705.1,3753331,3761947,8616,islandpath_dimob
NC_008705.1,3808862,3818797,9935,islandpath_dimob
NC_008705.1,4087068,4097492,10424,islandpath_dimob
NC_008705.1,4333127,4352294,19167,islandpath_dimob
NC_008705.1,4467939,4478744,10805,islandpath_dimob
NC_010397.1,441744,470243,28499,islandpath_dimob
NC_010397.1,823323,829925,6602,islandpath_dimob
NC_010397.1,1817438,1834463,17025,islandpath_dimob
NC_010397.1,2087517,2099605,12088,islandpath_dimob
NC_010397.1,4912537,4928914,16377,islandpath_dimob
NC_010397.1,4974795,5000434,25639,islandpath_dimob
NC_015758.1,827449,848879,21430,islandpath_dimob
NC_015758.1,917246,931573,14327,islandpath_dimob
NC_015758.1,3098020,3114923,16903,islandpath_dimob
NC_015758.1,3354697,3361562,6865,islandpath_dimob
NC_015758.1,3709242,3753177,43935,islandpath_dimob
NC_015758.1,3782480,3790876,8396,islandpath_dimob
NC_015758.1,4172918,4175908,2990,islandpath_dimob
NC_008146.1,419811,427229,7418,islandpath_dimob
NC_008146.1,923714,935986,12272,islandpath_dimob
NC_008146.1,1130614,1138640,8026,islandpath_dimob
NC_008146.1,1216225,1229937,13712,islandpath_dimob
NC_008146.1,1541329,1610708,69379,islandpath_dimob
NC_008146.1,1754562,1770095,15533,islandpath_dimob
NC_008146.1,1774926,1780937,6011,islandpath_dimob
NC_008146.1,1786740,1837854,51114,islandpath_dimob
NC_008146.1,1840231,1846667,6436,islandpath_dimob
NC_008146.1,2749750,2761520,11770,islandpath_dimob
NC_008146.1,3357759,3374878,17119,islandpath_dimob
NC_008146.1,3381131,3394384,13253,islandpath_dimob
NC_008146.1,3774380,3784315,9935,islandpath_dimob
NC_008146.1,4052586,4064978,12392,islandpath_dimob
NC_008146.1,4297184,4316351,19167,islandpath_dimob
NC_008146.1,4425628,4432714,7086,islandpath_dimob
NC_008146.1,4439275,4450080,10805,islandpath_dimob
NC_008146.1,4941822,4953192,11370,islandpath_dimob
NC_008769.1,951612,965996,14384,islandpath_dimob
NC_008769.1,2934715,2937402,2687,islandpath_dimob
NC_008769.1,3074087,3090998,16911,islandpath_dimob
NC_008769.1,3148161,3154947,6786,islandpath_dimob
NC_008769.1,3330245,3337054,6809,islandpath_dimob
NC_008769.1,3785450,3793837,8387,islandpath_dimob
NC_002945.3,922405,936245,13840,islandpath_dimob
NC_002945.3,1963367,1992928,29561,islandpath_dimob
NC_002945.3,3077046,3093583,16537,islandpath_dimob
NC_002945.3,3150745,3157531,6786,islandpath_dimob
NC_002945.3,3332373,3339182,6809,islandpath_dimob
NC_002945.3,3751526,3759910,8384,islandpath_dimob
NC_012207.1,923329,937713,14384,islandpath_dimob
NC_012207.1,1959192,1985466,26274,islandpath_dimob
NC_012207.1,3066860,3083771,16911,islandpath_dimob
NC_012207.1,3140988,3147774,6786,islandpath_dimob
NC_012207.1,3322895,3329704,6809,islandpath_dimob
NC_012207.1,3783363,3791750,8387,islandpath_dimob
NC_002944.2,32641,41242,8601,islandpath_dimob
NC_002944.2,157819,164530,6711,islandpath_dimob
NC_002944.2,606153,626590,20437,islandpath_dimob
NC_002944.2,878808,890436,11628,islandpath_dimob
NC_002944.2,1931389,1938824,7435,islandpath_dimob
NC_002944.2,2378957,2390933,11976,islandpath_dimob
NC_002944.2,4423752,4429460,5708,islandpath_dimob
NC_008595.1,252926,294892,41966,islandpath_dimob
NC_008595.1,1432291,1443794,11503,islandpath_dimob
NC_008595.1,1446797,1453601,6804,islandpath_dimob
NC_008595.1,1456328,1463365,7037,islandpath_dimob
NC_008595.1,2164735,2170408,5673,islandpath_dimob
NC_008595.1,2222134,2232325,10191,islandpath_dimob
NC_008595.1,2683125,2692659,9534,islandpath_dimob
NC_008595.1,2934861,2944363,9502,islandpath_dimob
NC_008595.1,3598915,3608069,9154,islandpath_dimob
NC_008595.1,3865946,3873888,7942,islandpath_dimob
NC_008595.1,3923136,3936276,13140,islandpath_dimob
NC_009338.1,551196,590710,39514,islandpath_dimob
NC_009338.1,594931,635004,40073,islandpath_dimob
NC_009338.1,638098,678224,40126,islandpath_dimob
NC_009338.1,683353,699904,16551,islandpath_dimob
NC_009338.1,702349,711281,8932,islandpath_dimob
NC_009338.1,2047292,2072167,24875,islandpath_dimob
NC_009338.1,2781232,2787027,5795,islandpath_dimob
NC_009338.1,3019438,3048709,29271,islandpath_dimob
NC_009338.1,3200376,3217693,17317,islandpath_dimob
NC_009338.1,5060092,5089479,29387,islandpath_dimob
NC_009565.1,2637020,2654948,17928,islandpath_dimob
NC_009565.1,3132521,3148662,16141,islandpath_dimob
NC_009565.1,3205695,3212544,6849,islandpath_dimob
NC_009565.1,3554566,3567027,12461,islandpath_dimob
NC_009565.1,3738211,3782273,44062,islandpath_dimob
NC_009565.1,3810360,3816692,6332,islandpath_dimob
NC_002755.2,564171,569344,5173,islandpath_dimob
NC_002755.2,836075,853641,17566,islandpath_dimob
NC_002755.2,2577270,2580699,3429,islandpath_dimob
NC_002755.2,3115355,3129933,14578,islandpath_dimob
NC_002755.2,3188320,3194930,6610,islandpath_dimob
NC_002755.2,3371316,3376829,5513,islandpath_dimob
NC_002755.2,3723735,3746488,22753,islandpath_dimob
NC_002755.2,3790118,3798448,8330,islandpath_dimob
NC_002755.2,4311098,4317802,6704,islandpath_dimob
NC_010612.1,688441,695909,7468,islandpath_dimob
NC_010612.1,1201847,1221393,19546,islandpath_dimob
NC_010612.1,1910162,1935738,25576,islandpath_dimob
NC_010612.1,5303248,5327668,24420,islandpath_dimob
NC_010612.1,5458337,5470605,12268,islandpath_dimob
NC_010612.1,5636548,5648161,11613,islandpath_dimob
NC_009525.1,2636127,2653032,16905,islandpath_dimob
NC_009525.1,3132534,3148325,15791,islandpath_dimob
NC_009525.1,3206158,3213007,6849,islandpath_dimob
NC_009525.1,3553599,3566060,12461,islandpath_dimob
NC_009525.1,3735456,3778614,43158,islandpath_dimob
NC_009525.1,3808366,3818065,9699,islandpath_dimob
NC_000962.2,921575,935490,13915,islandpath_dimob
NC_000962.2,1981130,1996478,15348,islandpath_dimob
NC_000962.2,2626223,2641064,14841,islandpath_dimob
NC_000962.2,3120566,3137012,16446,islandpath_dimob
NC_000962.2,3194166,3201015,6849,islandpath_dimob
NC_000962.2,3541443,3555262,13819,islandpath_dimob
NC_000962.2,3724615,3769807,45192,islandpath_dimob
NC_000962.2,3799243,3807573,8330,islandpath_dimob
NC_009497.1,387726,405218,17492,islandpath_dimob
NC_015848.1,337183,354525,17342,islandpath_dimob
NC_015848.1,847722,862707,14985,islandpath_dimob
NC_015848.1,928903,943289,14386,islandpath_dimob
NC_015848.1,2024913,2050715,25802,islandpath_dimob
NC_015848.1,2313475,2322529,9054,islandpath_dimob
NC_015848.1,2383174,2397607,14433,islandpath_dimob
NC_015848.1,2854593,2878000,23407,islandpath_dimob
NC_015848.1,3178384,3195923,17539,islandpath_dimob
NC_015848.1,3435591,3445156,9565,islandpath_dimob
NC_015848.1,3599344,3613020,13676,islandpath_dimob
NC_015848.1,3792315,3839518,47203,islandpath_dimob
NC_008596.1,438130,446626,8496,islandpath_dimob
NC_008596.1,810514,814680,4166,islandpath_dimob
NC_008596.1,886332,894762,8430,islandpath_dimob
NC_008596.1,1000429,1006302,5873,islandpath_dimob
NC_008596.1,1289458,1296870,7412,islandpath_dimob
NC_008596.1,1813566,1825807,12241,islandpath_dimob
NC_008596.1,2213383,2229687,16304,islandpath_dimob
NC_008596.1,4133790,4147465,13675,islandpath_dimob
NC_008596.1,5182312,5199513,17201,islandpath_dimob
NC_008596.1,6209977,6220032,10055,islandpath_dimob
NC_008596.1,6704173,6715866,11693,islandpath_dimob
NC_015725.1,428617,453358,24741,islandpath_dimob
NC_015725.1,725880,733499,7619,islandpath_dimob
NC_015725.1,825735,833952,8217,islandpath_dimob
NC_015725.1,921678,929797,8119,islandpath_dimob
NC_007633.1,220472,229850,9378,islandpath_dimob
NC_008611.1,395104,406399,11295,islandpath_dimob
NC_008611.1,517665,532416,14751,islandpath_dimob
NC_008611.1,826603,842061,15458,islandpath_dimob
NC_008611.1,990332,999147,8815,islandpath_dimob
NC_008611.1,1006970,1023996,17026,islandpath_dimob
NC_008611.1,1046172,1058073,11901,islandpath_dimob
NC_008611.1,1204902,1229650,24748,islandpath_dimob
NC_008611.1,1370681,1375463,4782,islandpath_dimob
NC_008611.1,2075099,2085021,9922,islandpath_dimob
NC_008611.1,3002241,3010878,8637,islandpath_dimob
NC_008611.1,3385216,3417082,31866,islandpath_dimob
NC_008611.1,3422791,3429430,6639,islandpath_dimob
NC_008611.1,3582901,3594622,11721,islandpath_dimob
NC_008611.1,3660170,3672339,12169,islandpath_dimob
NC_008611.1,4842661,4866858,24197,islandpath_dimob
NC_008611.1,4873519,4887275,13756,islandpath_dimob
NC_008611.1,5034334,5052104,17770,islandpath_dimob
NC_008611.1,5249304,5267158,17854,islandpath_dimob
NC_008611.1,5356189,5365262,9073,islandpath_dimob
NC_014921.1,42083,50442,8359,islandpath_dimob
NC_014921.1,469665,481356,11691,islandpath_dimob
NC_014921.1,485902,502035,16133,islandpath_dimob
NC_014921.1,619632,627632,8000,islandpath_dimob
NC_014921.1,637652,642185,4533,islandpath_dimob
NC_014921.1,884141,899971,15830,islandpath_dimob
NC_014921.1,902736,913302,10566,islandpath_dimob
NC_007295.1,469539,490272,20733,islandpath_dimob
NC_008726.1,511503,523079,11576,islandpath_dimob
NC_008726.1,540742,561227,20485,islandpath_dimob
NC_008726.1,618110,632910,14800,islandpath_dimob
NC_008726.1,842428,849211,6783,islandpath_dimob
NC_008726.1,1145922,1168912,22990,islandpath_dimob
NC_008726.1,1529969,1552823,22854,islandpath_dimob
NC_008726.1,1779361,1811802,32441,islandpath_dimob
NC_008726.1,2086598,2091708,5110,islandpath_dimob
NC_008726.1,2648649,2660958,12309,islandpath_dimob
NC_008726.1,3870317,3899152,28835,islandpath_dimob
NC_008726.1,3962947,3990339,27392,islandpath_dimob
NC_008726.1,4890800,4895916,5116,islandpath_dimob
NC_008726.1,5405187,5426816,21629,islandpath_dimob
NC_008726.1,5786147,5802797,16650,islandpath_dimob
NC_008726.1,6321104,6330291,9187,islandpath_dimob
NC_015431.1,99000,117170,18170,islandpath_dimob
NC_015431.1,944282,958180,13898,islandpath_dimob
NC_015431.1,1113289,1147094,33805,islandpath_dimob
NC_000912.1,646644,651805,5161,islandpath_dimob
NC_005364.2,65125,72609,7484,islandpath_dimob
NC_005364.2,110260,116949,6689,islandpath_dimob
NC_005364.2,608700,616720,8020,islandpath_dimob
NC_005364.2,1191305,1202004,10699,islandpath_dimob
NC_002771.1,461088,474256,13168,islandpath_dimob
NC_004432.1,291534,300095,8561,islandpath_dimob
NC_004432.1,548811,556953,8142,islandpath_dimob
NC_004432.1,1296165,1308988,12823,islandpath_dimob
NC_002946.2,723158,732745,9587,islandpath_dimob
NC_002946.2,1587112,1599049,11937,islandpath_dimob
NC_012115.1,1078881,1090990,12109,islandpath_dimob
NC_007426.1,588178,602591,14413,islandpath_dimob
NC_007426.1,936333,956214,19881,islandpath_dimob
NC_007426.1,1140033,1148236,8203,islandpath_dimob
NC_007426.1,1629395,1637545,8150,islandpath_dimob
NC_007426.1,2086790,2094752,7962,islandpath_dimob
NC_007426.1,2241901,2289770,47869,islandpath_dimob
NC_010718.1,374512,408783,34271,islandpath_dimob
NC_010718.1,787668,804103,16435,islandpath_dimob
NC_010718.1,1297798,1313642,15844,islandpath_dimob
NC_010718.1,1458449,1473307,14858,islandpath_dimob
NC_010718.1,2267994,2276232,8238,islandpath_dimob
NC_010718.1,2674688,2696646,21958,islandpath_dimob
NC_010718.1,2744566,2753573,9007,islandpath_dimob
NC_008767.1,281636,287862,6226,islandpath_dimob
NC_008767.1,552629,570611,17982,islandpath_dimob
NC_008767.1,881660,892411,10751,islandpath_dimob
NC_008767.1,1323283,1332070,8787,islandpath_dimob
NC_011035.1,570654,586344,15690,islandpath_dimob
NC_011035.1,939342,943840,4498,islandpath_dimob
NC_011035.1,1203224,1210797,7573,islandpath_dimob
NC_010120.1,551167,566972,15805,islandpath_dimob
NC_010120.1,969612,977134,7522,islandpath_dimob
NC_010120.1,1071425,1083514,12089,islandpath_dimob
NC_010120.1,1315811,1323447,7636,islandpath_dimob
NC_010120.1,2034787,2052374,17587,islandpath_dimob
NC_003116.1,1521454,1529190,7736,islandpath_dimob
NC_003112.2,146096,166901,20805,islandpath_dimob
NC_003112.2,502915,544120,41205,islandpath_dimob
NC_003112.2,612020,627821,15801,islandpath_dimob
NC_003112.2,1427085,1443609,16524,islandpath_dimob
NC_015711.1,574602,587035,12433,islandpath_dimob
NC_015711.1,610728,620456,9728,islandpath_dimob
NC_015711.1,1126602,1145131,18529,islandpath_dimob
NC_015711.1,3091041,3103379,12338,islandpath_dimob
NC_015711.1,3547422,3570654,23232,islandpath_dimob
NC_015711.1,4351628,4365342,13714,islandpath_dimob
NC_015711.1,5166403,5178925,12522,islandpath_dimob
NC_015711.1,5236113,5266567,30454,islandpath_dimob
NC_015711.1,6152622,6169517,16895,islandpath_dimob
NC_015711.1,7910796,7968986,58190,islandpath_dimob
NC_015711.1,8165347,8187559,22212,islandpath_dimob
NC_015711.1,8403929,8418836,14907,islandpath_dimob
NC_015711.1,8434557,8448480,13923,islandpath_dimob
NC_015711.1,8940991,8981817,40826,islandpath_dimob
NC_008095.1,660591,676929,16338,islandpath_dimob
NC_008095.1,1402684,1448711,46027,islandpath_dimob
NC_008095.1,1543126,1569486,26360,islandpath_dimob
NC_008095.1,2013057,2037294,24237,islandpath_dimob
NC_008095.1,2080781,2095849,15068,islandpath_dimob
NC_008095.1,2158681,2204689,46008,islandpath_dimob
NC_008095.1,2217345,2243866,26521,islandpath_dimob
NC_008095.1,4193685,4215005,21320,islandpath_dimob
NC_008095.1,5059847,5063383,3536,islandpath_dimob
NC_008095.1,6077090,6109421,32331,islandpath_dimob
NC_008095.1,6493076,6508978,15902,islandpath_dimob
NC_008095.1,7763756,7771702,7946,islandpath_dimob
NC_014935.1,770782,781461,10679,islandpath_dimob
NC_014935.1,2004466,2021724,17258,islandpath_dimob
NC_009662.1,1262708,1279559,16851,islandpath_dimob
NC_007964.1,320355,360127,39772,islandpath_dimob
NC_007964.1,877609,883612,6003,islandpath_dimob
NC_007964.1,1525852,1557476,31624,islandpath_dimob
NC_007964.1,2374499,2385321,10822,islandpath_dimob
NC_007964.1,2732262,2752151,19889,islandpath_dimob
NC_007964.1,3127037,3138720,11683,islandpath_dimob
NC_007964.1,3242241,3263246,21005,islandpath_dimob
NC_007964.1,3643373,3656698,13325,islandpath_dimob
NC_007964.1,4023250,4029660,6410,islandpath_dimob
NC_007964.1,4184257,4196668,12411,islandpath_dimob
NC_007964.1,4205760,4245685,39925,islandpath_dimob
NC_015222.1,209070,223678,14608,islandpath_dimob
NC_015222.1,289915,308543,18628,islandpath_dimob
NC_015222.1,419324,433631,14307,islandpath_dimob
NC_015222.1,1717958,1728349,10391,islandpath_dimob
NC_015222.1,1844667,1857141,12474,islandpath_dimob
NC_015222.1,2001780,2011429,9649,islandpath_dimob
NC_015222.1,2221584,2230493,8909,islandpath_dimob
NC_015222.1,2405430,2410089,4659,islandpath_dimob
NC_015222.1,2429941,2435473,5532,islandpath_dimob
NC_015222.1,2464331,2475759,11428,islandpath_dimob
NC_015222.1,2498286,2504061,5775,islandpath_dimob
NC_015222.1,2515959,2528994,13035,islandpath_dimob
NC_015222.1,2557421,2573259,15838,islandpath_dimob
NC_015222.1,2608352,2614836,6484,islandpath_dimob
NC_015222.1,2682008,2694427,12419,islandpath_dimob
NC_015222.1,3022586,3029070,6484,islandpath_dimob
NC_015222.1,3037578,3050184,12606,islandpath_dimob
NC_015222.1,3141449,3159976,18527,islandpath_dimob
NC_007406.1,814287,828680,14393,islandpath_dimob
NC_007406.1,843731,875250,31519,islandpath_dimob
NC_007406.1,891640,910206,18566,islandpath_dimob
NC_007406.1,922284,931334,9050,islandpath_dimob
NC_007406.1,935386,944762,9376,islandpath_dimob
NC_007406.1,1111722,1118798,7076,islandpath_dimob
NC_007406.1,1263841,1273642,9801,islandpath_dimob
NC_007406.1,1489828,1495771,5943,islandpath_dimob
NC_007406.1,1612790,1629857,17067,islandpath_dimob
NC_007406.1,1755207,1782775,27568,islandpath_dimob
NC_007406.1,2131949,2145748,13799,islandpath_dimob
NC_007406.1,2151223,2157289,6066,islandpath_dimob
NC_007406.1,2311406,2338971,27565,islandpath_dimob
NC_007406.1,2592339,2595956,3617,islandpath_dimob
NC_007406.1,2620990,2631100,10110,islandpath_dimob
NC_007406.1,3057115,3063770,6655,islandpath_dimob
NC_007406.1,3094440,3103435,8995,islandpath_dimob
NC_007406.1,3173713,3181536,7823,islandpath_dimob
NC_007406.1,3355504,3368012,12508,islandpath_dimob
NC_007406.1,3371242,3377715,6473,islandpath_dimob
NC_007484.1,471644,485585,13941,islandpath_dimob
NC_007484.1,663624,741291,77667,islandpath_dimob
NC_007484.1,746413,767933,21520,islandpath_dimob
NC_007484.1,2374290,2382771,8481,islandpath_dimob
NC_007484.1,2751714,2756708,4994,islandpath_dimob
NC_004757.1,258184,279698,21514,islandpath_dimob
NC_004757.1,290453,299336,8883,islandpath_dimob
NC_004757.1,719259,731041,11782,islandpath_dimob
NC_004757.1,768542,773027,4485,islandpath_dimob
NC_004757.1,911376,920842,9466,islandpath_dimob
NC_004757.1,1192020,1199008,6988,islandpath_dimob
NC_004757.1,1468694,1475978,7284,islandpath_dimob
NC_004757.1,1711067,1715700,4633,islandpath_dimob
NC_004757.1,1718350,1723707,5357,islandpath_dimob
NC_004757.1,2738984,2768944,29960,islandpath_dimob
NC_004757.1,2774013,2784367,10354,islandpath_dimob
NC_008344.1,8854,18395,9541,islandpath_dimob
NC_008344.1,1102298,1109012,6714,islandpath_dimob
NC_008344.1,1370124,1377477,7353,islandpath_dimob
NC_008344.1,1412442,1418104,5662,islandpath_dimob
NC_008344.1,1558451,1569755,11304,islandpath_dimob
NC_008344.1,1762894,1771104,8210,islandpath_dimob
NC_008344.1,1964301,1974125,9824,islandpath_dimob
NC_008344.1,2098161,2111830,13669,islandpath_dimob
NC_008344.1,2382734,2390572,7838,islandpath_dimob
NC_008344.1,2471875,2480362,8487,islandpath_dimob
NC_008344.1,2525116,2540833,15717,islandpath_dimob
NC_015731.1,287144,299922,12778,islandpath_dimob
NC_015731.1,304213,316016,11803,islandpath_dimob
NC_015731.1,318153,330862,12709,islandpath_dimob
NC_015731.1,336196,366264,30068,islandpath_dimob
NC_015731.1,880946,896130,15184,islandpath_dimob
NC_015731.1,1302775,1314057,11282,islandpath_dimob
NC_015731.1,1326838,1342269,15431,islandpath_dimob
NC_015731.1,1580963,1602658,21695,islandpath_dimob
NC_015731.1,2148517,2166044,17527,islandpath_dimob
NC_015731.1,2464706,2473381,8675,islandpath_dimob
NC_015731.1,2817201,2824457,7256,islandpath_dimob
NC_015731.1,3041430,3052118,10688,islandpath_dimob
NC_015731.1,3187058,3211508,24450,islandpath_dimob
NC_007614.1,60014,72048,12034,islandpath_dimob
NC_007614.1,1050728,1083168,32440,islandpath_dimob
NC_007614.1,1489946,1494292,4346,islandpath_dimob
NC_007614.1,1572599,1580962,8363,islandpath_dimob
NC_007614.1,1640319,1652943,12624,islandpath_dimob
NC_007614.1,1690329,1695781,5452,islandpath_dimob
NC_007614.1,2318945,2331938,12993,islandpath_dimob
NC_007614.1,2335622,2356058,20436,islandpath_dimob
NC_007614.1,2506063,2513497,7434,islandpath_dimob
NC_003272.1,3418,22944,19526,islandpath_dimob
NC_003272.1,419058,434210,15152,islandpath_dimob
NC_003272.1,785653,790339,4686,islandpath_dimob
NC_003272.1,2068785,2076342,7557,islandpath_dimob
NC_003272.1,2216017,2223313,7296,islandpath_dimob
NC_003272.1,2559898,2574247,14349,islandpath_dimob
NC_003272.1,2580623,2589244,8621,islandpath_dimob
NC_003272.1,3276936,3284676,7740,islandpath_dimob
NC_007794.1,264168,278802,14634,islandpath_dimob
NC_007794.1,665462,669823,4361,islandpath_dimob
NC_007794.1,1538674,1546900,8226,islandpath_dimob
NC_015580.1,147879,170221,22342,islandpath_dimob
NC_015580.1,1324167,1334272,10105,islandpath_dimob
NC_015580.1,1689897,1706599,16702,islandpath_dimob
NC_015580.1,1734702,1751331,16629,islandpath_dimob
NC_015580.1,1878182,1890599,12417,islandpath_dimob
NC_015580.1,2448485,2459598,11113,islandpath_dimob
NC_015580.1,2719292,2727418,8126,islandpath_dimob
NC_015580.1,3415438,3425068,9630,islandpath_dimob
NC_015580.1,3838549,3845913,7364,islandpath_dimob
NC_008699.1,615676,624278,8602,islandpath_dimob
NC_008699.1,634392,645766,11374,islandpath_dimob
NC_008699.1,650063,666643,16580,islandpath_dimob
NC_008699.1,1082495,1108519,26024,islandpath_dimob
NC_008699.1,1141939,1160236,18297,islandpath_dimob
NC_008699.1,1682076,1691838,9762,islandpath_dimob
NC_008699.1,2302776,2311124,8348,islandpath_dimob
NC_008699.1,2407103,2419842,12739,islandpath_dimob
NC_008699.1,2437084,2444981,7897,islandpath_dimob
NC_006361.1,13977,35141,21164,islandpath_dimob
NC_006361.1,246165,251113,4948,islandpath_dimob
NC_006361.1,1662867,1680326,17459,islandpath_dimob
NC_006361.1,2222849,2245704,22855,islandpath_dimob
NC_006361.1,2787673,2795379,7706,islandpath_dimob
NC_006361.1,3064682,3070727,6045,islandpath_dimob
NC_006361.1,4112733,4131743,19010,islandpath_dimob
NC_006361.1,4593962,4619515,25553,islandpath_dimob
NC_006361.1,5153317,5167694,14377,islandpath_dimob
NC_006361.1,5820000,5828714,8714,islandpath_dimob
NC_010628.1,878016,893853,15837,islandpath_dimob
NC_010628.1,945102,956331,11229,islandpath_dimob
NC_010628.1,1223141,1233712,10571,islandpath_dimob
NC_010628.1,2417213,2434872,17659,islandpath_dimob
NC_010628.1,2474187,2493977,19790,islandpath_dimob
NC_010628.1,2590252,2602926,12674,islandpath_dimob
NC_010628.1,2863406,2870929,7523,islandpath_dimob
NC_010628.1,3963318,4013174,49856,islandpath_dimob
NC_010628.1,4168154,4186269,18115,islandpath_dimob
NC_009667.1,1377114,1390262,13148,islandpath_dimob
NC_009667.1,1571323,1641465,70142,islandpath_dimob
NC_009667.1,1938729,1951937,13208,islandpath_dimob
NC_009667.1,2593424,2598989,5565,islandpath_dimob
NC_009667.1,2766206,2782302,16096,islandpath_dimob
NC_009668.1,464792,526039,61247,islandpath_dimob
NC_009668.1,594218,613970,19752,islandpath_dimob
NC_008528.1,326469,348518,22049,islandpath_dimob
NC_008528.1,693643,699391,5748,islandpath_dimob
NC_008528.1,938639,945327,6688,islandpath_dimob
NC_008528.1,1407958,1431480,23522,islandpath_dimob
NC_005303.2,605503,619215,13712,islandpath_dimob
NC_004193.1,182934,194345,11411,islandpath_dimob
NC_004193.1,1368121,1382869,14748,islandpath_dimob
NC_009488.1,72912,87972,15060,islandpath_dimob
NC_009488.1,1818942,1829406,10464,islandpath_dimob
NC_011386.1,927921,938841,10920,islandpath_dimob
NC_011386.1,2078803,2119174,40371,islandpath_dimob
NC_011386.1,3603767,3611539,7772,islandpath_dimob
NC_011386.1,3670572,3678549,7977,islandpath_dimob
NC_011386.1,3717874,3722979,5105,islandpath_dimob
NC_010793.1,93230,96560,3330,islandpath_dimob
NC_010793.1,491052,495083,4031,islandpath_dimob
NC_010793.1,732857,737982,5125,islandpath_dimob
NC_010793.1,855461,864837,9376,islandpath_dimob
NC_010793.1,1238966,1258101,19135,islandpath_dimob
NC_015160.1,66057,83201,17144,islandpath_dimob
NC_015160.1,235293,255774,20481,islandpath_dimob
NC_015160.1,614589,624920,10331,islandpath_dimob
NC_015160.1,1118075,1130384,12309,islandpath_dimob
NC_015160.1,1182743,1194231,11488,islandpath_dimob
NC_015160.1,1410141,1426456,16315,islandpath_dimob
NC_015160.1,1608027,1624951,16924,islandpath_dimob
NC_015160.1,1696589,1705761,9172,islandpath_dimob
NC_015160.1,2145305,2171357,26052,islandpath_dimob
NC_015160.1,2392468,2400768,8300,islandpath_dimob
NC_015160.1,2699695,2712227,12532,islandpath_dimob
NC_015160.1,3935248,3946552,11304,islandpath_dimob
NC_015160.1,4130289,4139433,9144,islandpath_dimob
NC_015160.1,4245268,4262847,17579,islandpath_dimob
NC_015160.1,4293480,4305913,12433,islandpath_dimob
NC_015684.1,364080,386868,22788,islandpath_dimob
NC_015684.1,531100,556033,24933,islandpath_dimob
NC_015684.1,2006429,2045495,39066,islandpath_dimob
NC_015684.1,2373522,2386773,13251,islandpath_dimob
NC_015684.1,3161237,3187268,26031,islandpath_dimob
NC_010571.1,1278473,1304314,25841,islandpath_dimob
NC_010571.1,2945654,2970649,24995,islandpath_dimob
NC_010571.1,5095768,5102768,7000,islandpath_dimob
NC_010571.1,5335688,5342768,7080,islandpath_dimob
NC_010571.1,5663592,5676151,12559,islandpath_dimob
NC_016048.1,214802,227116,12314,islandpath_dimob
NC_016048.1,320186,325737,5551,islandpath_dimob
NC_016048.1,524526,535442,10916,islandpath_dimob
NC_016048.1,866091,882036,15945,islandpath_dimob
NC_016048.1,1105840,1108909,3069,islandpath_dimob
NC_016048.1,1366268,1373443,7175,islandpath_dimob
NC_016048.1,1390463,1398845,8382,islandpath_dimob
NC_016048.1,1529000,1541685,12685,islandpath_dimob
NC_016048.1,1624491,1630841,6350,islandpath_dimob
NC_016048.1,1644571,1651290,6719,islandpath_dimob
NC_016048.1,2152956,2168659,15703,islandpath_dimob
NC_016048.1,2345070,2349782,4712,islandpath_dimob
NC_016048.1,2351655,2364080,12425,islandpath_dimob
NC_016048.1,2570840,2578363,7523,islandpath_dimob
NC_016048.1,2590820,2598103,7283,islandpath_dimob
NC_016048.1,2607589,2611771,4182,islandpath_dimob
NC_016048.1,2691302,2695202,3900,islandpath_dimob
NC_016048.1,2698013,2703513,5500,islandpath_dimob
NC_016048.1,2935496,2951140,15644,islandpath_dimob
NC_016048.1,2992129,2996983,4854,islandpath_dimob
NC_016048.1,2998147,3001814,3667,islandpath_dimob
NC_016048.1,3053989,3060033,6044,islandpath_dimob
NC_016048.1,3061302,3064732,3430,islandpath_dimob
NC_016048.1,3070159,3080172,10013,islandpath_dimob
NC_016048.1,3201353,3244001,42648,islandpath_dimob
NC_016048.1,3269108,3281002,11894,islandpath_dimob
NC_016048.1,3340487,3359216,18729,islandpath_dimob
NC_016048.1,3434571,3444654,10083,islandpath_dimob
NC_016048.1,3644129,3650125,5996,islandpath_dimob
NC_016048.1,3987981,3995976,7995,islandpath_dimob
NC_016048.1,4053883,4063002,9119,islandpath_dimob
NC_014837.1,39204,52649,13445,islandpath_dimob
NC_014837.1,1146278,1161786,15508,islandpath_dimob
NC_014837.1,3638704,3654706,16002,islandpath_dimob
NC_014837.1,3770191,3787486,17295,islandpath_dimob
NC_014837.1,3962785,3986182,23397,islandpath_dimob
NC_013956.2,1790933,1801044,10111,islandpath_dimob
NC_013956.2,3273157,3282764,9607,islandpath_dimob
NC_013956.2,3284366,3301892,17526,islandpath_dimob
NC_013956.2,3516669,3527337,10668,islandpath_dimob
NC_013956.2,3547144,3553049,5905,islandpath_dimob
NC_013956.2,4001583,4025496,23913,islandpath_dimob
NC_013956.2,4329433,4348880,19447,islandpath_dimob
NC_013956.2,4508887,4516626,7739,islandpath_dimob
NC_015690.1,1114645,1151583,36938,islandpath_dimob
NC_015690.1,1155294,1179295,24001,islandpath_dimob
NC_015690.1,1192858,1200350,7492,islandpath_dimob
NC_015690.1,1202645,1211388,8743,islandpath_dimob
NC_015690.1,1217032,1241050,24018,islandpath_dimob
NC_015690.1,1353098,1363338,10240,islandpath_dimob
NC_015690.1,1731368,1743085,11717,islandpath_dimob
NC_015690.1,2040542,2052267,11725,islandpath_dimob
NC_015690.1,3503560,3510820,7260,islandpath_dimob
NC_015690.1,3946481,4003830,57349,islandpath_dimob
NC_015690.1,4012501,4029000,16499,islandpath_dimob
NC_015690.1,4364704,4395107,30403,islandpath_dimob
NC_015690.1,4420383,4445142,24759,islandpath_dimob
NC_015690.1,6528418,6544740,16322,islandpath_dimob
NC_015690.1,6607178,6622023,14845,islandpath_dimob
NC_015690.1,7795420,7805862,10442,islandpath_dimob
NC_015690.1,7809226,7837175,27949,islandpath_dimob
NC_015702.1,191039,195257,4218,islandpath_dimob
NC_015702.1,543239,558039,14800,islandpath_dimob
NC_015702.1,561667,590282,28615,islandpath_dimob
NC_015702.1,1343676,1351014,7338,islandpath_dimob
NC_015702.1,1575219,1584148,8929,islandpath_dimob
NC_015702.1,1804501,1813734,9233,islandpath_dimob
NC_015702.1,2400481,2413798,13317,islandpath_dimob
NC_015702.1,2792995,2802498,9503,islandpath_dimob
NC_015702.1,3046952,3069350,22398,islandpath_dimob
NC_008687.1,255140,271148,16008,islandpath_dimob
NC_008687.1,336263,344568,8305,islandpath_dimob
NC_008687.1,971625,988797,17172,islandpath_dimob
NC_008686.1,1179283,1196395,17112,islandpath_dimob
NC_008686.1,1588977,1605415,16438,islandpath_dimob
NC_008686.1,1965805,1980853,15048,islandpath_dimob
NC_008686.1,2057841,2101296,43455,islandpath_dimob
NC_009615.1,333775,344041,10266,islandpath_dimob
NC_009615.1,865336,886356,21020,islandpath_dimob
NC_009615.1,1372739,1381408,8669,islandpath_dimob
NC_009615.1,2591570,2624488,32918,islandpath_dimob
NC_009615.1,2652021,2669171,17150,islandpath_dimob
NC_009615.1,2996817,3008032,11215,islandpath_dimob
NC_009615.1,3902025,3943478,41453,islandpath_dimob
NC_009615.1,4571361,4578471,7110,islandpath_dimob
NC_009615.1,4682079,4709999,27920,islandpath_dimob
NC_009615.1,4714146,4735783,21637,islandpath_dimob
NC_002663.1,1994906,2008494,13588,islandpath_dimob
NC_002663.1,2174564,2190868,16304,islandpath_dimob
NC_009719.1,346290,370326,24036,islandpath_dimob
NC_009719.1,2525176,2551004,25828,islandpath_dimob
NC_009719.1,3614265,3715238,100973,islandpath_dimob
NC_008525.1,552310,559785,7475,islandpath_dimob
NC_008525.1,585611,597213,11602,islandpath_dimob
NC_008525.1,780798,791830,11032,islandpath_dimob
NC_008525.1,990256,1028215,37959,islandpath_dimob
NC_015177.1,674259,694672,20413,islandpath_dimob
NC_015177.1,705534,724054,18520,islandpath_dimob
NC_015177.1,1103398,1112724,9326,islandpath_dimob
NC_015177.1,1357434,1364012,6578,islandpath_dimob
NC_015177.1,1843863,1887107,43244,islandpath_dimob
NC_015177.1,1934416,1950423,16007,islandpath_dimob
NC_015177.1,2199434,2230522,31088,islandpath_dimob
NC_015177.1,2627192,2650115,22923,islandpath_dimob
NC_016078.1,918344,933876,15532,islandpath_dimob
NC_016078.1,2309411,2315147,5736,islandpath_dimob
NC_016078.1,2598503,2608809,10306,islandpath_dimob
NC_016078.1,2643729,2661511,17782,islandpath_dimob
NC_016078.1,2756551,2764871,8320,islandpath_dimob
NC_016078.1,2946641,2952141,5500,islandpath_dimob
NC_016078.1,3544569,3608680,64111,islandpath_dimob
NC_008609.1,115768,130291,14523,islandpath_dimob
NC_008609.1,147570,157919,10349,islandpath_dimob
NC_008609.1,270281,282808,12527,islandpath_dimob
NC_008609.1,1978114,1983910,5796,islandpath_dimob
NC_008609.1,2558658,2594835,36177,islandpath_dimob
NC_007498.2,137640,171945,34305,islandpath_dimob
NC_007498.2,641788,654165,12377,islandpath_dimob
NC_007498.2,1618247,1627162,8915,islandpath_dimob
NC_007498.2,2643544,2649566,6022,islandpath_dimob
NC_007498.2,2849582,2860923,11341,islandpath_dimob
NC_007498.2,2932280,2949997,17717,islandpath_dimob
NC_007498.2,3544166,3557883,13717,islandpath_dimob
NC_007498.2,3560424,3566632,6208,islandpath_dimob
NC_012440.1,1218176,1237936,19760,islandpath_dimob
NC_012440.1,1717412,1725616,8204,islandpath_dimob
NC_012440.1,1727154,1740431,13277,islandpath_dimob
NC_011060.1,134281,146764,12483,islandpath_dimob
NC_011060.1,511180,555000,43820,islandpath_dimob
NC_011060.1,582398,591166,8768,islandpath_dimob
NC_011060.1,918448,927814,9366,islandpath_dimob
NC_011060.1,1344997,1353590,8593,islandpath_dimob
NC_011060.1,2488609,2497866,9257,islandpath_dimob
NC_011060.1,2663371,2691390,28019,islandpath_dimob
NC_011060.1,2819377,2828740,9363,islandpath_dimob
NC_009454.1,163322,177763,14441,islandpath_dimob
NC_009454.1,362994,379285,16291,islandpath_dimob
NC_009454.1,720202,727964,7762,islandpath_dimob
NC_009454.1,1648503,1662329,13826,islandpath_dimob
NC_009454.1,2251324,2313865,62541,islandpath_dimob
NC_009454.1,2350539,2356069,5530,islandpath_dimob
NC_009454.1,2392489,2409089,16600,islandpath_dimob
NC_009454.1,2420094,2427622,7528,islandpath_dimob
NC_009454.1,2501343,2569618,68275,islandpath_dimob
NC_010003.1,77763,86999,9236,islandpath_dimob
NC_010003.1,675583,694538,18955,islandpath_dimob
NC_010003.1,727222,737402,10180,islandpath_dimob
NC_010003.1,1273181,1279944,6763,islandpath_dimob
NC_010003.1,1358393,1370938,12545,islandpath_dimob
NC_005877.1,869430,879861,10431,islandpath_dimob
NC_006371.1,107296,111947,4651,islandpath_dimob
NC_006371.1,493584,504027,10443,islandpath_dimob
NC_006371.1,616340,625632,9292,islandpath_dimob
NC_006371.1,1390241,1398990,8749,islandpath_dimob
NC_006371.1,1414191,1443440,29249,islandpath_dimob
NC_006371.1,1588682,1611395,22713,islandpath_dimob
NC_006371.1,1672295,1682529,10234,islandpath_dimob
NC_006371.1,1746383,1788143,41760,islandpath_dimob
NC_006371.1,1906308,1920665,14357,islandpath_dimob
NC_011144.1,816225,827723,11498,islandpath_dimob
NC_011144.1,1360910,1383761,22851,islandpath_dimob
NC_011144.1,1605928,1627374,21446,islandpath_dimob
NC_011144.1,1697402,1710822,13420,islandpath_dimob
NC_011144.1,2657145,2664186,7041,islandpath_dimob
NC_006370.1,356933,371875,14942,islandpath_dimob
NC_006370.1,1494518,1501041,6523,islandpath_dimob
NC_006370.1,1512703,1534443,21740,islandpath_dimob
NC_006370.1,1687793,1693781,5988,islandpath_dimob
NC_006370.1,1789749,1815354,25605,islandpath_dimob
NC_006370.1,2082537,2107758,25221,islandpath_dimob
NC_006370.1,3129127,3140648,11521,islandpath_dimob
NC_006370.1,3783453,3788354,4901,islandpath_dimob
NC_006370.1,4014632,4020458,5826,islandpath_dimob
NC_005126.1,871792,893789,21997,islandpath_dimob
NC_005126.1,978408,990849,12441,islandpath_dimob
NC_005126.1,1615201,1622322,7121,islandpath_dimob
NC_005126.1,2820328,2836640,16312,islandpath_dimob
NC_005126.1,3514650,3524568,9918,islandpath_dimob
NC_005126.1,3979435,3999167,19732,islandpath_dimob
NC_005126.1,5569740,5609014,39274,islandpath_dimob
NC_005126.1,5642683,5648869,6186,islandpath_dimob
NC_007948.1,381641,389478,7837,islandpath_dimob
NC_007948.1,720561,728555,7994,islandpath_dimob
NC_007948.1,984410,988582,4172,islandpath_dimob
NC_007948.1,1348487,1364481,15994,islandpath_dimob
NC_007948.1,1581498,1587051,5553,islandpath_dimob
NC_007948.1,1984394,1999772,15378,islandpath_dimob
NC_007948.1,2004590,2024507,19917,islandpath_dimob
NC_007948.1,3954222,3967647,13425,islandpath_dimob
NC_007948.1,4533769,4575308,41539,islandpath_dimob
NC_007948.1,4673004,4681507,8503,islandpath_dimob
NC_008781.1,373443,385935,12492,islandpath_dimob
NC_008781.1,399420,422730,23310,islandpath_dimob
NC_008781.1,435689,441178,5489,islandpath_dimob
NC_008781.1,618504,635624,17120,islandpath_dimob
NC_008781.1,660757,669192,8435,islandpath_dimob
NC_008781.1,1477185,1484097,6912,islandpath_dimob
NC_008781.1,1845660,1862182,16522,islandpath_dimob
NC_008781.1,2579464,2651211,71747,islandpath_dimob
NC_008781.1,3046215,3060716,14501,islandpath_dimob
NC_008781.1,4229131,4245779,16648,islandpath_dimob
NC_009379.1,1159389,1186194,26805,islandpath_dimob
NC_009379.1,1749113,1756330,7217,islandpath_dimob
NC_015259.1,280034,321416,41382,islandpath_dimob
NC_015259.1,530134,553665,23531,islandpath_dimob
NC_015259.1,628016,660543,32527,islandpath_dimob
NC_015259.1,664467,671289,6822,islandpath_dimob
NC_015259.1,678054,690692,12638,islandpath_dimob
NC_015259.1,697335,734772,37437,islandpath_dimob
NC_015259.1,739477,753026,13549,islandpath_dimob
NC_015259.1,1767092,1773351,6259,islandpath_dimob
NC_015259.1,1805002,1831207,26205,islandpath_dimob
NC_015259.1,2762123,2784993,22870,islandpath_dimob
NC_015259.1,3263421,3274525,11104,islandpath_dimob
NC_015259.1,3890410,3914620,24210,islandpath_dimob
NC_015259.1,4099429,4118533,19104,islandpath_dimob
NC_015259.1,4387037,4401246,14209,islandpath_dimob
NC_015259.1,4531507,4535780,4273,islandpath_dimob
NC_015501.1,872160,892972,20812,islandpath_dimob
NC_015501.1,1768040,1803627,35587,islandpath_dimob
NC_015501.1,1946072,1963805,17733,islandpath_dimob
NC_015501.1,1968432,1979451,11019,islandpath_dimob
NC_010729.1,222437,236195,13758,islandpath_dimob
NC_010729.1,472474,487315,14841,islandpath_dimob
NC_010729.1,621674,659805,38131,islandpath_dimob
NC_010729.1,926428,936061,9633,islandpath_dimob
NC_010729.1,1026426,1043811,17385,islandpath_dimob
NC_010729.1,1183205,1199790,16585,islandpath_dimob
NC_010729.1,1765819,1771561,5742,islandpath_dimob
NC_015571.1,260354,274508,14154,islandpath_dimob
NC_015571.1,804172,810114,5942,islandpath_dimob
NC_015571.1,947944,951666,3722,islandpath_dimob
NC_015571.1,1030105,1057793,27688,islandpath_dimob
NC_015571.1,1272010,1281386,9376,islandpath_dimob
NC_015571.1,1390737,1397446,6709,islandpath_dimob
NC_015571.1,1556397,1562287,5890,islandpath_dimob
NC_015571.1,1735091,1741095,6004,islandpath_dimob
NC_015571.1,2013026,2064095,51069,islandpath_dimob
NC_015571.1,2065821,2089963,24142,islandpath_dimob
NC_015571.1,2091770,2099513,7743,islandpath_dimob
NC_015174.1,242862,258211,15349,islandpath_dimob
NC_015174.1,1075392,1141966,66574,islandpath_dimob
NC_015174.1,1298105,1358344,60239,islandpath_dimob
NC_015174.1,1715047,1747469,32422,islandpath_dimob
NC_015174.1,4678799,4695580,16781,islandpath_dimob
NC_002950.2,201923,221522,19599,islandpath_dimob
NC_002950.2,419187,425077,5890,islandpath_dimob
NC_002950.2,876476,911332,34856,islandpath_dimob
NC_002950.2,916050,935295,19245,islandpath_dimob
NC_002950.2,1178900,1187533,8633,islandpath_dimob
NC_002950.2,1275565,1285021,9456,islandpath_dimob
NC_002950.2,1526740,1539257,12517,islandpath_dimob
NC_002950.2,1541250,1609513,68263,islandpath_dimob
NC_002950.2,1748582,1760420,11838,islandpath_dimob
NC_002950.2,2058550,2083427,24877,islandpath_dimob
NC_015311.1,141418,181152,39734,islandpath_dimob
NC_015311.1,412530,442051,29521,islandpath_dimob
NC_015311.1,1063867,1068776,4909,islandpath_dimob
NC_015311.1,1868997,1889800,20803,islandpath_dimob
NC_015311.1,2515336,2527479,12143,islandpath_dimob
NC_015311.1,2630592,2644443,13851,islandpath_dimob
NC_015311.1,2648744,2668062,19318,islandpath_dimob
NC_015311.1,2831951,2845770,13819,islandpath_dimob
NC_008816.1,372921,382914,9993,islandpath_dimob
NC_005042.1,570126,587416,17290,islandpath_dimob
NC_009840.1,399192,409666,10474,islandpath_dimob
NC_007577.1,356684,368081,11397,islandpath_dimob
NC_007577.1,1055543,1069846,14303,islandpath_dimob
NC_005071.1,1465461,1476199,10738,islandpath_dimob
NC_005071.1,2231775,2244945,13170,islandpath_dimob
NC_008820.1,1947990,1962428,14438,islandpath_dimob
NC_008820.1,2194318,2207645,13327,islandpath_dimob
NC_006085.1,922028,951236,29208,islandpath_dimob
NC_006085.1,2276025,2282435,6410,islandpath_dimob
NC_011059.1,672562,701692,29130,islandpath_dimob
NC_011059.1,1063646,1071710,8064,islandpath_dimob
NC_011059.1,1206702,1212068,5366,islandpath_dimob
NC_011059.1,1446645,1453212,6567,islandpath_dimob
NC_011059.1,2274016,2297606,23590,islandpath_dimob
NC_011059.1,2473251,2484103,10852,islandpath_dimob
NC_010554.1,3454388,3463177,8789,islandpath_dimob
NC_007481.1,421985,434185,12200,islandpath_dimob
NC_007481.1,1589776,1594747,4971,islandpath_dimob
NC_007481.1,2192086,2231296,39210,islandpath_dimob
NC_007481.1,2490336,2510098,19762,islandpath_dimob
NC_008228.1,776394,839189,62795,islandpath_dimob
NC_008228.1,1000097,1017466,17369,islandpath_dimob
NC_008228.1,2070330,2079488,9158,islandpath_dimob
NC_008228.1,2458967,2468306,9339,islandpath_dimob
NC_008228.1,4125488,4143835,18347,islandpath_dimob
NC_016002.1,1054110,1064320,10210,islandpath_dimob
NC_016002.1,1938749,1947512,8763,islandpath_dimob
NC_016002.1,2051048,2082276,31228,islandpath_dimob
NC_016002.1,2961117,2967630,6513,islandpath_dimob
NC_011770.1,1812683,1825882,13199,islandpath_dimob
NC_011770.1,2517164,2541504,24340,islandpath_dimob
NC_011770.1,4545251,4560234,14983,islandpath_dimob
NC_011770.1,4949259,4970495,21236,islandpath_dimob
NC_009656.1,72850,116391,43541,islandpath_dimob
NC_009656.1,478994,490081,11087,islandpath_dimob
NC_009656.1,681892,692458,10566,islandpath_dimob
NC_009656.1,2426106,2429554,3448,islandpath_dimob
NC_009656.1,3131705,3148311,16606,islandpath_dimob
NC_009656.1,3858973,3882648,23675,islandpath_dimob
NC_009656.1,4558438,4573634,15196,islandpath_dimob
NC_012660.1,1602822,1612632,9810,islandpath_dimob
NC_012660.1,2047798,2064177,16379,islandpath_dimob
NC_012660.1,2073587,2096442,22855,islandpath_dimob
NC_012660.1,2692648,2736364,43716,islandpath_dimob
NC_012660.1,5574820,5598320,23500,islandpath_dimob
NC_012660.1,5817889,5833363,15474,islandpath_dimob
NC_002516.2,783009,792993,9984,islandpath_dimob
NC_002516.2,1060510,1080015,19505,islandpath_dimob
NC_002516.2,1480215,1495492,15277,islandpath_dimob
NC_008463.1,1192617,1198694,6077,islandpath_dimob
NC_008463.1,1306410,1315988,9578,islandpath_dimob
NC_008463.1,2474142,2480274,6132,islandpath_dimob
NC_008463.1,2679709,2717738,38029,islandpath_dimob
NC_008463.1,4345187,4360276,15089,islandpath_dimob
NC_008463.1,4584990,4588149,3159,islandpath_dimob
NC_008463.1,4748020,4760960,12940,islandpath_dimob
NC_008463.1,5301173,5308776,7603,islandpath_dimob
NC_015379.1,955571,971106,15535,islandpath_dimob
NC_015379.1,2597502,2603388,5886,islandpath_dimob
NC_015379.1,4641049,4672941,31892,islandpath_dimob
NC_015379.1,4683413,4707299,23886,islandpath_dimob
NC_015556.1,132943,151349,18406,islandpath_dimob
NC_015556.1,1700560,1710067,9507,islandpath_dimob
NC_008027.1,1847040,1860783,13743,islandpath_dimob
NC_008027.1,2337757,2346018,8261,islandpath_dimob
NC_008027.1,2959419,2969223,9804,islandpath_dimob
NC_009439.1,447981,476462,28481,islandpath_dimob
NC_009439.1,1707194,1714287,7093,islandpath_dimob
NC_009439.1,2053569,2061886,8317,islandpath_dimob
NC_009439.1,2338357,2351016,12659,islandpath_dimob
NC_009439.1,2475278,2488413,13135,islandpath_dimob
NC_009439.1,3401123,3410769,9646,islandpath_dimob
NC_009439.1,3783970,3791930,7960,islandpath_dimob
NC_009439.1,4508540,4514903,6363,islandpath_dimob
NC_009439.1,4919837,4931695,11858,islandpath_dimob
NC_015410.1,1202370,1221455,19085,islandpath_dimob
NC_015410.1,2263943,2278264,14321,islandpath_dimob
NC_015410.1,2358022,2408289,50267,islandpath_dimob
NC_015410.1,2703924,2730145,26221,islandpath_dimob
NC_004129.6,3459381,3481650,22269,islandpath_dimob
NC_004129.6,4373055,4394821,21766,islandpath_dimob
NC_004129.6,5491834,5506765,14931,islandpath_dimob
NC_004129.6,5728657,5747340,18683,islandpath_dimob
NC_010322.1,2725,22610,19885,islandpath_dimob
NC_010322.1,589425,607980,18555,islandpath_dimob
NC_010322.1,770668,779192,8524,islandpath_dimob
NC_010322.1,3323054,3353258,30204,islandpath_dimob
NC_010322.1,3856196,3871148,14952,islandpath_dimob
NC_010322.1,3879960,3889702,9742,islandpath_dimob
NC_010322.1,4630073,4676314,46241,islandpath_dimob
NC_010322.1,5300976,5321141,20165,islandpath_dimob
NC_010322.1,5351227,5392555,41328,islandpath_dimob
NC_009512.1,3062,21828,18766,islandpath_dimob
NC_009512.1,474365,485875,11510,islandpath_dimob
NC_009512.1,1536247,1543673,7426,islandpath_dimob
NC_009512.1,4397985,4406953,8968,islandpath_dimob
NC_009512.1,4601481,4629459,27978,islandpath_dimob
NC_009512.1,4632889,4643479,10590,islandpath_dimob
NC_009512.1,5655278,5677034,21756,islandpath_dimob
NC_015733.1,147536,176869,29333,islandpath_dimob
NC_015733.1,446389,461971,15582,islandpath_dimob
NC_015733.1,722170,739623,17453,islandpath_dimob
NC_015733.1,1181525,1200585,19060,islandpath_dimob
NC_015733.1,1404817,1416247,11430,islandpath_dimob
NC_015733.1,2695220,2708780,13560,islandpath_dimob
NC_015733.1,3742800,3764267,21467,islandpath_dimob
NC_015733.1,4090420,4110570,20150,islandpath_dimob
NC_015733.1,4140692,4159813,19121,islandpath_dimob
NC_015733.1,4578794,4617175,38381,islandpath_dimob
NC_015733.1,5957188,5972102,14914,islandpath_dimob
NC_010501.1,3081,21848,18767,islandpath_dimob
NC_010501.1,745875,761442,15567,islandpath_dimob
NC_010501.1,2613636,2619109,5473,islandpath_dimob
NC_010501.1,2805870,2840244,34374,islandpath_dimob
NC_010501.1,4386482,4394891,8409,islandpath_dimob
NC_010501.1,4990419,5011046,20627,islandpath_dimob
NC_010501.1,5735449,5753604,18155,islandpath_dimob
NC_009434.1,655454,739348,83894,islandpath_dimob
NC_009434.1,755223,767394,12171,islandpath_dimob
NC_009434.1,800276,813631,13355,islandpath_dimob
NC_009434.1,1158139,1168371,10232,islandpath_dimob
NC_009434.1,3433209,3452655,19446,islandpath_dimob
NC_009434.1,3483485,3498602,15117,islandpath_dimob
NC_009434.1,3654356,3678955,24599,islandpath_dimob
NC_009434.1,3694577,3706643,12066,islandpath_dimob
NC_009434.1,3707589,3754760,47171,islandpath_dimob
NC_005773.3,108096,139919,31823,islandpath_dimob
NC_005773.3,208966,223280,14314,islandpath_dimob
NC_005773.3,714330,740140,25810,islandpath_dimob
NC_005773.3,871622,923478,51856,islandpath_dimob
NC_005773.3,1340646,1350198,9552,islandpath_dimob
NC_005773.3,2185682,2204349,18667,islandpath_dimob
NC_005773.3,2645116,2655588,10472,islandpath_dimob
NC_005773.3,3225566,3238853,13287,islandpath_dimob
NC_005773.3,3855582,3868304,12722,islandpath_dimob
NC_005773.3,4290066,4300941,10875,islandpath_dimob
NC_005773.3,4801653,4820942,19289,islandpath_dimob
NC_005773.3,4899816,4920156,20340,islandpath_dimob
NC_005773.3,5169701,5191134,21433,islandpath_dimob
NC_005773.3,5641595,5665794,24199,islandpath_dimob
NC_015740.1,147677,165758,18081,islandpath_dimob
NC_015740.1,1833268,1854208,20940,islandpath_dimob
NC_015740.1,2405763,2437627,31864,islandpath_dimob
NC_015740.1,2618825,2635574,16749,islandpath_dimob
NC_015740.1,2976452,2999333,22881,islandpath_dimob
NC_015740.1,3488487,3503659,15172,islandpath_dimob
NC_015740.1,3628476,3710544,82068,islandpath_dimob
NC_015740.1,4504868,4516668,11800,islandpath_dimob
NC_007005.1,102358,126362,24004,islandpath_dimob
NC_007005.1,842575,857875,15300,islandpath_dimob
NC_007005.1,1643627,1675573,31946,islandpath_dimob
NC_007005.1,3405489,3413093,7604,islandpath_dimob
NC_007005.1,3418796,3426734,7938,islandpath_dimob
NC_007005.1,3958098,3969597,11499,islandpath_dimob
NC_007005.1,4522205,4554107,31902,islandpath_dimob
NC_007005.1,5508664,5517946,9282,islandpath_dimob
NC_009524.1,223321,232729,9408,islandpath_dimob
NC_009524.1,308231,319437,11206,islandpath_dimob
NC_009524.1,843368,858573,15205,islandpath_dimob
NC_009524.1,864730,873581,8851,islandpath_dimob
NC_009524.1,1215178,1238486,23308,islandpath_dimob
NC_009524.1,1254202,1277043,22841,islandpath_dimob
NC_009524.1,1645169,1680211,35042,islandpath_dimob
NC_009524.1,2405289,2430067,24778,islandpath_dimob
NC_014924.1,1705407,1721126,15719,islandpath_dimob
NC_014924.1,2114343,2132135,17792,islandpath_dimob
NC_014924.1,3068653,3081799,13146,islandpath_dimob
NC_007204.1,14993,24554,9561,islandpath_dimob
NC_007204.1,516806,526065,9259,islandpath_dimob
NC_007204.1,756847,795787,38940,islandpath_dimob
NC_007204.1,1178976,1198674,19698,islandpath_dimob
NC_007204.1,1655016,1677429,22413,islandpath_dimob
NC_007204.1,2187429,2197226,9797,islandpath_dimob
NC_007969.1,723132,754765,31633,islandpath_dimob
NC_007969.1,1075213,1149378,74165,islandpath_dimob
NC_007969.1,1637246,1644086,6840,islandpath_dimob
NC_007969.1,1967118,1988085,20967,islandpath_dimob
NC_007969.1,2214193,2221519,7326,islandpath_dimob
NC_007969.1,2880689,2918374,37685,islandpath_dimob
NC_004578.1,3039,44310,41271,islandpath_dimob
NC_004578.1,217450,235525,18075,islandpath_dimob
NC_004578.1,317786,323856,6070,islandpath_dimob
NC_004578.1,574042,586021,11979,islandpath_dimob
NC_004578.1,1545896,1551773,5877,islandpath_dimob
NC_004578.1,2450057,2481195,31138,islandpath_dimob
NC_004578.1,2674609,2689505,14896,islandpath_dimob
NC_004578.1,3195189,3219619,24430,islandpath_dimob
NC_004578.1,3823856,3833702,9846,islandpath_dimob
NC_004578.1,4440165,4454333,14168,islandpath_dimob
NC_004578.1,4517028,4527565,10537,islandpath_dimob
NC_004578.1,4798233,4816423,18190,islandpath_dimob
NC_004578.1,5050151,5061975,11824,islandpath_dimob
NC_004578.1,5329495,5338134,8639,islandpath_dimob
NC_004578.1,5342748,5396704,53956,islandpath_dimob
NC_004578.1,5922182,5936459,14277,islandpath_dimob
NC_004578.1,6074827,6083987,9160,islandpath_dimob
NC_004578.1,6170208,6178196,7988,islandpath_dimob
NC_008709.1,16153,22966,6813,islandpath_dimob
NC_008709.1,977598,988894,11296,islandpath_dimob
NC_008709.1,1902497,1914169,11672,islandpath_dimob
NC_008709.1,3623599,3638923,15324,islandpath_dimob
NC_008709.1,3821581,3838201,16620,islandpath_dimob
NC_003364.1,1902925,1917500,14575,islandpath_dimob
NC_003364.1,2116048,2128833,12785,islandpath_dimob
NC_015458.1,662469,686055,23586,islandpath_dimob
NC_015458.1,984488,1011959,27471,islandpath_dimob
NC_015458.1,1924006,1935585,11579,islandpath_dimob
NC_015458.1,2342545,2398655,56110,islandpath_dimob
NC_015458.1,2627049,2640283,13234,islandpath_dimob
NC_015458.1,2879619,2902333,22714,islandpath_dimob
NC_015458.1,2988453,3009152,20699,islandpath_dimob
NC_015458.1,3319869,3345363,25494,islandpath_dimob
NC_015458.1,3349204,3362228,13024,islandpath_dimob
NC_015312.1,12174,29904,17730,islandpath_dimob
NC_015312.1,32508,73442,40934,islandpath_dimob
NC_015312.1,344917,364399,19482,islandpath_dimob
NC_015312.1,912190,925340,13150,islandpath_dimob
NC_015312.1,1191633,1207817,16184,islandpath_dimob
NC_015312.1,1279632,1385241,105609,islandpath_dimob
NC_015312.1,2533830,2556718,22888,islandpath_dimob
NC_015312.1,3472578,3480884,8306,islandpath_dimob
NC_015312.1,3680116,3717266,37150,islandpath_dimob
NC_015312.1,4660431,4679082,18651,islandpath_dimob
NC_015312.1,4716784,4722873,6089,islandpath_dimob
NC_015312.1,5212565,5225126,12561,islandpath_dimob
NC_015312.1,6398931,6413868,14937,islandpath_dimob
NC_015312.1,6424597,6441703,17106,islandpath_dimob
NC_015312.1,6718608,6725758,7150,islandpath_dimob
NC_008701.1,1155438,1164317,8879,islandpath_dimob
NC_008701.1,1271484,1286281,14797,islandpath_dimob
NC_008701.1,1342714,1359081,16367,islandpath_dimob
NC_008701.1,1395324,1402371,7047,islandpath_dimob
NC_008701.1,1667991,1675754,7763,islandpath_dimob
NC_009073.1,1787741,1794705,6964,islandpath_dimob
NC_015474.1,442530,448203,5673,islandpath_dimob
NC_015474.1,521722,528943,7221,islandpath_dimob
NC_015474.1,953774,960428,6654,islandpath_dimob
NC_000868.1,387984,402344,14360,islandpath_dimob
NC_000868.1,791043,796435,5392,islandpath_dimob
NC_003413.1,753017,757328,4311,islandpath_dimob
NC_003413.1,793480,797838,4358,islandpath_dimob
NC_003413.1,1833103,1843556,10453,islandpath_dimob
NC_000961.1,365272,375700,10428,islandpath_dimob
NC_000961.1,1061480,1066943,5463,islandpath_dimob
NC_015680.1,32347,37739,5392,islandpath_dimob
NC_015680.1,377786,383862,6076,islandpath_dimob
NC_015680.1,1238311,1254202,15891,islandpath_dimob
NC_015680.1,1322704,1342615,19911,islandpath_dimob
NC_015680.1,1655845,1663185,7340,islandpath_dimob
NC_008314.1,2688816,2712109,23293,islandpath_dimob
NC_010678.1,19004,29041,10037,islandpath_dimob
NC_010678.1,58473,70097,11624,islandpath_dimob
NC_010678.1,903743,929176,25433,islandpath_dimob
NC_015061.1,356107,369845,13738,islandpath_dimob
NC_015061.1,600390,620051,19661,islandpath_dimob
NC_015061.1,1256448,1272180,15732,islandpath_dimob
NC_015061.1,1603250,1618711,15461,islandpath_dimob
NC_015061.1,2711781,2720750,8969,islandpath_dimob
NC_015061.1,2771836,2785647,13811,islandpath_dimob
NC_015061.1,2933187,2954570,21383,islandpath_dimob
NC_015061.1,3118554,3132452,13898,islandpath_dimob
NC_015061.1,3868236,3903891,35655,islandpath_dimob
NC_007348.1,2108093,2135640,27547,islandpath_dimob
NC_008313.1,890926,904790,13864,islandpath_dimob
NC_008313.1,965025,974909,9884,islandpath_dimob
NC_008313.1,2687223,2709855,22632,islandpath_dimob
NC_007347.1,3726,25001,21275,islandpath_dimob
NC_007347.1,3618690,3629255,10565,islandpath_dimob
NC_014307.1,2308470,2318345,9875,islandpath_dimob
NC_014307.1,2766483,2783864,17381,islandpath_dimob
NC_010682.1,490598,497787,7189,islandpath_dimob
NC_010682.1,1187310,1197116,9806,islandpath_dimob
NC_010682.1,1229700,1241098,11398,islandpath_dimob
NC_010682.1,1596433,1624988,28555,islandpath_dimob
NC_010682.1,1658054,1674330,16276,islandpath_dimob
NC_010682.1,1766121,1782646,16525,islandpath_dimob
NC_010682.1,2179151,2182491,3340,islandpath_dimob
NC_010682.1,2648200,2656480,8280,islandpath_dimob
NC_010682.1,3038911,3054721,15810,islandpath_dimob
NC_003295.1,266542,285122,18580,islandpath_dimob
NC_003295.1,860213,876754,16541,islandpath_dimob
NC_003295.1,1538427,1542938,4511,islandpath_dimob
NC_003295.1,1592504,1605757,13253,islandpath_dimob
NC_003295.1,1818878,1833375,14497,islandpath_dimob
NC_003295.1,2111730,2125720,13990,islandpath_dimob
NC_010168.1,107480,115549,8069,islandpath_dimob
NC_010168.1,492112,497433,5321,islandpath_dimob
NC_010168.1,508268,516061,7793,islandpath_dimob
NC_010168.1,621712,632377,10665,islandpath_dimob
NC_010168.1,708441,716491,8050,islandpath_dimob
NC_010168.1,829497,836468,6971,islandpath_dimob
NC_010168.1,1142208,1150390,8182,islandpath_dimob
NC_010168.1,1165799,1170001,4202,islandpath_dimob
NC_010168.1,1397874,1408420,10546,islandpath_dimob
NC_010168.1,1430897,1435741,4844,islandpath_dimob
NC_010168.1,1474169,1484682,10513,islandpath_dimob
NC_010168.1,1922343,1951909,29566,islandpath_dimob
NC_010168.1,2198907,2202656,3749,islandpath_dimob
NC_010168.1,2343862,2357264,13402,islandpath_dimob
NC_010168.1,2494210,2506776,12566,islandpath_dimob
NC_010168.1,2559940,2567976,8036,islandpath_dimob
NC_010168.1,2963621,2970763,7142,islandpath_dimob
NC_010168.1,3012106,3018393,6287,islandpath_dimob
NC_015677.1,3979638,3989357,9719,islandpath_dimob
NC_012587.1,629237,647865,18628,islandpath_dimob
NC_012587.1,1185301,1218069,32768,islandpath_dimob
NC_012587.1,1638173,1655049,16876,islandpath_dimob
NC_012587.1,1706367,1712894,6527,islandpath_dimob
NC_012587.1,2391383,2405081,13698,islandpath_dimob
NC_007494.1,723944,737160,13216,islandpath_dimob
NC_007761.1,785919,815843,29924,islandpath_dimob
NC_007761.1,2046568,2112908,66340,islandpath_dimob
NC_010994.1,596175,603390,7215,islandpath_dimob
NC_007493.1,215064,229655,14591,islandpath_dimob
NC_007493.1,1920763,1945901,25138,islandpath_dimob
NC_007493.1,2343421,2355188,11767,islandpath_dimob
NC_009050.1,210364,240041,29677,islandpath_dimob
NC_009050.1,253793,290735,36942,islandpath_dimob
NC_009050.1,396172,402914,6742,islandpath_dimob
NC_011369.1,690187,705702,15515,islandpath_dimob
NC_011369.1,4394541,4427592,33051,islandpath_dimob
NC_008380.1,851456,899517,48061,islandpath_dimob
NC_008380.1,901614,908840,7226,islandpath_dimob
NC_008380.1,1963055,2002976,39921,islandpath_dimob
NC_008380.1,2233156,2269400,36244,islandpath_dimob
NC_008380.1,4966590,4982860,16270,islandpath_dimob
NC_011958.1,719828,725863,6035,islandpath_dimob
NC_011958.1,755097,780661,25564,islandpath_dimob
NC_009428.1,109519,117083,7564,islandpath_dimob
NC_009428.1,305315,312632,7317,islandpath_dimob
NC_009428.1,730078,743935,13857,islandpath_dimob
NC_009428.1,750038,789577,39539,islandpath_dimob
NC_009428.1,807577,821716,14139,islandpath_dimob
NC_009428.1,839115,848905,9790,islandpath_dimob
NC_009428.1,1302674,1316123,13449,islandpath_dimob
NC_009428.1,1444850,1458658,13808,islandpath_dimob
NC_009428.1,1857250,1869322,12072,islandpath_dimob
NC_009428.1,2156742,2165852,9110,islandpath_dimob
NC_009049.1,623660,638686,15026,islandpath_dimob
NC_009049.1,1937182,1977714,40532,islandpath_dimob
NC_011963.1,332553,346669,14116,islandpath_dimob
NC_011963.1,367096,373722,6626,islandpath_dimob
NC_011963.1,1500924,1511976,11052,islandpath_dimob
NC_011963.1,1977900,1983257,5357,islandpath_dimob
NC_007908.1,1023985,1055022,31037,islandpath_dimob
NC_007908.1,1113648,1126254,12606,islandpath_dimob
NC_007908.1,1243146,1268018,24872,islandpath_dimob
NC_007908.1,1269396,1297880,28484,islandpath_dimob
NC_007908.1,2678143,2683306,5163,islandpath_dimob
NC_007908.1,2776630,2782601,5971,islandpath_dimob
NC_007908.1,2917440,2929638,12198,islandpath_dimob
NC_007908.1,3155249,3161899,6650,islandpath_dimob
NC_007908.1,4056678,4065084,8406,islandpath_dimob
NC_007908.1,4684754,4694995,10241,islandpath_dimob
NC_008435.1,576739,584557,7818,islandpath_dimob
NC_008435.1,607064,622484,15420,islandpath_dimob
NC_008435.1,1254880,1276400,21520,islandpath_dimob
NC_008435.1,1753365,1762158,8793,islandpath_dimob
NC_008435.1,2372063,2415149,43086,islandpath_dimob
NC_008435.1,2651952,2674907,22955,islandpath_dimob
NC_008435.1,2678844,2758286,79442,islandpath_dimob
NC_008435.1,4418076,4425695,7619,islandpath_dimob
NC_012490.1,35435,60306,24871,islandpath_dimob
NC_012490.1,1725773,1740229,14456,islandpath_dimob
NC_012490.1,2071821,2084461,12640,islandpath_dimob
NC_012490.1,2482186,2488147,5961,islandpath_dimob
NC_012490.1,2664268,2738353,74085,islandpath_dimob
NC_012490.1,3074295,3114694,40399,islandpath_dimob
NC_012490.1,4415718,4434536,18818,islandpath_dimob
NC_012490.1,4934398,4951649,17251,islandpath_dimob
NC_005296.1,850515,859069,8554,islandpath_dimob
NC_005296.1,1403337,1414743,11406,islandpath_dimob
NC_005296.1,2119814,2145041,25227,islandpath_dimob
NC_005296.1,3372218,3380197,7979,islandpath_dimob
NC_005296.1,4034096,4048295,14199,islandpath_dimob
NC_005296.1,5115658,5130200,14542,islandpath_dimob
NC_008268.1,113149,125984,12835,islandpath_dimob
NC_008268.1,536990,548618,11628,islandpath_dimob
NC_008268.1,676432,684031,7599,islandpath_dimob
NC_008268.1,735046,752621,17575,islandpath_dimob
NC_008268.1,797107,809843,12736,islandpath_dimob
NC_008268.1,1752665,1775522,22857,islandpath_dimob
NC_008268.1,2211675,2217663,5988,islandpath_dimob
NC_008268.1,3169051,3179508,10457,islandpath_dimob
NC_008268.1,3281874,3291519,9645,islandpath_dimob
NC_008268.1,3341134,3351932,10798,islandpath_dimob
NC_008268.1,3355615,3376747,21132,islandpath_dimob
NC_008268.1,3423885,3432070,8185,islandpath_dimob
NC_008268.1,5564370,5570772,6402,islandpath_dimob
NC_008268.1,6740749,6748650,7901,islandpath_dimob
NC_008268.1,7053905,7066598,12693,islandpath_dimob
NC_008268.1,7070733,7078379,7646,islandpath_dimob
NC_008268.1,7580901,7592271,11370,islandpath_dimob
NC_008268.1,7728630,7736171,7541,islandpath_dimob
NC_008268.1,7768652,7775912,7260,islandpath_dimob
NC_007925.1,701738,710527,8789,islandpath_dimob
NC_007925.1,853676,866323,12647,islandpath_dimob
NC_007925.1,3317711,3385853,68142,islandpath_dimob
NC_007925.1,4060635,4077873,17238,islandpath_dimob
NC_007925.1,4357953,4393760,35807,islandpath_dimob
NC_007925.1,4508164,4518621,10457,islandpath_dimob
NC_007958.1,831935,853887,21952,islandpath_dimob
NC_007958.1,2363594,2438936,75342,islandpath_dimob
NC_007958.1,2538801,2557174,18373,islandpath_dimob
NC_007958.1,4049364,4091076,41712,islandpath_dimob
NC_007958.1,4369058,4389859,20801,islandpath_dimob
NC_011004.1,1126992,1215555,88563,islandpath_dimob
NC_011004.1,1580829,1591204,10375,islandpath_dimob
NC_011004.1,1656794,1678484,21690,islandpath_dimob
NC_011004.1,3287325,3294084,6759,islandpath_dimob
NC_011004.1,4055885,4103547,47662,islandpath_dimob
NC_011004.1,4274434,4285559,11125,islandpath_dimob
NC_005027.1,15460,21127,5667,islandpath_dimob
NC_005027.1,602343,608435,6092,islandpath_dimob
NC_005027.1,609661,613703,4042,islandpath_dimob
NC_005027.1,1287335,1304906,17571,islandpath_dimob
NC_005027.1,2233917,2240206,6289,islandpath_dimob
NC_005027.1,3149031,3155358,6327,islandpath_dimob
NC_005027.1,3232622,3237976,5354,islandpath_dimob
NC_005027.1,3951505,3956351,4846,islandpath_dimob
NC_005027.1,6125444,6130220,4776,islandpath_dimob
NC_005027.1,6131652,6155692,24040,islandpath_dimob
NC_005027.1,6329316,6362240,32924,islandpath_dimob
NC_005027.1,7078691,7087710,9019,islandpath_dimob
NC_007778.1,1057231,1074579,17348,islandpath_dimob
NC_007778.1,1839424,1874226,34802,islandpath_dimob
NC_007778.1,2882450,2914745,32295,islandpath_dimob
NC_007778.1,3467309,3505351,38042,islandpath_dimob
NC_007778.1,3972609,3989785,17176,islandpath_dimob
NC_007778.1,5105694,5118161,12467,islandpath_dimob
NC_009881.1,124078,127080,3002,islandpath_dimob
NC_009881.1,393606,398338,4732,islandpath_dimob
NC_009881.1,763779,769331,5552,islandpath_dimob
NC_009879.1,1070634,1092914,22280,islandpath_dimob
NC_009883.1,1047527,1055291,7764,islandpath_dimob
NC_009883.1,1120320,1125764,5444,islandpath_dimob
NC_009883.1,1324895,1340026,15131,islandpath_dimob
NC_009883.1,1407013,1412150,5137,islandpath_dimob
NC_007940.1,208113,213265,5152,islandpath_dimob
NC_007940.1,456093,486578,30485,islandpath_dimob
NC_007940.1,1350467,1370032,19565,islandpath_dimob
NC_015966.1,1577781,1582327,4546,islandpath_dimob
NC_015966.1,2174206,2180572,6366,islandpath_dimob
NC_015966.1,2263976,2291198,27222,islandpath_dimob
NC_007109.1,319208,337395,18187,islandpath_dimob
NC_007109.1,398471,420532,22061,islandpath_dimob
NC_007109.1,976393,993889,17496,islandpath_dimob
NC_015866.1,703982,707714,3732,islandpath_dimob
NC_009900.1,703556,764234,60678,islandpath_dimob
NC_009900.1,955637,966828,11191,islandpath_dimob
NC_007643.1,973938,981182,7244,islandpath_dimob
NC_007643.1,3030546,3045583,15037,islandpath_dimob
NC_007643.1,3804260,3829936,25676,islandpath_dimob
NC_007643.1,4283765,4293284,9519,islandpath_dimob
NC_009882.1,693256,699036,5780,islandpath_dimob
NC_015977.1,336247,352207,15960,islandpath_dimob
NC_015977.1,370247,380194,9947,islandpath_dimob
NC_015977.1,382135,421174,39039,islandpath_dimob
NC_015977.1,432181,465865,33684,islandpath_dimob
NC_015977.1,2240977,2262262,21285,islandpath_dimob
NC_015977.1,2275682,2285898,10216,islandpath_dimob
NC_015977.1,2317932,2357075,39143,islandpath_dimob
NC_015977.1,2396252,2407000,10748,islandpath_dimob
NC_015977.1,2637716,2657189,19473,islandpath_dimob
NC_015977.1,2923087,2935993,12906,islandpath_dimob
NC_015977.1,2944907,2974047,29140,islandpath_dimob
NC_015977.1,3019884,3032137,12253,islandpath_dimob
NC_015977.1,3222212,3245053,22841,islandpath_dimob
NC_015977.1,3254383,3262847,8464,islandpath_dimob
NC_015977.1,3293111,3312549,19438,islandpath_dimob
NC_015977.1,3322559,3337507,14948,islandpath_dimob
NC_015977.1,3429807,3469824,40017,islandpath_dimob
NC_015977.1,3471184,3489861,18677,islandpath_dimob
NC_015977.1,3507521,3519568,12047,islandpath_dimob
NC_008209.1,254846,259518,4672,islandpath_dimob
NC_008209.1,764583,796625,32042,islandpath_dimob
NC_008209.1,1069311,1112258,42947,islandpath_dimob
NC_008209.1,2130698,2143024,12326,islandpath_dimob
NC_008209.1,3307637,3336483,28846,islandpath_dimob
NC_008209.1,3895329,3923822,28493,islandpath_dimob
NC_015730.1,44075,71437,27362,islandpath_dimob
NC_015730.1,704154,715821,11667,islandpath_dimob
NC_015730.1,1113823,1149417,35594,islandpath_dimob
NC_015730.1,1804890,1817188,12298,islandpath_dimob
NC_015730.1,1921336,1947130,25794,islandpath_dimob
NC_015730.1,2101118,2118297,17179,islandpath_dimob
NC_015730.1,2323820,2338428,14608,islandpath_dimob
NC_015730.1,2903986,2933449,29463,islandpath_dimob
NC_015730.1,2938289,2942676,4387,islandpath_dimob
NC_015730.1,3389940,3401291,11351,islandpath_dimob
NC_015730.1,3666140,3718772,52632,islandpath_dimob
NC_015730.1,3850757,3860267,9510,islandpath_dimob
NC_015730.1,4404604,4417874,13270,islandpath_dimob
NC_015730.1,4452150,4467678,15528,islandpath_dimob
NC_009767.1,809530,821904,12374,islandpath_dimob
NC_009767.1,1317209,1330565,13356,islandpath_dimob
NC_009523.1,3923858,3934517,10659,islandpath_dimob
NC_008044.1,1387732,1417928,30196,islandpath_dimob
NC_008148.1,1874060,1889903,15843,islandpath_dimob
NC_008148.1,2232821,2251955,19134,islandpath_dimob
NC_008148.1,2505226,2541963,36737,islandpath_dimob
NC_008148.1,3034169,3047738,13569,islandpath_dimob
NC_008148.1,3070900,3076712,5812,islandpath_dimob
NC_014833.1,150712,160382,9670,islandpath_dimob
NC_014833.1,598002,607079,9077,islandpath_dimob
NC_014833.1,751710,762725,11015,islandpath_dimob
NC_014833.1,765364,775924,10560,islandpath_dimob
NC_014833.1,843804,852429,8625,islandpath_dimob
NC_014833.1,928358,936769,8411,islandpath_dimob
NC_014833.1,1260297,1282768,22471,islandpath_dimob
NC_014833.1,1310199,1321438,11239,islandpath_dimob
NC_014833.1,1557693,1571958,14265,islandpath_dimob
NC_014833.1,1682471,1696152,13681,islandpath_dimob
NC_014833.1,2228755,2243158,14403,islandpath_dimob
NC_014833.1,2530318,2542700,12382,islandpath_dimob
NC_014833.1,2581950,2615914,33964,islandpath_dimob
NC_014833.1,2815947,2826611,10664,islandpath_dimob
NC_014833.1,3039739,3060243,20504,islandpath_dimob
NC_014833.1,3209090,3216012,6922,islandpath_dimob
NC_003911.11,483607,503432,19825,islandpath_dimob
NC_003911.11,641833,654013,12180,islandpath_dimob
NC_003911.11,1081210,1107015,25805,islandpath_dimob
NC_003911.11,1272318,1310963,38645,islandpath_dimob
NC_003911.11,2043404,2057929,14525,islandpath_dimob
NC_003911.11,2866564,2932926,66362,islandpath_dimob
NC_003911.11,3871988,3884751,12763,islandpath_dimob
NC_007677.1,241846,269788,27942,islandpath_dimob
NC_007677.1,288749,315058,26309,islandpath_dimob
NC_007677.1,768344,788597,20253,islandpath_dimob
NC_007677.1,797148,833666,36518,islandpath_dimob
NC_007677.1,1131729,1145556,13827,islandpath_dimob
NC_015703.1,1437296,1449766,12470,islandpath_dimob
NC_015703.1,3464170,3493734,29564,islandpath_dimob
NC_015703.1,3844941,3857193,12252,islandpath_dimob
NC_015703.1,3885248,3902668,17420,islandpath_dimob
NC_015703.1,4533486,4566453,32967,islandpath_dimob
NC_015703.1,4937552,4976310,38758,islandpath_dimob
NC_015703.1,5010521,5036757,26236,islandpath_dimob
NC_015703.1,5652271,5661428,9157,islandpath_dimob
NC_015703.1,5870838,5901347,30509,islandpath_dimob
NC_007912.1,231817,278180,46363,islandpath_dimob
NC_007912.1,2309664,2337950,28286,islandpath_dimob
NC_007912.1,2424122,2477132,53010,islandpath_dimob
NC_007912.1,2953774,2973606,19832,islandpath_dimob
NC_007912.1,3928010,3951917,23907,islandpath_dimob
NC_009380.1,584162,631102,46940,islandpath_dimob
NC_009380.1,1600296,1631615,31319,islandpath_dimob
NC_009380.1,2241296,2248400,7104,islandpath_dimob
NC_009380.1,2641252,2649143,7891,islandpath_dimob
NC_009380.1,3096728,3103218,6490,islandpath_dimob
NC_009380.1,3322867,3331733,8866,islandpath_dimob
NC_009380.1,4548605,4565093,16488,islandpath_dimob
NC_009953.1,1602609,1611167,8558,islandpath_dimob
NC_009953.1,1815283,1828882,13599,islandpath_dimob
NC_009953.1,2848705,2861190,12485,islandpath_dimob
NC_009953.1,3376434,3391557,15123,islandpath_dimob
NC_009953.1,3430210,3440164,9954,islandpath_dimob
NC_009953.1,3447754,3456662,8908,islandpath_dimob
NC_009953.1,4117060,4132203,15143,islandpath_dimob
NC_009953.1,4248150,4264921,16771,islandpath_dimob
NC_009953.1,4741112,4766759,25647,islandpath_dimob
NC_009953.1,5142742,5153386,10644,islandpath_dimob
NC_009142.1,519500,525913,6413,islandpath_dimob
NC_009142.1,2424289,2439251,14962,islandpath_dimob
NC_009142.1,2732276,2747125,14849,islandpath_dimob
NC_009142.1,2768327,2800074,31747,islandpath_dimob
NC_009142.1,4004670,4013034,8364,islandpath_dimob
NC_009142.1,4043917,4086743,42826,islandpath_dimob
NC_009142.1,5367858,5378916,11058,islandpath_dimob
NC_009142.1,5425763,5437762,11999,islandpath_dimob
NC_009142.1,5511466,5563557,52091,islandpath_dimob
NC_009142.1,5703609,5708126,4517,islandpath_dimob
NC_009142.1,6110620,6233695,123075,islandpath_dimob
NC_011149.1,314557,334007,19450,islandpath_dimob
NC_011149.1,1086220,1092053,5833,islandpath_dimob
NC_011149.1,1112818,1127715,14897,islandpath_dimob
NC_011149.1,1235061,1249275,14214,islandpath_dimob
NC_011149.1,1989050,2032449,43399,islandpath_dimob
NC_011149.1,3101606,3113473,11867,islandpath_dimob
NC_011149.1,4665269,4701710,36441,islandpath_dimob
NC_015761.1,321274,348167,26893,islandpath_dimob
NC_015761.1,1007223,1045587,38364,islandpath_dimob
NC_015761.1,3313310,3337471,24161,islandpath_dimob
NC_010067.1,917378,932552,15174,islandpath_dimob
NC_010067.1,2079914,2087467,7553,islandpath_dimob
NC_010067.1,2494441,2597447,103006,islandpath_dimob
NC_010067.1,3001370,3015636,14266,islandpath_dimob
NC_010067.1,4423009,4434185,11176,islandpath_dimob
NC_010067.1,4517407,4532799,15392,islandpath_dimob
NC_006905.1,371391,415600,44209,islandpath_dimob
NC_006905.1,953021,962377,9356,islandpath_dimob
NC_006905.1,1048942,1054951,6009,islandpath_dimob
NC_006905.1,1082109,1094972,12863,islandpath_dimob
NC_006905.1,1307027,1323933,16906,islandpath_dimob
NC_006905.1,1325337,1348849,23512,islandpath_dimob
NC_006905.1,1967739,1988508,20769,islandpath_dimob
NC_006905.1,2242893,2252930,10037,islandpath_dimob
NC_006905.1,2780922,2792508,11586,islandpath_dimob
NC_006905.1,2861269,2870368,9099,islandpath_dimob
NC_006905.1,3889206,3899741,10535,islandpath_dimob
NC_006905.1,4492725,4501111,8386,islandpath_dimob
NC_011294.1,1102512,1119147,16635,islandpath_dimob
NC_011294.1,2015142,2032015,16873,islandpath_dimob
NC_011294.1,2033864,2089516,55652,islandpath_dimob
NC_011205.1,615591,662355,46764,islandpath_dimob
NC_011205.1,1078187,1088924,10737,islandpath_dimob
NC_011205.1,1225500,1242490,16990,islandpath_dimob
NC_011205.1,1351456,1392989,41533,islandpath_dimob
NC_011205.1,1396231,1415891,19660,islandpath_dimob
NC_011205.1,2141931,2183077,41146,islandpath_dimob
NC_011205.1,2951955,2959989,8034,islandpath_dimob
NC_011205.1,4724613,4736292,11679,islandpath_dimob
NC_011274.1,1125459,1155845,30386,islandpath_dimob
NC_011274.1,1262955,1325825,62870,islandpath_dimob
NC_011274.1,2048453,2079963,31510,islandpath_dimob
NC_011274.1,4211061,4235111,24050,islandpath_dimob
NC_011274.1,4545096,4556772,11676,islandpath_dimob
NC_011083.1,830049,842285,12236,islandpath_dimob
NC_011083.1,1102597,1115647,13050,islandpath_dimob
NC_011083.1,1118822,1143755,24933,islandpath_dimob
NC_011083.1,1514787,1521792,7005,islandpath_dimob
NC_011083.1,1999165,2016943,17778,islandpath_dimob
NC_011083.1,2873907,2887599,13692,islandpath_dimob
NC_011083.1,3166423,3188446,22023,islandpath_dimob
NC_011083.1,3396249,3401307,5058,islandpath_dimob
NC_011083.1,4554080,4620259,66179,islandpath_dimob
NC_011080.1,786239,799327,13088,islandpath_dimob
NC_011080.1,1058714,1070024,11310,islandpath_dimob
NC_011080.1,1074421,1104186,29765,islandpath_dimob
NC_011080.1,1135987,1143289,7302,islandpath_dimob
NC_011080.1,1949725,1973544,23819,islandpath_dimob
NC_011080.1,2733369,2755635,22266,islandpath_dimob
NC_011080.1,2876683,2885756,9073,islandpath_dimob
NC_011080.1,4228763,4234628,5865,islandpath_dimob
NC_011080.1,4707746,4724183,16437,islandpath_dimob
NC_011147.1,2470304,2523118,52814,islandpath_dimob
NC_011147.1,2997072,3010584,13512,islandpath_dimob
NC_011147.1,4457834,4488651,30817,islandpath_dimob
NC_006511.1,2475289,2529038,53749,islandpath_dimob
NC_006511.1,3001413,3014910,13497,islandpath_dimob
NC_006511.1,4462603,4488653,26050,islandpath_dimob
NC_011094.1,598544,699362,100818,islandpath_dimob
NC_011094.1,847428,859625,12197,islandpath_dimob
NC_011094.1,979306,987760,8454,islandpath_dimob
NC_011094.1,1289777,1302648,12871,islandpath_dimob
NC_011094.1,1928700,1947210,18510,islandpath_dimob
NC_011094.1,2151023,2160416,9393,islandpath_dimob
NC_011094.1,3804662,3813491,8829,islandpath_dimob
NC_012125.1,1061420,1073705,12285,islandpath_dimob
NC_012125.1,1206676,1216448,9772,islandpath_dimob
NC_012125.1,1903545,1917992,14447,islandpath_dimob
NC_012125.1,2763777,2774704,10927,islandpath_dimob
NC_012125.1,2843139,2850628,7489,islandpath_dimob
NC_012125.1,4721059,4744358,23299,islandpath_dimob
NC_010102.1,901714,909042,7328,islandpath_dimob
NC_010102.1,1143182,1147036,3854,islandpath_dimob
NC_010102.1,1148836,1167667,18831,islandpath_dimob
NC_010102.1,1826033,1843400,17367,islandpath_dimob
NC_010102.1,2183691,2192717,9026,islandpath_dimob
NC_010102.1,2499483,2503860,4377,islandpath_dimob
NC_010102.1,2868414,2877236,8822,islandpath_dimob
NC_010102.1,3901002,3908869,7867,islandpath_dimob
NC_010102.1,4482424,4581114,98690,islandpath_dimob
NC_004631.1,1189317,1203128,13811,islandpath_dimob
NC_004631.1,1408218,1441766,33548,islandpath_dimob
NC_004631.1,1889939,1896799,6860,islandpath_dimob
NC_004631.1,1958985,1970459,11474,islandpath_dimob
NC_004631.1,2738152,2754628,16476,islandpath_dimob
NC_004631.1,3026629,3047160,20531,islandpath_dimob
NC_004631.1,3505322,3534635,29313,islandpath_dimob
NC_004631.1,4208461,4232184,23723,islandpath_dimob
NC_004631.1,4389128,4463106,73978,islandpath_dimob
NC_004631.1,4466727,4491697,24970,islandpath_dimob
NC_004631.1,4504378,4524245,19867,islandpath_dimob
NC_015437.1,230441,243339,12898,islandpath_dimob
NC_015437.1,702291,715395,13104,islandpath_dimob
NC_015437.1,716956,742766,25810,islandpath_dimob
NC_015437.1,1072403,1101908,29505,islandpath_dimob
NC_015437.1,1502904,1516356,13452,islandpath_dimob
NC_003197.1,781628,794716,13088,islandpath_dimob
NC_003197.1,1098228,1109538,11310,islandpath_dimob
NC_003197.1,2765549,2775609,10060,islandpath_dimob
NC_003197.1,2844427,2865801,21374,islandpath_dimob
NC_003197.1,2869927,2892114,22187,islandpath_dimob
NC_003197.1,3183783,3197290,13507,islandpath_dimob
NC_003197.1,4556468,4563341,6873,islandpath_dimob
NC_015566.1,340137,388023,47886,islandpath_dimob
NC_015566.1,1134831,1151983,17152,islandpath_dimob
NC_015566.1,2045994,2059574,13580,islandpath_dimob
NC_015566.1,2903266,2917938,14672,islandpath_dimob
NC_015566.1,4355922,4380101,24179,islandpath_dimob
NC_015566.1,4999108,5023182,24074,islandpath_dimob
NC_015567.1,340302,388209,47907,islandpath_dimob
NC_015567.1,1135016,1152168,17152,islandpath_dimob
NC_015567.1,2046006,2059586,13580,islandpath_dimob
NC_015567.1,2903142,2917814,14672,islandpath_dimob
NC_015567.1,4355794,4379973,24179,islandpath_dimob
NC_015567.1,4998978,5023052,24074,islandpath_dimob
NC_009832.1,112502,127556,15054,islandpath_dimob
NC_009832.1,239454,247202,7748,islandpath_dimob
NC_009832.1,400801,413646,12845,islandpath_dimob
NC_009832.1,1671188,1684813,13625,islandpath_dimob
NC_009832.1,2215414,2244938,29524,islandpath_dimob
NC_009832.1,3150813,3159097,8284,islandpath_dimob
NC_009832.1,3446785,3454647,7862,islandpath_dimob
NC_009832.1,4559021,4578792,19771,islandpath_dimob
NC_009832.1,5008688,5032097,23409,islandpath_dimob
NC_008321.1,2007095,2040511,33416,islandpath_dimob
NC_008321.1,2279414,2292168,12754,islandpath_dimob
NC_008321.1,2922598,2935558,12960,islandpath_dimob
NC_008321.1,3321967,3333409,11442,islandpath_dimob
NC_008577.1,1457124,1503399,46275,islandpath_dimob
NC_008577.1,2125453,2143714,18261,islandpath_dimob
NC_008577.1,2510700,2535403,24703,islandpath_dimob
NC_008577.1,3142399,3151272,8873,islandpath_dimob
NC_008322.1,381575,390756,9181,islandpath_dimob
NC_008322.1,1174692,1208245,33553,islandpath_dimob
NC_008322.1,2083605,2123874,40269,islandpath_dimob
NC_008322.1,4610554,4622181,11627,islandpath_dimob
NC_008750.1,365401,377533,12132,islandpath_dimob
NC_008750.1,471118,477924,6806,islandpath_dimob
NC_008750.1,1227475,1265513,38038,islandpath_dimob
NC_008750.1,1267824,1290717,22893,islandpath_dimob
NC_008750.1,2336904,2344970,8066,islandpath_dimob
NC_008750.1,2346735,2354776,8041,islandpath_dimob
NC_008750.1,2538570,2555063,16493,islandpath_dimob
NC_008750.1,2821014,2852551,31537,islandpath_dimob
NC_008750.1,2865005,2872538,7533,islandpath_dimob
NC_008750.1,2984384,3007446,23062,islandpath_dimob
NC_008750.1,3660143,3665144,5001,islandpath_dimob
NC_008750.1,4254170,4271356,17186,islandpath_dimob
NC_008750.1,4676438,4701168,24730,islandpath_dimob
NC_008700.1,734874,748385,13511,islandpath_dimob
NC_008700.1,4089221,4102448,13227,islandpath_dimob
NC_009052.1,916701,925341,8640,islandpath_dimob
NC_009052.1,1218350,1228935,10585,islandpath_dimob
NC_009052.1,1836861,1861853,24992,islandpath_dimob
NC_009052.1,2247144,2267100,19956,islandpath_dimob
NC_009052.1,2527424,2542473,15049,islandpath_dimob
NC_009052.1,2691659,2703075,11416,islandpath_dimob
NC_009052.1,3103017,3118253,15236,islandpath_dimob
NC_009052.1,3670218,3681103,10885,islandpath_dimob
NC_009052.1,4121266,4140258,18992,islandpath_dimob
NC_009052.1,4209560,4224273,14713,islandpath_dimob
NC_009052.1,4640837,4652355,11518,islandpath_dimob
NC_009052.1,5040752,5047685,6933,islandpath_dimob
NC_009052.1,5049837,5060748,10911,islandpath_dimob
NC_009052.1,5094091,5103467,9376,islandpath_dimob
NC_009665.1,642271,668729,26458,islandpath_dimob
NC_009665.1,2211360,2245250,33890,islandpath_dimob
NC_009665.1,2342360,2347991,5631,islandpath_dimob
NC_009665.1,2599332,2607182,7850,islandpath_dimob
NC_009665.1,3052812,3060517,7705,islandpath_dimob
NC_009665.1,3869904,3894928,25024,islandpath_dimob
NC_009997.1,676559,703046,26487,islandpath_dimob
NC_009997.1,715701,754796,39095,islandpath_dimob
NC_009997.1,993046,1010741,17695,islandpath_dimob
NC_009997.1,2073385,2087320,13935,islandpath_dimob
NC_009997.1,2344788,2382177,37389,islandpath_dimob
NC_009997.1,2642361,2659874,17513,islandpath_dimob
NC_009997.1,2664740,2678890,14150,islandpath_dimob
NC_009997.1,2705611,2712329,6718,islandpath_dimob
NC_009997.1,3644447,3650129,5682,islandpath_dimob
NC_009997.1,4108850,4114156,5306,islandpath_dimob
NC_009997.1,5211991,5224040,12049,islandpath_dimob
NC_007954.1,1350163,1370757,20594,islandpath_dimob
NC_007954.1,1828448,1835625,7177,islandpath_dimob
NC_007954.1,2881243,2890082,8839,islandpath_dimob
NC_007954.1,2903628,2912463,8835,islandpath_dimob
NC_007954.1,3576694,3591988,15294,islandpath_dimob
NC_007954.1,3876387,3887459,11072,islandpath_dimob
NC_007954.1,3892858,3899637,6779,islandpath_dimob
NC_007954.1,4290118,4297673,7555,islandpath_dimob
NC_011663.1,185394,202256,16862,islandpath_dimob
NC_011663.1,421242,428233,6991,islandpath_dimob
NC_011663.1,676432,702765,26333,islandpath_dimob
NC_011663.1,715429,751741,36312,islandpath_dimob
NC_011663.1,971372,990394,19022,islandpath_dimob
NC_011663.1,1634705,1651976,17271,islandpath_dimob
NC_011663.1,1921138,1927000,5862,islandpath_dimob
NC_011663.1,2808263,2828160,19897,islandpath_dimob
NC_011663.1,5022344,5034327,11983,islandpath_dimob
NC_008345.1,807535,817593,10058,islandpath_dimob
NC_008345.1,879404,885307,5903,islandpath_dimob
NC_008345.1,1439246,1458288,19042,islandpath_dimob
NC_008345.1,1963119,1986280,23161,islandpath_dimob
NC_008345.1,2175813,2188389,12576,islandpath_dimob
NC_008345.1,3756977,3766997,10020,islandpath_dimob
NC_008345.1,4059691,4124904,65213,islandpath_dimob
NC_008345.1,4129062,4162506,33444,islandpath_dimob
NC_008345.1,4777643,4790308,12665,islandpath_dimob
NC_009092.1,1451563,1464017,12454,islandpath_dimob
NC_009092.1,2644164,2659058,14894,islandpath_dimob
NC_009092.1,4548184,4570855,22671,islandpath_dimob
NC_010334.1,1581167,1588795,7628,islandpath_dimob
NC_010334.1,2755415,2775010,19595,islandpath_dimob
NC_010334.1,4930941,4951866,20925,islandpath_dimob
NC_004347.1,679107,683539,4432,islandpath_dimob
NC_004347.1,1166902,1174659,7757,islandpath_dimob
NC_004347.1,1507546,1511077,3531,islandpath_dimob
NC_004347.1,2047776,2057547,9771,islandpath_dimob
NC_004347.1,2234792,2242012,7220,islandpath_dimob
NC_004347.1,2468265,2475129,6864,islandpath_dimob
NC_004347.1,2578794,2593061,14267,islandpath_dimob
NC_004347.1,2788307,2793585,5278,islandpath_dimob
NC_004347.1,3100275,3113276,13001,islandpath_dimob
NC_004347.1,3671361,3683094,11733,islandpath_dimob
NC_004347.1,4011546,4024812,13266,islandpath_dimob
NC_009901.1,420184,462428,42244,islandpath_dimob
NC_009901.1,2431160,2447786,16626,islandpath_dimob
NC_009901.1,4821524,4841437,19913,islandpath_dimob
NC_011566.1,1005558,1018963,13405,islandpath_dimob
NC_011566.1,1021974,1035793,13819,islandpath_dimob
NC_011566.1,1317446,1320957,3511,islandpath_dimob
NC_011566.1,1954400,1964236,9836,islandpath_dimob
NC_011566.1,2786926,2797808,10882,islandpath_dimob
NC_011566.1,2848849,2858071,9222,islandpath_dimob
NC_011566.1,3378555,3400145,21590,islandpath_dimob
NC_011566.1,4708877,4735563,26686,islandpath_dimob
NC_009438.1,176935,190410,13475,islandpath_dimob
NC_009438.1,192103,198349,6246,islandpath_dimob
NC_009438.1,201946,208014,6068,islandpath_dimob
NC_009438.1,216839,241356,24517,islandpath_dimob
NC_009438.1,261628,286681,25053,islandpath_dimob
NC_009438.1,2479016,2494085,15069,islandpath_dimob
NC_009438.1,3343935,3361819,17884,islandpath_dimob
NC_009438.1,3380920,3395069,14149,islandpath_dimob
NC_009438.1,4450302,4462548,12246,islandpath_dimob
NC_009438.1,4556700,4586776,30076,islandpath_dimob
NC_009438.1,4621775,4627804,6029,islandpath_dimob
NC_009831.1,412077,425414,13337,islandpath_dimob
NC_009831.1,776276,789171,12895,islandpath_dimob
NC_009831.1,1545549,1564584,19035,islandpath_dimob
NC_009831.1,3272230,3294071,21841,islandpath_dimob
NC_009831.1,3623739,3654661,30922,islandpath_dimob
NC_010658.1,21144,24979,3835,islandpath_dimob
NC_010658.1,281684,287293,5609,islandpath_dimob
NC_010658.1,458105,463090,4985,islandpath_dimob
NC_010658.1,518283,527667,9384,islandpath_dimob
NC_010658.1,654433,662084,7651,islandpath_dimob
NC_010658.1,664381,676669,12288,islandpath_dimob
NC_010658.1,817657,849843,32186,islandpath_dimob
NC_010658.1,933168,944740,11572,islandpath_dimob
NC_010658.1,1009655,1026100,16445,islandpath_dimob
NC_010658.1,1140687,1148873,8186,islandpath_dimob
NC_010658.1,1454838,1459946,5108,islandpath_dimob
NC_010658.1,1535804,1545128,9324,islandpath_dimob
NC_010658.1,1942370,1961672,19302,islandpath_dimob
NC_010658.1,2400624,2413593,12969,islandpath_dimob
NC_010658.1,3067194,3081912,14718,islandpath_dimob
NC_010658.1,3228958,3232795,3837,islandpath_dimob
NC_010658.1,3347596,3363390,15794,islandpath_dimob
NC_010658.1,3753129,3763656,10527,islandpath_dimob
NC_010658.1,4174154,4193491,19337,islandpath_dimob
NC_010658.1,4315878,4355281,39403,islandpath_dimob
NC_010506.1,675694,705004,29310,islandpath_dimob
NC_010506.1,3585533,3594617,9084,islandpath_dimob
NC_007613.1,231354,255408,24054,islandpath_dimob
NC_007613.1,278432,284300,5868,islandpath_dimob
NC_007613.1,412960,423342,10382,islandpath_dimob
NC_007613.1,642934,669616,26682,islandpath_dimob
NC_007613.1,765949,788838,22889,islandpath_dimob
NC_007613.1,1136350,1143913,7563,islandpath_dimob
NC_007613.1,1178071,1205527,27456,islandpath_dimob
NC_007613.1,1281871,1285771,3900,islandpath_dimob
NC_007613.1,1335181,1339495,4314,islandpath_dimob
NC_007613.1,1346680,1358250,11570,islandpath_dimob
NC_007613.1,1580831,1585453,4622,islandpath_dimob
NC_007613.1,1594770,1599807,5037,islandpath_dimob
NC_007613.1,1603971,1625168,21197,islandpath_dimob
NC_007613.1,1730367,1735399,5032,islandpath_dimob
NC_007613.1,1902883,1909948,7065,islandpath_dimob
NC_007613.1,2030855,2056695,25840,islandpath_dimob
NC_007613.1,2656685,2664654,7969,islandpath_dimob
NC_007613.1,3243809,3252301,8492,islandpath_dimob
NC_007613.1,3286713,3314447,27734,islandpath_dimob
NC_007613.1,3567322,3572343,5021,islandpath_dimob
NC_007613.1,3750134,3758600,8466,islandpath_dimob
NC_007613.1,4322250,4333992,11742,islandpath_dimob
NC_007613.1,4382137,4422053,39916,islandpath_dimob
NC_007606.1,140710,152101,11391,islandpath_dimob
NC_007606.1,400306,416936,16630,islandpath_dimob
NC_007606.1,479722,487812,8090,islandpath_dimob
NC_007606.1,553055,559356,6301,islandpath_dimob
NC_007606.1,641581,655666,14085,islandpath_dimob
NC_007606.1,672580,683404,10824,islandpath_dimob
NC_007606.1,876252,884415,8163,islandpath_dimob
NC_007606.1,949611,963592,13981,islandpath_dimob
NC_007606.1,968581,976452,7871,islandpath_dimob
NC_007606.1,994083,1003155,9072,islandpath_dimob
NC_007606.1,1107894,1116020,8126,islandpath_dimob
NC_007606.1,1216727,1223760,7033,islandpath_dimob
NC_007606.1,1278706,1290891,12185,islandpath_dimob
NC_007606.1,1357695,1362389,4694,islandpath_dimob
NC_007606.1,1758907,1764914,6007,islandpath_dimob
NC_007606.1,1936984,1950112,13128,islandpath_dimob
NC_007606.1,2213019,2217584,4565,islandpath_dimob
NC_007606.1,2358987,2370484,11497,islandpath_dimob
NC_007606.1,2552640,2561793,9153,islandpath_dimob
NC_007606.1,2632703,2638437,5734,islandpath_dimob
NC_007606.1,3221143,3245799,24656,islandpath_dimob
NC_007606.1,3372022,3374917,2895,islandpath_dimob
NC_007606.1,3465068,3484592,19524,islandpath_dimob
NC_007606.1,3591155,3603847,12692,islandpath_dimob
NC_007606.1,3759005,3774847,15842,islandpath_dimob
NC_007606.1,4197526,4202868,5342,islandpath_dimob
NC_004741.1,232684,254700,22016,islandpath_dimob
NC_004741.1,281123,289085,7962,islandpath_dimob
NC_004741.1,379600,385929,6329,islandpath_dimob
NC_004741.1,705206,720368,15162,islandpath_dimob
NC_004741.1,908098,917351,9253,islandpath_dimob
NC_004741.1,925994,940853,14859,islandpath_dimob
NC_004741.1,1006747,1013651,6904,islandpath_dimob
NC_004741.1,1095207,1105919,10712,islandpath_dimob
NC_004741.1,1454983,1461944,6961,islandpath_dimob
NC_004741.1,1662705,1678721,16016,islandpath_dimob
NC_004741.1,1849313,1856772,7459,islandpath_dimob
NC_004741.1,1902988,1919362,16374,islandpath_dimob
NC_004741.1,2059272,2069966,10694,islandpath_dimob
NC_004741.1,2208707,2215409,6702,islandpath_dimob
NC_004741.1,2677218,2688114,10896,islandpath_dimob
NC_004741.1,3940059,3959839,19780,islandpath_dimob
NC_004741.1,4139224,4146370,7146,islandpath_dimob
NC_004741.1,4325568,4352178,26610,islandpath_dimob
NC_004741.1,4454463,4460855,6392,islandpath_dimob
NC_004337.2,233555,251370,17815,islandpath_dimob
NC_004337.2,262366,267850,5484,islandpath_dimob
NC_004337.2,278377,285547,7170,islandpath_dimob
NC_004337.2,311782,326392,14610,islandpath_dimob
NC_004337.2,618203,624307,6104,islandpath_dimob
NC_004337.2,709982,722316,12334,islandpath_dimob
NC_004337.2,723731,747734,24003,islandpath_dimob
NC_004337.2,905393,917647,12254,islandpath_dimob
NC_004337.2,1092314,1103027,10713,islandpath_dimob
NC_004337.2,1401173,1406217,5044,islandpath_dimob
NC_004337.2,1418242,1427754,9512,islandpath_dimob
NC_004337.2,1624835,1639749,14914,islandpath_dimob
NC_004337.2,1917074,1936189,19115,islandpath_dimob
NC_004337.2,2006674,2012983,6309,islandpath_dimob
NC_004337.2,2055193,2062112,6919,islandpath_dimob
NC_004337.2,2175856,2180726,4870,islandpath_dimob
NC_004337.2,2457383,2464794,7411,islandpath_dimob
NC_004337.2,2555441,2560806,5365,islandpath_dimob
NC_004337.2,2684931,2694669,9738,islandpath_dimob
NC_004337.2,2747916,2756837,8921,islandpath_dimob
NC_004337.2,2948062,2958582,10520,islandpath_dimob
NC_004337.2,3052736,3106242,53506,islandpath_dimob
NC_004337.2,3177914,3184377,6463,islandpath_dimob
NC_004337.2,3421570,3446696,25126,islandpath_dimob
NC_004337.2,3597495,3608039,10544,islandpath_dimob
NC_004337.2,3816150,3831721,15571,islandpath_dimob
NC_004337.2,4462269,4468661,6392,islandpath_dimob
NC_004337.2,4505490,4515200,9710,islandpath_dimob
NC_004337.2,4529395,4533645,4250,islandpath_dimob
NC_008258.1,230320,262138,31818,islandpath_dimob
NC_008258.1,266174,293821,27647,islandpath_dimob
NC_008258.1,417622,424450,6828,islandpath_dimob
NC_008258.1,660663,668703,8040,islandpath_dimob
NC_008258.1,771497,782299,10802,islandpath_dimob
NC_008258.1,990602,994413,3811,islandpath_dimob
NC_008258.1,1110352,1124948,14596,islandpath_dimob
NC_008258.1,1413700,1424902,11202,islandpath_dimob
NC_008258.1,1428550,1438281,9731,islandpath_dimob
NC_008258.1,1629653,1638200,8547,islandpath_dimob
NC_008258.1,1911902,1951934,40032,islandpath_dimob
NC_008258.1,2041759,2046571,4812,islandpath_dimob
NC_008258.1,2082003,2090057,8054,islandpath_dimob
NC_008258.1,2465095,2475986,10891,islandpath_dimob
NC_008258.1,2755903,2803389,47486,islandpath_dimob
NC_008258.1,2911148,2916701,5553,islandpath_dimob
NC_008258.1,3557907,3565602,7695,islandpath_dimob
NC_008258.1,3587413,3599702,12289,islandpath_dimob
NC_008258.1,3947316,3964056,16740,islandpath_dimob
NC_008258.1,4028372,4037104,8732,islandpath_dimob
NC_008258.1,4430855,4437247,6392,islandpath_dimob
NC_008258.1,4495870,4500722,4852,islandpath_dimob
NC_015713.1,192525,198762,6237,islandpath_dimob
NC_015713.1,1283627,1296855,13228,islandpath_dimob
NC_015713.1,1510440,1516137,5697,islandpath_dimob
NC_007384.1,255186,261173,5987,islandpath_dimob
NC_007384.1,267856,287094,19238,islandpath_dimob
NC_007384.1,443269,456506,13237,islandpath_dimob
NC_007384.1,734741,744122,9381,islandpath_dimob
NC_007384.1,1087304,1104071,16767,islandpath_dimob
NC_007384.1,1146560,1155966,9406,islandpath_dimob
NC_007384.1,1361414,1369148,7734,islandpath_dimob
NC_007384.1,1387513,1396315,8802,islandpath_dimob
NC_007384.1,1696565,1702704,6139,islandpath_dimob
NC_007384.1,1762653,1783843,21190,islandpath_dimob
NC_007384.1,1857248,1874451,17203,islandpath_dimob
NC_007384.1,1985869,1995225,9356,islandpath_dimob
NC_007384.1,2004171,2024453,20282,islandpath_dimob
NC_007384.1,2238476,2253758,15282,islandpath_dimob
NC_007384.1,2256210,2264119,7909,islandpath_dimob
NC_007384.1,2279897,2289367,9470,islandpath_dimob
NC_007384.1,2355668,2364171,8503,islandpath_dimob
NC_007384.1,2569954,2581510,11556,islandpath_dimob
NC_007384.1,2802733,2816107,13374,islandpath_dimob
NC_007384.1,2831037,2843337,12300,islandpath_dimob
NC_007384.1,2890984,2904797,13813,islandpath_dimob
NC_007384.1,2910556,2916444,5888,islandpath_dimob
NC_007384.1,2932771,2956693,23922,islandpath_dimob
NC_007384.1,3156728,3166336,9608,islandpath_dimob
NC_007384.1,3481511,3499052,17541,islandpath_dimob
NC_007384.1,3611231,3639418,28187,islandpath_dimob
NC_007384.1,3754669,3780869,26200,islandpath_dimob
NC_007384.1,3817978,3825763,7785,islandpath_dimob
NC_007384.1,4089951,4124662,34711,islandpath_dimob
NC_007384.1,4578053,4590776,12723,islandpath_dimob
NC_015591.1,397014,411272,14258,islandpath_dimob
NC_015591.1,845141,854849,9708,islandpath_dimob
NC_015591.1,1055688,1067195,11507,islandpath_dimob
NC_015591.1,1276910,1288419,11509,islandpath_dimob
NC_015596.1,1442891,1455404,12513,islandpath_dimob
NC_015596.1,1532190,1545174,12984,islandpath_dimob
NC_009636.1,1264127,1304346,40219,islandpath_dimob
NC_009636.1,1918701,1929412,10711,islandpath_dimob
NC_003047.1,656466,677770,21304,islandpath_dimob
NC_003047.1,3355320,3394547,39227,islandpath_dimob
NC_003047.1,3395946,3439662,43716,islandpath_dimob
NC_015590.1,141325,169817,28492,islandpath_dimob
NC_015590.1,1386038,1413564,27526,islandpath_dimob
NC_015590.1,2309304,2357931,48627,islandpath_dimob
NC_007712.1,156879,185779,28900,islandpath_dimob
NC_007712.1,1204600,1248083,43483,islandpath_dimob
NC_007712.1,1253471,1298046,44575,islandpath_dimob
NC_007712.1,1311825,1343399,31574,islandpath_dimob
NC_007712.1,1377750,1410849,33099,islandpath_dimob
NC_007712.1,1710498,1722031,11533,islandpath_dimob
NC_007712.1,1949040,1961101,12061,islandpath_dimob
NC_007712.1,3088695,3110697,22002,islandpath_dimob
NC_007712.1,3240761,3253633,12872,islandpath_dimob
NC_013523.1,2489645,2495617,5972,islandpath_dimob
NC_015594.1,117788,142463,24675,islandpath_dimob
NC_015594.1,214587,238776,24189,islandpath_dimob
NC_015594.1,490422,515379,24957,islandpath_dimob
NC_015593.1,802920,811212,8292,islandpath_dimob
NC_015593.1,1592005,1601348,9343,islandpath_dimob
NC_015593.1,2109078,2123567,14489,islandpath_dimob
NC_015593.1,2126788,2135259,8471,islandpath_dimob
NC_015593.1,2555192,2577487,22295,islandpath_dimob
NC_015593.1,2736409,2753314,16905,islandpath_dimob
NC_015976.1,695042,703326,8284,islandpath_dimob
NC_015976.1,1066978,1079891,12913,islandpath_dimob
NC_015976.1,1083741,1093820,10079,islandpath_dimob
NC_015976.1,1901626,1928936,27310,islandpath_dimob
NC_015976.1,2023540,2063839,40299,islandpath_dimob
NC_015976.1,2313217,2321463,8246,islandpath_dimob
NC_015976.1,2365710,2379229,13519,islandpath_dimob
NC_015976.1,2408674,2420654,11980,islandpath_dimob
NC_015976.1,2902771,2920336,17565,islandpath_dimob
NC_015976.1,3123008,3136978,13970,islandpath_dimob
NC_015976.1,3144233,3154745,10512,islandpath_dimob
NC_015976.1,3256290,3267043,10753,islandpath_dimob
NC_015277.1,33998,40386,6388,islandpath_dimob
NC_015277.1,105495,128804,23309,islandpath_dimob
NC_015277.1,154433,176557,22124,islandpath_dimob
NC_015277.1,288086,307486,19400,islandpath_dimob
NC_015277.1,309981,337486,27505,islandpath_dimob
NC_015277.1,865176,875656,10480,islandpath_dimob
NC_015277.1,2961804,2982868,21064,islandpath_dimob
NC_015277.1,4267763,4281599,13836,islandpath_dimob
NC_015277.1,4357504,4380797,23293,islandpath_dimob
NC_015277.1,5030113,5049481,19368,islandpath_dimob
NC_015277.1,5312590,5326639,14049,islandpath_dimob
NC_015277.1,5409593,5413625,4032,islandpath_dimob
NC_015277.1,5498206,5521434,23228,islandpath_dimob
NC_015277.1,5842374,5861448,19074,islandpath_dimob
NC_015277.1,5994511,6000817,6306,islandpath_dimob
NC_010162.1,1771788,1781320,9532,islandpath_dimob
NC_010162.1,3068987,3080430,11443,islandpath_dimob
NC_010162.1,7826738,7843457,16719,islandpath_dimob
NC_010162.1,8520339,8562364,42025,islandpath_dimob
NC_010162.1,8586669,8606716,20047,islandpath_dimob
NC_010162.1,8762134,8790082,27948,islandpath_dimob
NC_010162.1,8832691,8846128,13437,islandpath_dimob
NC_010162.1,9204716,9226200,21484,islandpath_dimob
NC_010162.1,9316587,9337377,20790,islandpath_dimob
NC_010162.1,9730049,9757815,27766,islandpath_dimob
NC_010162.1,10253090,10264145,11055,islandpath_dimob
NC_010162.1,12652197,12680363,28166,islandpath_dimob
NC_008048.1,1297874,1309745,11871,islandpath_dimob
NC_008048.1,1870880,1889312,18432,islandpath_dimob
NC_008048.1,2533378,2543323,9945,islandpath_dimob
NC_008048.1,2671577,2704936,33359,islandpath_dimob
NC_015152.1,269745,332832,63087,islandpath_dimob
NC_015152.1,1685632,1692650,7018,islandpath_dimob
NC_015152.1,2529045,2557657,28612,islandpath_dimob
NC_015152.1,2560656,2597521,36865,islandpath_dimob
NC_015152.1,2618318,2629970,11652,islandpath_dimob
NC_015152.1,2650877,2669646,18769,islandpath_dimob
NC_015732.1,117860,131929,14069,islandpath_dimob
NC_015732.1,990469,1004447,13978,islandpath_dimob
NC_015732.1,1929460,1985279,55819,islandpath_dimob
NC_015732.1,2129533,2145270,15737,islandpath_dimob
NC_015732.1,2224423,2245883,21460,islandpath_dimob
NC_015436.1,273532,287126,13594,islandpath_dimob
NC_015436.1,964418,973951,9533,islandpath_dimob
NC_015436.1,1318115,1333120,15005,islandpath_dimob
NC_009511.1,1345193,1352270,7077,islandpath_dimob
NC_009511.1,2726296,2740816,14520,islandpath_dimob
NC_009511.1,2924324,2942288,17964,islandpath_dimob
NC_009511.1,3714369,3745661,31292,islandpath_dimob
NC_009511.1,3748449,3758339,9890,islandpath_dimob
NC_009511.1,3800449,3834781,34332,islandpath_dimob
NC_002951.2,902527,908321,5794,islandpath_dimob
NC_009632.1,920438,933521,13083,islandpath_dimob
NC_009632.1,2165107,2171389,6282,islandpath_dimob
NC_009487.1,920563,934273,13710,islandpath_dimob
NC_009487.1,1808716,1817145,8429,islandpath_dimob
NC_009487.1,2165233,2171515,6282,islandpath_dimob
NC_002952.2,34422,40146,5724,islandpath_dimob
NC_002952.2,82716,96208,13492,islandpath_dimob
NC_002952.2,334938,339597,4659,islandpath_dimob
NC_002952.2,1360692,1375438,14746,islandpath_dimob
NC_002952.2,1594262,1643142,48880,islandpath_dimob
NC_002953.3,2051682,2070126,18444,islandpath_dimob
NC_002758.2,50957,62840,11883,islandpath_dimob
NC_002758.2,436071,464633,28562,islandpath_dimob
NC_002758.2,918827,940392,21565,islandpath_dimob
NC_002758.2,1759401,1768782,9381,islandpath_dimob
NC_002758.2,2352221,2359151,6930,islandpath_dimob
NC_003923.1,51387,66388,15001,islandpath_dimob
NC_003923.1,2072436,2088749,16313,islandpath_dimob
NC_009782.1,50957,62840,11883,islandpath_dimob
NC_009782.1,436074,464637,28563,islandpath_dimob
NC_009782.1,920272,941495,21223,islandpath_dimob
NC_009782.1,1760801,1770182,9381,islandpath_dimob
NC_009782.1,2353859,2360789,6930,islandpath_dimob
NC_009782.1,2618179,2640179,22000,islandpath_dimob
NC_009641.1,322321,331964,9643,islandpath_dimob
NC_009641.1,1098608,1110179,11571,islandpath_dimob
NC_009641.1,2010600,2018761,8161,islandpath_dimob
NC_002745.2,50996,62879,11883,islandpath_dimob
NC_002745.2,864749,875348,10599,islandpath_dimob
NC_002745.2,1682988,1692389,9401,islandpath_dimob
NC_002745.2,2198997,2207335,8338,islandpath_dimob
NC_002745.2,2282721,2289651,6930,islandpath_dimob
NC_002745.2,2557913,2568114,10201,islandpath_dimob
NC_002745.2,2670520,2679887,9367,islandpath_dimob
NC_007622.1,811169,825592,14423,islandpath_dimob
NC_007622.1,1206170,1213479,7309,islandpath_dimob
NC_007622.1,1874483,1887176,12693,islandpath_dimob
NC_007622.1,2016112,2028487,12375,islandpath_dimob
NC_012121.1,478209,492628,14419,islandpath_dimob
NC_010079.1,50912,63543,12631,islandpath_dimob
NC_010079.1,65423,74294,8871,islandpath_dimob
NC_010079.1,894980,900272,5292,islandpath_dimob
NC_007793.1,50912,75063,24151,islandpath_dimob
NC_007793.1,881032,886324,5292,islandpath_dimob
NC_007793.1,2109343,2127649,18306,islandpath_dimob
NC_004461.1,62853,69965,7112,islandpath_dimob
NC_004461.1,71924,93859,21935,islandpath_dimob
NC_004461.1,1584703,1596668,11965,islandpath_dimob
NC_004461.1,1660521,1671616,11095,islandpath_dimob
NC_004461.1,2254074,2261241,7167,islandpath_dimob
NC_004461.1,2418788,2425504,6716,islandpath_dimob
NC_002976.3,62664,68571,5907,islandpath_dimob
NC_002976.3,1252055,1259779,7724,islandpath_dimob
NC_002976.3,1398493,1404837,6344,islandpath_dimob
NC_002976.3,1566662,1609375,42713,islandpath_dimob
NC_002976.3,1623291,1693092,69801,islandpath_dimob
NC_002976.3,2561251,2571330,10079,islandpath_dimob
NC_007168.1,42776,56716,13940,islandpath_dimob
NC_007168.1,322413,345063,22650,islandpath_dimob
NC_007168.1,395683,404153,8470,islandpath_dimob
NC_007168.1,830749,836086,5337,islandpath_dimob
NC_007168.1,1825020,1832360,7340,islandpath_dimob
NC_007168.1,2338872,2346322,7450,islandpath_dimob
NC_007168.1,2456893,2474570,17677,islandpath_dimob
NC_007168.1,2579598,2590835,11237,islandpath_dimob
NC_014925.1,62123,78381,16258,islandpath_dimob
NC_014925.1,126226,137317,11091,islandpath_dimob
NC_014925.1,264692,269236,4544,islandpath_dimob
NC_014925.1,584898,593414,8516,islandpath_dimob
NC_014925.1,723223,737127,13904,islandpath_dimob
NC_014925.1,899972,911085,11113,islandpath_dimob
NC_014925.1,997425,1013315,15890,islandpath_dimob
NC_014925.1,1944108,1962916,18808,islandpath_dimob
NC_014925.1,2194854,2213178,18324,islandpath_dimob
NC_014925.1,2570636,2590848,20212,islandpath_dimob
NC_009033.1,1495504,1517470,21966,islandpath_dimob
NC_007350.1,15827,53422,37595,islandpath_dimob
NC_007350.1,1473710,1480387,6677,islandpath_dimob
NC_015947.1,315677,322788,7111,islandpath_dimob
NC_010943.1,14937,48031,33094,islandpath_dimob
NC_010943.1,332227,338201,5974,islandpath_dimob
NC_010943.1,363917,370082,6165,islandpath_dimob
NC_010943.1,497118,510021,12903,islandpath_dimob
NC_010943.1,1353993,1368064,14071,islandpath_dimob
NC_010943.1,1888871,1903376,14505,islandpath_dimob
NC_010943.1,2443178,2450807,7629,islandpath_dimob
NC_010943.1,2499552,2526895,27343,islandpath_dimob
NC_010943.1,4481859,4489467,7608,islandpath_dimob
NC_011071.1,303795,310985,7190,islandpath_dimob
NC_011071.1,2209872,2223023,13151,islandpath_dimob
NC_011071.1,4007711,4026483,18772,islandpath_dimob
NC_012471.1,142548,148199,5651,islandpath_dimob
NC_012471.1,722585,739222,16637,islandpath_dimob
NC_012471.1,785052,789000,3948,islandpath_dimob
NC_012471.1,1206307,1267983,61676,islandpath_dimob
NC_012471.1,1992292,2006717,14425,islandpath_dimob
NC_012471.1,2087954,2110305,22351,islandpath_dimob
NC_007432.1,139079,151240,12161,islandpath_dimob
NC_007432.1,627004,637492,10488,islandpath_dimob
NC_011134.1,67671,106308,38637,islandpath_dimob
NC_011134.1,314722,327321,12599,islandpath_dimob
NC_011134.1,1232657,1237099,4442,islandpath_dimob
NC_011134.1,1494133,1503663,9530,islandpath_dimob
NC_011134.1,1575390,1586776,11386,islandpath_dimob
NC_011134.1,1927482,1932343,4861,islandpath_dimob
NC_004116.1,229068,234365,5297,islandpath_dimob
NC_004116.1,555617,576861,21244,islandpath_dimob
NC_004116.1,598441,609341,10900,islandpath_dimob
NC_004116.1,1828608,1867217,38609,islandpath_dimob
NC_004368.1,611992,622288,10296,islandpath_dimob
NC_004368.1,1361845,1367968,6123,islandpath_dimob
NC_014623.1,307541,330608,23067,islandpath_dimob
NC_014623.1,978036,993797,15761,islandpath_dimob
NC_014623.1,1084857,1122191,37334,islandpath_dimob
NC_014623.1,1989549,2009838,20289,islandpath_dimob
NC_014623.1,2452094,2461723,9629,islandpath_dimob
NC_014623.1,2464204,2487628,23424,islandpath_dimob
NC_014623.1,2956019,2982748,26729,islandpath_dimob
NC_014623.1,2997609,3030275,32666,islandpath_dimob
NC_014623.1,3040850,3053714,12864,islandpath_dimob
NC_014623.1,3067474,3102935,35461,islandpath_dimob
NC_014623.1,3109251,3119517,10266,islandpath_dimob
NC_014623.1,3180699,3224749,44050,islandpath_dimob
NC_014623.1,3450599,3466726,16127,islandpath_dimob
NC_014623.1,3711815,3737960,26145,islandpath_dimob
NC_014623.1,4530528,4542732,12204,islandpath_dimob
NC_014623.1,4696445,4712770,16325,islandpath_dimob
NC_014623.1,5312734,5341450,28716,islandpath_dimob
NC_014623.1,6059631,6067088,7457,islandpath_dimob
NC_014623.1,6121069,6134165,13096,islandpath_dimob
NC_014623.1,6686047,6692543,6496,islandpath_dimob
NC_014623.1,6803273,6812218,8945,islandpath_dimob
NC_014623.1,7360175,7369859,9684,islandpath_dimob
NC_014623.1,7518454,7546987,28533,islandpath_dimob
NC_014623.1,7557250,7581877,24627,islandpath_dimob
NC_014623.1,8373702,8378788,5086,islandpath_dimob
NC_014623.1,9035400,9046031,10631,islandpath_dimob
NC_014623.1,9299449,9305298,5849,islandpath_dimob
NC_012470.1,263939,269696,5757,islandpath_dimob
NC_012470.1,620630,628042,7412,islandpath_dimob
NC_012470.1,857720,871984,14264,islandpath_dimob
NC_012470.1,1396812,1409206,12394,islandpath_dimob
NC_012470.1,1414218,1447432,33214,islandpath_dimob
NC_012470.1,1883529,1894101,10572,islandpath_dimob
NC_012470.1,1950229,1960049,9820,islandpath_dimob
NC_012470.1,1963473,1998828,35355,islandpath_dimob
NC_015215.1,89416,108168,18752,islandpath_dimob
NC_015215.1,268114,287907,19793,islandpath_dimob
NC_015215.1,532053,548249,16196,islandpath_dimob
NC_015215.1,737786,746296,8510,islandpath_dimob
NC_015215.1,967723,985962,18239,islandpath_dimob
NC_015215.1,1422924,1442485,19561,islandpath_dimob
NC_015215.1,2038220,2057963,19743,islandpath_dimob
NC_015215.1,2081328,2118197,36869,islandpath_dimob
NC_015215.1,2189933,2195428,5495,islandpath_dimob
NC_015215.1,2287377,2315264,27887,islandpath_dimob
NC_009785.1,70894,78344,7450,islandpath_dimob
NC_004350.2,94301,109417,15116,islandpath_dimob
NC_004350.2,206439,214355,7916,islandpath_dimob
NC_004350.2,1254039,1306586,52547,islandpath_dimob
NC_004350.2,1708519,1715749,7230,islandpath_dimob
NC_015291.1,1921495,1927919,6424,islandpath_dimob
NC_015558.1,59729,95798,36069,islandpath_dimob
NC_015558.1,914642,930948,16306,islandpath_dimob
NC_015558.1,1387748,1438912,51164,islandpath_dimob
NC_015678.1,776247,786217,9970,islandpath_dimob
NC_015678.1,1034379,1048334,13955,islandpath_dimob
NC_015678.1,1603418,1618538,15120,islandpath_dimob
NC_015600.1,228303,243237,14934,islandpath_dimob
NC_015600.1,534240,540655,6415,islandpath_dimob
NC_015600.1,1138667,1205112,66445,islandpath_dimob
NC_015600.1,2042711,2056503,13792,islandpath_dimob
NC_011900.1,1363841,1373809,9968,islandpath_dimob
NC_011900.1,1715902,1737845,21943,islandpath_dimob
NC_012468.1,32275,37054,4779,islandpath_dimob
NC_012468.1,541815,544612,2797,islandpath_dimob
NC_012468.1,548522,556413,7891,islandpath_dimob
NC_012468.1,1405750,1411712,5962,islandpath_dimob
NC_012468.1,1684692,1696564,11872,islandpath_dimob
NC_008533.1,924790,937487,12697,islandpath_dimob
NC_010582.1,503581,508464,4883,islandpath_dimob
NC_010582.1,944691,949696,5005,islandpath_dimob
NC_010582.1,981918,993457,11539,islandpath_dimob
NC_010582.1,1716840,1741379,24539,islandpath_dimob
NC_010582.1,2092148,2096497,4349,islandpath_dimob
NC_011072.1,477656,481282,3626,islandpath_dimob
NC_011072.1,560609,566409,5800,islandpath_dimob
NC_011072.1,801579,811771,10192,islandpath_dimob
NC_011072.1,919102,933046,13944,islandpath_dimob
NC_011072.1,1163022,1168683,5661,islandpath_dimob
NC_011072.1,1208646,1219178,10532,islandpath_dimob
NC_011072.1,1223016,1239476,16460,islandpath_dimob
NC_011072.1,1365531,1371651,6120,islandpath_dimob
NC_010380.1,1737331,1763514,26183,islandpath_dimob
NC_012466.1,944283,953073,8790,islandpath_dimob
NC_012466.1,1316238,1326212,9974,islandpath_dimob
NC_012466.1,2091136,2098095,6959,islandpath_dimob
NC_012467.1,584395,592068,7673,islandpath_dimob
NC_012467.1,913623,918592,4969,islandpath_dimob
NC_012467.1,1091147,1115134,23987,islandpath_dimob
NC_012467.1,1396003,1403814,7811,islandpath_dimob
NC_003098.1,20207,22404,2197,islandpath_dimob
NC_003098.1,619165,627976,8811,islandpath_dimob
NC_003098.1,884594,889536,4942,islandpath_dimob
NC_003098.1,919628,929956,10328,islandpath_dimob
NC_003098.1,938136,957605,19469,islandpath_dimob
NC_003098.1,1194544,1208455,13911,islandpath_dimob
NC_003098.1,1324655,1335824,11169,islandpath_dimob
NC_003028.3,514553,518091,3538,islandpath_dimob
NC_003028.3,1061773,1071933,10160,islandpath_dimob
NC_003028.3,1231299,1236035,4736,islandpath_dimob
NC_003028.3,1397026,1405241,8215,islandpath_dimob
NC_012469.1,11103,23357,12254,islandpath_dimob
NC_012469.1,1148628,1153335,4707,islandpath_dimob
NC_012469.1,1359371,1364165,4794,islandpath_dimob
NC_002737.1,581119,603094,21975,islandpath_dimob
NC_002737.1,1211854,1217581,5727,islandpath_dimob
NC_015875.1,27949,42304,14355,islandpath_dimob
NC_015875.1,90783,93402,2619,islandpath_dimob
NC_015875.1,184674,193871,9197,islandpath_dimob
NC_015875.1,880096,886966,6870,islandpath_dimob
NC_015875.1,1159464,1167725,8261,islandpath_dimob
NC_015875.1,1394178,1400312,6134,islandpath_dimob
NC_006086.1,1116835,1129331,12496,islandpath_dimob
NC_006086.1,1170019,1182698,12679,islandpath_dimob
NC_006086.1,1349936,1365449,15513,islandpath_dimob
NC_008022.1,1330239,1341863,11624,islandpath_dimob
NC_008022.1,1862001,1873236,11235,islandpath_dimob
NC_008023.1,586309,603072,16763,islandpath_dimob
NC_008023.1,1090355,1097340,6985,islandpath_dimob
NC_008024.1,391123,398103,6980,islandpath_dimob
NC_008024.1,782723,788176,5453,islandpath_dimob
NC_008024.1,1620777,1653627,32850,islandpath_dimob
NC_008024.1,1660707,1681805,21098,islandpath_dimob
NC_004070.1,755537,764243,8706,islandpath_dimob
NC_007297.1,542134,561039,18905,islandpath_dimob
NC_007297.1,983924,1016199,32275,islandpath_dimob
NC_007296.1,544483,561949,17466,islandpath_dimob
NC_007296.1,1081126,1091670,10544,islandpath_dimob
NC_007296.1,1304338,1315962,11624,islandpath_dimob
NC_007296.1,1703054,1717890,14836,islandpath_dimob
NC_003485.1,225220,236992,11772,islandpath_dimob
NC_003485.1,297771,303939,6168,islandpath_dimob
NC_003485.1,583567,589306,5739,islandpath_dimob
NC_003485.1,1230867,1236582,5715,islandpath_dimob
NC_003485.1,1478943,1489446,10503,islandpath_dimob
NC_008021.1,581994,601672,19678,islandpath_dimob
NC_008021.1,756541,763426,6885,islandpath_dimob
NC_008021.1,779380,786784,7404,islandpath_dimob
NC_009332.1,1381758,1402595,20837,islandpath_dimob
NC_011375.1,554947,571142,16195,islandpath_dimob
NC_004606.1,1136500,1139072,2572,islandpath_dimob
NC_015760.1,1569235,1583580,14345,islandpath_dimob
NC_015760.1,1692596,1702330,9734,islandpath_dimob
NC_015760.1,1997350,2006852,9502,islandpath_dimob
NC_015760.1,2173560,2181555,7995,islandpath_dimob
NC_009009.1,708386,717740,9354,islandpath_dimob
NC_009442.1,575166,584912,9746,islandpath_dimob
NC_009442.1,916074,924878,8804,islandpath_dimob
NC_009442.1,1450455,1464089,13634,islandpath_dimob
NC_009443.1,575398,580623,5225,islandpath_dimob
NC_009443.1,916356,924583,8227,islandpath_dimob
NC_009443.1,1449319,1463509,14190,islandpath_dimob
NC_015433.1,72047,107966,35919,islandpath_dimob
NC_015433.1,271810,291152,19342,islandpath_dimob
NC_015433.1,1735938,1746104,10166,islandpath_dimob
NC_006449.1,14678,32606,17928,islandpath_dimob
NC_006449.1,100325,109730,9405,islandpath_dimob
NC_006449.1,777514,792830,15316,islandpath_dimob
NC_006449.1,962697,972972,10275,islandpath_dimob
NC_006449.1,991448,994738,3290,islandpath_dimob
NC_006449.1,1475470,1485748,10278,islandpath_dimob
NC_006449.1,1718468,1729068,10600,islandpath_dimob
NC_008532.1,17393,40472,23079,islandpath_dimob
NC_006448.1,14978,31358,16380,islandpath_dimob
NC_006448.1,101543,107651,6108,islandpath_dimob
NC_006448.1,774818,783597,8779,islandpath_dimob
NC_006448.1,1473839,1478003,4164,islandpath_dimob
NC_006448.1,1485530,1492800,7270,islandpath_dimob
NC_006448.1,1717037,1727199,10162,islandpath_dimob
NC_012004.1,754248,769864,15616,islandpath_dimob
NC_012004.1,1806935,1821822,14887,islandpath_dimob
NC_015953.1,6292,41716,35424,islandpath_dimob
NC_015953.1,804680,814239,9559,islandpath_dimob
NC_015953.1,1863692,1871843,8151,islandpath_dimob
NC_015953.1,2353920,2384306,30386,islandpath_dimob
NC_015953.1,3225480,3245117,19637,islandpath_dimob
NC_015953.1,3259980,3282847,22867,islandpath_dimob
NC_015953.1,3330255,3349557,19302,islandpath_dimob
NC_015953.1,3464964,3479100,14136,islandpath_dimob
NC_015953.1,3881172,3889444,8272,islandpath_dimob
NC_015953.1,4050657,4062273,11616,islandpath_dimob
NC_015953.1,5092999,5099110,6111,islandpath_dimob
NC_015953.1,6241579,6255279,13700,islandpath_dimob
NC_015953.1,7378654,7383695,5041,islandpath_dimob
NC_016111.1,134444,149509,15065,islandpath_dimob
NC_016111.1,291951,304699,12748,islandpath_dimob
NC_016111.1,1764288,1773064,8776,islandpath_dimob
NC_016111.1,1916170,1929950,13780,islandpath_dimob
NC_016111.1,2397425,2399414,1989,islandpath_dimob
NC_016111.1,2656465,2666781,10316,islandpath_dimob
NC_016111.1,2966054,2974284,8230,islandpath_dimob
NC_016111.1,4128231,4139105,10874,islandpath_dimob
NC_016111.1,6216321,6267281,50960,islandpath_dimob
NC_016114.1,13771,25941,12170,islandpath_dimob
NC_016114.1,651636,684729,33093,islandpath_dimob
NC_016114.1,3009588,3036639,27051,islandpath_dimob
NC_016114.1,3440903,3469060,28157,islandpath_dimob
NC_016114.1,4215103,4237981,22878,islandpath_dimob
NC_016114.1,7275539,7292679,17140,islandpath_dimob
NC_015757.1,395314,412734,17420,islandpath_dimob
NC_015757.1,464286,484595,20309,islandpath_dimob
NC_015757.1,508960,516671,7711,islandpath_dimob
NC_015757.1,1331129,1356882,25753,islandpath_dimob
NC_015757.1,1455406,1460716,5310,islandpath_dimob
NC_015757.1,1853174,1867350,14176,islandpath_dimob
NC_015757.1,1945923,1955566,9643,islandpath_dimob
NC_015757.1,1958882,1971889,13007,islandpath_dimob
NC_015757.1,2033641,2039814,6173,islandpath_dimob
NC_015757.1,2041276,2073825,32549,islandpath_dimob
NC_015757.1,2078427,2092468,14041,islandpath_dimob
NC_015757.1,2102453,2128317,25864,islandpath_dimob
NC_015757.1,2161124,2169421,8297,islandpath_dimob
NC_015757.1,2176138,2180247,4109,islandpath_dimob
NC_015757.1,2184223,2191144,6921,islandpath_dimob
NC_015757.1,2461535,2480154,18619,islandpath_dimob
NC_015757.1,2520663,2529617,8954,islandpath_dimob
NC_015757.1,2533519,2562167,28648,islandpath_dimob
NC_015757.1,2889237,2906927,17690,islandpath_dimob
NC_015757.1,2908139,2918144,10005,islandpath_dimob
NC_015757.1,2927977,2939587,11610,islandpath_dimob
NC_015757.1,2958451,2973458,15007,islandpath_dimob
NC_007181.1,399028,407430,8402,islandpath_dimob
NC_007181.1,410152,433196,23044,islandpath_dimob
NC_007181.1,497237,507417,10180,islandpath_dimob
NC_007181.1,1139988,1149164,9176,islandpath_dimob
NC_007181.1,1735733,1753918,18185,islandpath_dimob
NC_007181.1,1822930,1842891,19961,islandpath_dimob
NC_015957.1,205779,212166,6387,islandpath_dimob
NC_015957.1,530959,538381,7422,islandpath_dimob
NC_015957.1,1874486,1891773,17287,islandpath_dimob
NC_015957.1,1973129,1994350,21221,islandpath_dimob
NC_015957.1,2622566,2632439,9873,islandpath_dimob
NC_015957.1,2687521,2715966,28445,islandpath_dimob
NC_015957.1,3475857,3487796,11939,islandpath_dimob
NC_015957.1,3903350,3912175,8825,islandpath_dimob
NC_015957.1,4855527,4880133,24606,islandpath_dimob
NC_015957.1,5102091,5132911,30820,islandpath_dimob
NC_015957.1,5195828,5226720,30892,islandpath_dimob
NC_015957.1,5241829,5253426,11597,islandpath_dimob
NC_015957.1,6849433,6856746,7313,islandpath_dimob
NC_015957.1,7337393,7345163,7770,islandpath_dimob
NC_015957.1,7390957,7401448,10491,islandpath_dimob
NC_015957.1,7435711,7501354,65643,islandpath_dimob
NC_015957.1,8773339,8780595,7256,islandpath_dimob
NC_015957.1,8864144,8870996,6852,islandpath_dimob
NC_012589.1,509943,520308,10365,islandpath_dimob
NC_012589.1,556537,567163,10626,islandpath_dimob
NC_012589.1,1354337,1367597,13260,islandpath_dimob
NC_012589.1,1434707,1448210,13503,islandpath_dimob
NC_012589.1,1802615,1807687,5072,islandpath_dimob
NC_012589.1,1857529,1871895,14366,islandpath_dimob
NC_012588.1,428431,432882,4451,islandpath_dimob
NC_012588.1,438983,455226,16243,islandpath_dimob
NC_012588.1,881601,897993,16392,islandpath_dimob
NC_012588.1,919349,930024,10675,islandpath_dimob
NC_012588.1,1676468,1692737,16269,islandpath_dimob
NC_012588.1,1714370,1721609,7239,islandpath_dimob
NC_012588.1,2329644,2345571,15927,islandpath_dimob
NC_012632.1,343195,366503,23308,islandpath_dimob
NC_012632.1,498006,519467,21461,islandpath_dimob
NC_012632.1,970341,982369,12028,islandpath_dimob
NC_012632.1,994663,1001361,6698,islandpath_dimob
NC_012632.1,1006780,1012687,5907,islandpath_dimob
NC_012632.1,1433066,1443841,10775,islandpath_dimob
NC_012726.1,119551,135013,15462,islandpath_dimob
NC_012726.1,296655,303680,7025,islandpath_dimob
NC_012726.1,695901,714689,18788,islandpath_dimob
NC_012726.1,845181,870674,25493,islandpath_dimob
NC_012726.1,1265598,1278022,12424,islandpath_dimob
NC_012726.1,1473539,1479014,5475,islandpath_dimob
NC_012726.1,2144973,2153975,9002,islandpath_dimob
NC_012622.1,472172,482626,10454,islandpath_dimob
NC_012622.1,615320,621744,6424,islandpath_dimob
NC_012622.1,654958,665570,10612,islandpath_dimob
NC_012622.1,677801,684118,6317,islandpath_dimob
NC_012622.1,695665,702587,6922,islandpath_dimob
NC_012622.1,1197776,1210272,12496,islandpath_dimob
NC_012622.1,1461892,1471053,9161,islandpath_dimob
NC_012622.1,1803101,1813909,10808,islandpath_dimob
NC_012622.1,2108998,2118396,9398,islandpath_dimob
NC_012623.1,184331,191849,7518,islandpath_dimob
NC_012623.1,244681,251477,6796,islandpath_dimob
NC_012623.1,422913,432940,10027,islandpath_dimob
NC_012623.1,505878,517905,12027,islandpath_dimob
NC_012623.1,798755,812661,13906,islandpath_dimob
NC_012623.1,1089722,1096197,6475,islandpath_dimob
NC_012623.1,1222571,1228652,6081,islandpath_dimob
NC_012623.1,1298209,1310230,12021,islandpath_dimob
NC_012623.1,1908667,1922812,14145,islandpath_dimob
NC_012623.1,1933253,1942628,9375,islandpath_dimob
NC_012623.1,1967712,1979869,12157,islandpath_dimob
NC_012623.1,1981970,1989441,7471,islandpath_dimob
NC_012623.1,2185200,2202566,17366,islandpath_dimob
NC_002754.1,34685,43367,8682,islandpath_dimob
NC_002754.1,442549,452717,10168,islandpath_dimob
NC_002754.1,1035182,1041878,6696,islandpath_dimob
NC_002754.1,1070594,1084759,14165,islandpath_dimob
NC_002754.1,1251428,1280669,29241,islandpath_dimob
NC_002754.1,1325625,1345083,19458,islandpath_dimob
NC_002754.1,1397547,1406915,9368,islandpath_dimob
NC_002754.1,1448024,1450820,2796,islandpath_dimob
NC_002754.1,1527105,1536849,9744,islandpath_dimob
NC_002754.1,1581734,1589734,8000,islandpath_dimob
NC_002754.1,1604963,1616013,11050,islandpath_dimob
NC_002754.1,1625187,1634713,9526,islandpath_dimob
NC_002754.1,1651486,1662928,11442,islandpath_dimob
NC_002754.1,1733373,1748907,15534,islandpath_dimob
NC_002754.1,1779283,1785086,5803,islandpath_dimob
NC_002754.1,1786309,1796974,10665,islandpath_dimob
NC_002754.1,2411865,2419900,8035,islandpath_dimob
NC_002754.1,2537368,2546652,9284,islandpath_dimob
NC_002754.1,2885076,2895045,9969,islandpath_dimob
NC_010730.1,51078,58472,7394,islandpath_dimob
NC_003106.2,123607,132115,8508,islandpath_dimob
NC_003106.2,922773,932954,10181,islandpath_dimob
NC_003106.2,1156364,1161617,5253,islandpath_dimob
NC_003106.2,1718442,1731800,13358,islandpath_dimob
NC_003106.2,2005011,2017770,12759,islandpath_dimob
NC_003106.2,2495592,2511587,15995,islandpath_dimob
NC_012438.1,307608,324108,16500,islandpath_dimob
NC_012438.1,823460,838709,15249,islandpath_dimob
NC_012438.1,917603,940107,22504,islandpath_dimob
NC_007575.1,238651,263232,24581,islandpath_dimob
NC_009663.1,745707,754702,8995,islandpath_dimob
NC_009663.1,2187637,2212158,24521,islandpath_dimob
NC_009663.1,2400620,2418920,18300,islandpath_dimob
NC_009663.1,2506759,2511845,5086,islandpath_dimob
NC_008319.1,2113102,2150987,37885,islandpath_dimob
NC_006177.1,49916,84810,34894,islandpath_dimob
NC_006177.1,304634,326973,22339,islandpath_dimob
NC_006177.1,337784,357298,19514,islandpath_dimob
NC_006177.1,367802,375138,7336,islandpath_dimob
NC_006177.1,905617,918443,12826,islandpath_dimob
NC_006177.1,1258747,1270604,11857,islandpath_dimob
NC_006177.1,1391935,1402041,10106,islandpath_dimob
NC_006177.1,2370325,2382587,12262,islandpath_dimob
NC_006177.1,2397900,2415717,17817,islandpath_dimob
NC_006177.1,2428181,2454101,25920,islandpath_dimob
NC_006177.1,2457067,2471928,14861,islandpath_dimob
NC_007513.1,1392789,1412844,20055,islandpath_dimob
NC_007516.1,539755,551287,11532,islandpath_dimob
NC_007516.1,896620,911721,15101,islandpath_dimob
NC_007516.1,1622471,1635898,13427,islandpath_dimob
NC_007516.1,2380697,2398071,17374,islandpath_dimob
NC_007776.1,17327,30397,13070,islandpath_dimob
NC_007776.1,469831,493674,23843,islandpath_dimob
NC_007776.1,1134770,1146001,11231,islandpath_dimob
NC_007776.1,1343931,1362427,18496,islandpath_dimob
NC_007776.1,1637235,1646922,9687,islandpath_dimob
NC_007776.1,2732928,2749542,16614,islandpath_dimob
NC_007776.1,2927489,2939987,12498,islandpath_dimob
NC_007775.1,405906,412985,7079,islandpath_dimob
NC_007775.1,563304,570109,6805,islandpath_dimob
NC_007775.1,603885,619252,15367,islandpath_dimob
NC_007775.1,731379,743219,11840,islandpath_dimob
NC_007775.1,1430023,1449745,19722,islandpath_dimob
NC_007775.1,1641847,1648440,6593,islandpath_dimob
NC_007775.1,1777016,1786702,9686,islandpath_dimob
NC_007775.1,2432727,2437699,4972,islandpath_dimob
NC_007775.1,2705996,2715112,9116,islandpath_dimob
NC_007775.1,2736469,2741728,5259,islandpath_dimob
NC_010475.1,2296092,2307230,11138,islandpath_dimob
NC_005070.1,1592315,1605518,13203,islandpath_dimob
NC_005070.1,2315541,2323308,7767,islandpath_dimob
NC_008554.1,156744,169528,12784,islandpath_dimob
NC_008554.1,957093,977953,20860,islandpath_dimob
NC_008554.1,2314330,2324469,10139,islandpath_dimob
NC_008554.1,2370046,2386073,16027,islandpath_dimob
NC_008554.1,2894372,2917038,22666,islandpath_dimob
NC_008554.1,2991218,3005267,14049,islandpath_dimob
NC_008554.1,3058959,3070172,11213,islandpath_dimob
NC_008554.1,4586543,4607819,21276,islandpath_dimob
NC_008554.1,4630085,4661532,31447,islandpath_dimob
NC_008554.1,4838853,4853910,15057,islandpath_dimob
NC_008346.1,148552,174998,26446,islandpath_dimob
NC_008346.1,506740,514485,7745,islandpath_dimob
NC_008346.1,590542,610092,19550,islandpath_dimob
NC_008346.1,1505786,1521099,15313,islandpath_dimob
NC_008346.1,1668223,1686389,18166,islandpath_dimob
NC_008346.1,2521057,2563547,42490,islandpath_dimob
NC_008346.1,2587922,2615485,27563,islandpath_dimob
NC_008346.1,2837979,2869875,31896,islandpath_dimob
NC_015172.1,45618,57122,11504,islandpath_dimob
NC_015172.1,58165,72985,14820,islandpath_dimob
NC_015172.1,521612,558692,37080,islandpath_dimob
NC_015172.1,1452514,1460250,7736,islandpath_dimob
NC_015172.1,2636446,2669183,32737,islandpath_dimob
NC_015172.1,2990973,3023710,32737,islandpath_dimob
NC_015172.1,3165193,3197930,32737,islandpath_dimob
NC_000911.1,348701,386617,37916,islandpath_dimob
NC_000911.1,1197262,1205538,8276,islandpath_dimob
NC_000911.1,1382603,1388296,5693,islandpath_dimob
NC_000911.1,1417284,1431901,14617,islandpath_dimob
NC_000911.1,1611574,1633374,21800,islandpath_dimob
NC_000911.1,1724597,1731206,6609,islandpath_dimob
NC_000911.1,2046961,2051412,4451,islandpath_dimob
NC_000911.1,2206551,2210928,4377,islandpath_dimob
NC_000911.1,3091244,3098718,7474,islandpath_dimob
NC_016043.1,416688,466911,50223,islandpath_dimob
NC_007759.1,501890,523485,21595,islandpath_dimob
NC_007759.1,732921,746062,13141,islandpath_dimob
NC_007759.1,931948,956539,24591,islandpath_dimob
NC_007759.1,1065396,1077159,11763,islandpath_dimob
NC_007759.1,1400704,1405213,4509,islandpath_dimob
NC_007759.1,1771683,1778937,7254,islandpath_dimob
NC_007759.1,1818390,1828549,10159,islandpath_dimob
NC_007759.1,2149616,2155144,5528,islandpath_dimob
NC_007759.1,2641045,2654659,13614,islandpath_dimob
NC_014914.1,156190,173484,17294,islandpath_dimob
NC_014914.1,1602243,1611973,9730,islandpath_dimob
NC_015519.1,950091,988653,38562,islandpath_dimob
NC_015519.1,1095139,1107862,12723,islandpath_dimob
NC_015519.1,2477804,2488758,10954,islandpath_dimob
NC_015519.1,2497045,2507137,10092,islandpath_dimob
NC_014831.1,14938,38459,23521,islandpath_dimob
NC_014831.1,393646,407875,14229,islandpath_dimob
NC_014831.1,417057,423163,6106,islandpath_dimob
NC_014831.1,1561596,1581487,19891,islandpath_dimob
NC_014831.1,2261089,2289357,28268,islandpath_dimob
NC_014831.1,2784719,2792948,8229,islandpath_dimob
NC_016052.1,402016,419318,17302,islandpath_dimob
NC_016052.1,718436,725880,7444,islandpath_dimob
NC_016052.1,844501,852477,7976,islandpath_dimob
NC_016052.1,885469,892995,7526,islandpath_dimob
NC_016052.1,1594978,1598717,3739,islandpath_dimob
NC_016052.1,2040338,2058522,18184,islandpath_dimob
NC_016052.1,2219613,2232224,12611,islandpath_dimob
NC_016052.1,2309515,2326707,17192,islandpath_dimob
NC_016052.1,2335648,2344818,9170,islandpath_dimob
NC_016052.1,2351168,2358227,7059,islandpath_dimob
NC_010320.1,139236,149123,9887,islandpath_dimob
NC_010320.1,781054,793562,12508,islandpath_dimob
NC_010320.1,1255821,1289479,33658,islandpath_dimob
NC_014963.1,80904,90889,9985,islandpath_dimob
NC_014963.1,120022,133550,13528,islandpath_dimob
NC_014963.1,1803425,1810397,6972,islandpath_dimob
NC_014963.1,4139574,4147870,8296,islandpath_dimob
NC_011662.2,131954,147158,15204,islandpath_dimob
NC_011662.2,369884,381721,11837,islandpath_dimob
NC_011662.2,408918,420036,11118,islandpath_dimob
NC_011662.2,1097750,1123584,25834,islandpath_dimob
NC_011662.2,1166055,1183244,17189,islandpath_dimob
NC_011662.2,2319239,2339717,20478,islandpath_dimob
NC_011662.2,2385538,2398925,13387,islandpath_dimob
NC_011662.2,3419276,3462046,42770,islandpath_dimob
NC_011662.2,4179346,4198572,19226,islandpath_dimob
NC_011662.2,4425499,4442170,16671,islandpath_dimob
NC_011662.2,4453145,4459572,6427,islandpath_dimob
NC_003869.1,266488,285063,18575,islandpath_dimob
NC_003869.1,1149589,1163162,13573,islandpath_dimob
NC_003869.1,1979274,2016352,37078,islandpath_dimob
NC_014964.1,38689,52847,14158,islandpath_dimob
NC_014964.1,119123,140870,21747,islandpath_dimob
NC_014964.1,288664,304615,15951,islandpath_dimob
NC_014964.1,453602,467594,13992,islandpath_dimob
NC_014964.1,619070,624017,4947,islandpath_dimob
NC_014964.1,1654026,1668313,14287,islandpath_dimob
NC_014964.1,2140213,2146178,5965,islandpath_dimob
NC_014964.1,2264150,2273361,9211,islandpath_dimob
NC_014964.1,2306017,2316848,10831,islandpath_dimob
NC_010321.1,38682,52840,14158,islandpath_dimob
NC_010321.1,119118,145451,26333,islandpath_dimob
NC_010321.1,457508,472178,14670,islandpath_dimob
NC_010321.1,622069,628602,6533,islandpath_dimob
NC_010321.1,2281132,2307090,25958,islandpath_dimob
NC_010321.1,2324002,2334833,10831,islandpath_dimob
NC_015555.1,33870,46143,12273,islandpath_dimob
NC_015555.1,806079,813268,7189,islandpath_dimob
NC_015555.1,941779,950268,8489,islandpath_dimob
NC_015555.1,1007657,1019715,12058,islandpath_dimob
NC_015555.1,1758001,1774225,16224,islandpath_dimob
NC_015555.1,1867920,1880664,12744,islandpath_dimob
NC_015555.1,1937626,1942767,5141,islandpath_dimob
NC_015555.1,1958082,1966755,8673,islandpath_dimob
NC_015555.1,2088197,2099602,11405,islandpath_dimob
NC_015555.1,2414993,2421481,6488,islandpath_dimob
NC_015555.1,2456872,2477754,20882,islandpath_dimob
NC_015865.1,101513,110741,9228,islandpath_dimob
NC_015865.1,1028723,1032444,3721,islandpath_dimob
NC_015865.1,1859632,1864352,4720,islandpath_dimob
NC_007333.1,1528688,1544230,15542,islandpath_dimob
NC_007333.1,1747886,1844732,96846,islandpath_dimob
NC_015682.1,818171,825094,6923,islandpath_dimob
NC_015681.1,1559435,1573482,14047,islandpath_dimob
NC_015499.1,71901,78982,7081,islandpath_dimob
NC_015499.1,394700,401836,7136,islandpath_dimob
NC_015499.1,417358,430857,13499,islandpath_dimob
NC_015499.1,531351,540952,9601,islandpath_dimob
NC_011296.1,290172,304010,13838,islandpath_dimob
NC_008698.1,1416775,1425570,8795,islandpath_dimob
NC_014165.1,95334,134049,38715,islandpath_dimob
NC_010525.1,533555,541479,7924,islandpath_dimob
NC_002689.2,142583,160586,18003,islandpath_dimob
NC_002689.2,450731,459657,8926,islandpath_dimob
NC_002689.2,676728,719175,42447,islandpath_dimob
NC_002689.2,726109,742213,16104,islandpath_dimob
NC_002689.2,895451,923542,28091,islandpath_dimob
NC_002689.2,1479283,1491781,12498,islandpath_dimob
NC_011959.1,539928,550056,10128,islandpath_dimob
NC_015315.1,54186,59743,5557,islandpath_dimob
NC_011653.1,366654,382181,15527,islandpath_dimob
NC_011653.1,752020,765705,13685,islandpath_dimob
NC_011653.1,872468,889135,16667,islandpath_dimob
NC_011653.1,1010486,1026869,16383,islandpath_dimob
NC_011653.1,1535341,1555672,20331,islandpath_dimob
NC_009616.1,182498,190414,7916,islandpath_dimob
NC_009616.1,403841,428210,24369,islandpath_dimob
NC_014377.1,1177207,1186590,9383,islandpath_dimob
NC_004113.1,216196,233942,17746,islandpath_dimob
NC_004113.1,239421,245190,5769,islandpath_dimob
NC_004113.1,382438,389766,7328,islandpath_dimob
NC_004113.1,468627,474308,5681,islandpath_dimob
NC_004113.1,1016585,1025056,8471,islandpath_dimob
NC_004113.1,1140427,1150407,9980,islandpath_dimob
NC_004113.1,2212942,2223893,10951,islandpath_dimob
NC_004113.1,2400325,2417438,17113,islandpath_dimob
NC_004113.1,2494967,2502641,7674,islandpath_dimob
NC_015707.1,152190,161383,9193,islandpath_dimob
NC_015707.1,1343161,1350138,6977,islandpath_dimob
NC_015707.1,1397074,1423846,26772,islandpath_dimob
NC_015707.1,1656397,1674009,17612,islandpath_dimob
NC_014926.1,23637,38533,14896,islandpath_dimob
NC_014926.1,1203818,1214145,10327,islandpath_dimob
NC_016148.1,481155,504299,23144,islandpath_dimob
NC_016148.1,1322260,1342120,19860,islandpath_dimob
NC_016148.1,1879817,1911643,31826,islandpath_dimob
NC_014974.1,955246,962874,7628,islandpath_dimob
NC_014974.1,1323997,1331726,7729,islandpath_dimob
NC_014974.1,2235841,2241372,5531,islandpath_dimob
NC_005835.1,556245,564038,7793,islandpath_dimob
NC_005835.1,654220,659893,5673,islandpath_dimob
NC_005835.1,1348331,1358770,10439,islandpath_dimob
NC_005835.1,1775457,1792446,16989,islandpath_dimob
NC_006461.1,435191,444274,9083,islandpath_dimob
NC_006461.1,871811,879086,7275,islandpath_dimob
NC_006461.1,979221,984893,5672,islandpath_dimob
NC_006461.1,1463279,1471921,8642,islandpath_dimob
NC_006461.1,1677039,1684187,7148,islandpath_dimob
NC_006461.1,1687923,1710046,22123,islandpath_dimob
NC_006461.1,1748819,1762870,14051,islandpath_dimob
NC_015581.1,912726,921720,8994,islandpath_dimob
NC_007520.2,100812,118291,17479,islandpath_dimob
NC_007520.2,416071,430346,14275,islandpath_dimob
NC_007520.2,903799,925884,22085,islandpath_dimob
NC_007520.2,1519408,1545134,25726,islandpath_dimob
NC_007520.2,2286756,2296593,9837,islandpath_dimob
NC_011901.1,46068,55977,9909,islandpath_dimob
NC_011901.1,429188,454446,25258,islandpath_dimob
NC_011901.1,644933,657262,12329,islandpath_dimob
NC_011901.1,980425,994645,14220,islandpath_dimob
NC_011901.1,1403079,1416042,12963,islandpath_dimob
NC_011901.1,1734053,1744487,10434,islandpath_dimob
NC_011901.1,1746709,1770671,23962,islandpath_dimob
NC_011901.1,1864546,1907874,43328,islandpath_dimob
NC_011901.1,1985626,2031125,45499,islandpath_dimob
NC_011901.1,2217078,2231085,14007,islandpath_dimob
NC_011901.1,2839024,2848117,9093,islandpath_dimob
NC_015500.1,85591,96149,10558,islandpath_dimob
NC_015500.1,168041,172481,4440,islandpath_dimob
NC_015500.1,1209183,1226742,17559,islandpath_dimob
NC_015500.1,1263779,1276779,13000,islandpath_dimob
NC_015500.1,1562445,1587445,25000,islandpath_dimob
NC_015500.1,2117911,2137360,19449,islandpath_dimob
NC_015500.1,2334244,2354653,20409,islandpath_dimob
NC_015500.1,2639376,2651252,11876,islandpath_dimob
NC_015500.1,2870156,2909424,39268,islandpath_dimob
NC_012691.1,1261616,1276257,14641,islandpath_dimob
NC_012691.1,1747790,1766725,18935,islandpath_dimob
NC_012691.1,1772214,1782058,9844,islandpath_dimob
NC_015577.1,415639,441464,25825,islandpath_dimob
NC_015577.1,443534,455972,12438,islandpath_dimob
NC_015577.1,654108,658857,4749,islandpath_dimob
NC_015577.1,1792783,1822103,29320,islandpath_dimob
NC_015577.1,2210672,2218385,7713,islandpath_dimob
NC_015577.1,3366796,3373874,7078,islandpath_dimob
NC_015577.1,3786800,3793185,6385,islandpath_dimob
NC_015385.1,113854,123915,10061,islandpath_dimob
NC_015385.1,715130,828818,113688,islandpath_dimob
NC_015385.1,832195,847949,15754,islandpath_dimob
NC_015385.1,1156619,1188958,32339,islandpath_dimob
NC_015385.1,2059157,2082918,23761,islandpath_dimob
NC_015385.1,2118389,2127732,9343,islandpath_dimob
NC_015578.1,166107,177555,11448,islandpath_dimob
NC_015578.1,538143,543791,5648,islandpath_dimob
NC_015578.1,898477,913278,14801,islandpath_dimob
NC_015578.1,1586561,1598336,11775,islandpath_dimob
NC_015578.1,2032661,2062540,29879,islandpath_dimob
NC_015578.1,2098163,2113807,15644,islandpath_dimob
NC_015578.1,2123776,2170757,46981,islandpath_dimob
NC_015578.1,2346499,2355064,8565,islandpath_dimob
NC_015578.1,2388501,2402393,13892,islandpath_dimob
NC_015578.1,3442153,3456257,14104,islandpath_dimob
NC_015578.1,3500668,3510456,9788,islandpath_dimob
NC_011374.1,440786,468702,27916,islandpath_dimob
NC_008312.1,600305,628838,28533,islandpath_dimob
NC_008312.1,1545701,1567509,21808,islandpath_dimob
NC_008312.1,1949797,1963887,14090,islandpath_dimob
NC_008312.1,2158202,2168330,10128,islandpath_dimob
NC_008312.1,2795958,2821120,25162,islandpath_dimob
NC_008312.1,3156705,3181291,24586,islandpath_dimob
NC_008312.1,3328892,3345178,16286,islandpath_dimob
NC_008312.1,4738906,4750912,12006,islandpath_dimob
NC_008312.1,4884647,4903483,18836,islandpath_dimob
NC_008312.1,5070385,5095154,24769,islandpath_dimob
NC_008312.1,5305872,5352814,46942,islandpath_dimob
NC_008312.1,7422646,7439352,16706,islandpath_dimob
NC_008312.1,7442322,7455136,12814,islandpath_dimob
NC_008312.1,7461541,7471324,9783,islandpath_dimob
NC_008312.1,7498426,7505965,7539,islandpath_dimob
NC_008312.1,7704492,7714113,9621,islandpath_dimob
NC_014158.1,122979,130132,7153,islandpath_dimob
NC_014931.1,2167570,2171964,4394,islandpath_dimob
NC_014931.1,2519328,2529793,10465,islandpath_dimob
NC_014931.1,2933381,2940263,6882,islandpath_dimob
NC_014931.1,2958958,2968582,9624,islandpath_dimob
NC_014931.1,4229767,4249491,19724,islandpath_dimob
NC_014931.1,6415940,6430042,14102,islandpath_dimob
NC_015637.1,767,18512,17745,islandpath_dimob
NC_015637.1,824159,833627,9468,islandpath_dimob
NC_015637.1,937028,957873,20845,islandpath_dimob
NC_015637.1,961425,979174,17749,islandpath_dimob
NC_012667.1,712388,726556,14168,islandpath_dimob
NC_012667.1,932253,966009,33756,islandpath_dimob
NC_012667.1,1047653,1055146,7493,islandpath_dimob
NC_012580.1,211929,222050,10121,islandpath_dimob
NC_012580.1,302857,318771,15914,islandpath_dimob
NC_012580.1,364090,378040,13950,islandpath_dimob
NC_012580.1,395067,408915,13848,islandpath_dimob
NC_012580.1,706595,714326,7731,islandpath_dimob
NC_015633.1,119780,124628,4848,islandpath_dimob
NC_015633.1,175705,189489,13784,islandpath_dimob
NC_015633.1,332429,349157,16728,islandpath_dimob
NC_015633.1,429638,457891,28253,islandpath_dimob
NC_015633.1,718099,733076,14977,islandpath_dimob
NC_015633.1,1555261,1560562,5301,islandpath_dimob
NC_015633.1,1707932,1723422,15490,islandpath_dimob
NC_015633.1,2433770,2449750,15980,islandpath_dimob
NC_015633.1,2572784,2584877,12093,islandpath_dimob
NC_015633.1,2589243,2599774,10531,islandpath_dimob
NC_015633.1,2779382,2786299,6917,islandpath_dimob
NC_015633.1,2802647,2840333,37686,islandpath_dimob
NC_008786.1,2493968,2499792,5824,islandpath_dimob
NC_008786.1,2862442,2879858,17416,islandpath_dimob
NC_008786.1,2950223,2959023,8800,islandpath_dimob
NC_008786.1,3196439,3202471,6032,islandpath_dimob
NC_008786.1,3751359,3760983,9624,islandpath_dimob
NC_008786.1,4128809,4144040,15231,islandpath_dimob
NC_008786.1,5090749,5114107,23358,islandpath_dimob
NC_008786.1,5120964,5135926,14962,islandpath_dimob
NC_008786.1,5160042,5189029,28987,islandpath_dimob
NC_012578.1,228628,251966,23338,islandpath_dimob
NC_012578.1,823551,873589,50038,islandpath_dimob
NC_012578.1,1522150,1534409,12259,islandpath_dimob
NC_012668.1,65661,101041,35380,islandpath_dimob
NC_012668.1,166378,185176,18798,islandpath_dimob
NC_012668.1,1626708,1644783,18075,islandpath_dimob
NC_012668.1,1704204,1711706,7502,islandpath_dimob
NC_012668.1,2264136,2281554,17418,islandpath_dimob
NC_012668.1,2774293,2793991,19698,islandpath_dimob
NC_002506.1,212001,222122,10121,islandpath_dimob
NC_002506.1,300467,334451,33984,islandpath_dimob
NC_002506.1,351085,369713,18628,islandpath_dimob
NC_002506.1,732612,740343,7731,islandpath_dimob
NC_015434.1,637413,685944,48531,islandpath_dimob
NC_015434.1,688138,698678,10540,islandpath_dimob
NC_015434.1,2368841,2379236,10395,islandpath_dimob
NC_015434.1,2379723,2390550,10827,islandpath_dimob
NC_015434.1,2479128,2489777,10649,islandpath_dimob
NC_015434.1,3546093,3558796,12703,islandpath_dimob
NC_015434.1,3591092,3615755,24663,islandpath_dimob
NC_015434.1,3721108,3728245,7137,islandpath_dimob
NC_015434.1,5425859,5435285,9426,islandpath_dimob
NC_015434.1,6038807,6043733,4926,islandpath_dimob
NC_015434.1,6516263,6531118,14855,islandpath_dimob
NC_002505.1,245143,264219,19076,islandpath_dimob
NC_002505.1,519298,552284,32986,islandpath_dimob
NC_002505.1,869813,915829,46016,islandpath_dimob
NC_009456.1,791138,801535,10397,islandpath_dimob
NC_009456.1,802349,834712,32363,islandpath_dimob
NC_009456.1,1005832,1012885,7053,islandpath_dimob
NC_006840.2,1148311,1156090,7779,islandpath_dimob
NC_009457.1,356822,405952,49130,islandpath_dimob
NC_009457.1,2097490,2107191,9701,islandpath_dimob
NC_009784.1,8409,13783,5374,islandpath_dimob
NC_009784.1,258932,273703,14771,islandpath_dimob
NC_009784.1,301286,307918,6632,islandpath_dimob
NC_009784.1,664701,677556,12855,islandpath_dimob
NC_009784.1,851974,857905,5931,islandpath_dimob
NC_009784.1,1089518,1097694,8176,islandpath_dimob
NC_009784.1,1233479,1247532,14053,islandpath_dimob
NC_009784.1,1377539,1387252,9713,islandpath_dimob
NC_009784.1,1398534,1405698,7164,islandpath_dimob
NC_009784.1,1461647,1470015,8368,islandpath_dimob
NC_009784.1,1597447,1608928,11481,islandpath_dimob
NC_009784.1,1935276,1945843,10567,islandpath_dimob
NC_009784.1,2068517,2081270,12753,islandpath_dimob
NC_004605.1,422263,445956,23693,islandpath_dimob
NC_004605.1,1325206,1345037,19831,islandpath_dimob
NC_004605.1,1432966,1471560,38594,islandpath_dimob
NC_004460.2,452756,471278,18522,islandpath_dimob
NC_004460.2,672361,684821,12460,islandpath_dimob
NC_004460.2,701992,740663,38671,islandpath_dimob
NC_004460.2,743586,749848,6262,islandpath_dimob
NC_004460.2,1245517,1252737,7220,islandpath_dimob
NC_009783.1,185848,190715,4867,islandpath_dimob
NC_009783.1,303875,311296,7421,islandpath_dimob
NC_009783.1,521868,535180,13312,islandpath_dimob
NC_009783.1,676776,693617,16841,islandpath_dimob
NC_009783.1,721312,739807,18495,islandpath_dimob
NC_009783.1,1480511,1493280,12769,islandpath_dimob
NC_009783.1,1500884,1504558,3674,islandpath_dimob
NC_009783.1,1632735,1638985,6250,islandpath_dimob
NC_009783.1,1671721,1692362,20641,islandpath_dimob
NC_009783.1,1786453,1796699,10246,islandpath_dimob
NC_009783.1,1947423,1953045,5622,islandpath_dimob
NC_009783.1,2309477,2319213,9736,islandpath_dimob
NC_009783.1,2371645,2382577,10932,islandpath_dimob
NC_009783.1,2626509,2633801,7292,islandpath_dimob
NC_009783.1,3004080,3010003,5923,islandpath_dimob
NC_004603.1,1117611,1143500,25889,islandpath_dimob
NC_004603.1,1900885,1915658,14773,islandpath_dimob
NC_004603.1,2652366,2661992,9626,islandpath_dimob
NC_014966.1,658335,706175,47840,islandpath_dimob
NC_014965.1,588154,598628,10474,islandpath_dimob
NC_014965.1,1001314,1025925,24611,islandpath_dimob
NC_014965.1,1433571,1447695,14124,islandpath_dimob
NC_014965.1,1490878,1529328,38450,islandpath_dimob
NC_014965.1,1644017,1703738,59721,islandpath_dimob
NC_014965.1,2205731,2218750,13019,islandpath_dimob
NC_005140.1,200431,206048,5617,islandpath_dimob
NC_005140.1,935849,972310,36461,islandpath_dimob
NC_005140.1,1715368,1722584,7216,islandpath_dimob
NC_004459.3,353681,396392,42711,islandpath_dimob
NC_004459.3,1594840,1606316,11476,islandpath_dimob
NC_004459.3,1674926,1692301,17375,islandpath_dimob
NC_004459.3,2014471,2042701,28230,islandpath_dimob
NC_004459.3,2471799,2498956,27157,islandpath_dimob
NC_004459.3,2503299,2535023,31724,islandpath_dimob
NC_004459.3,2541829,2566956,25127,islandpath_dimob
NC_004459.3,2570836,2582991,12155,islandpath_dimob
NC_015151.1,730551,739380,8829,islandpath_dimob
NC_015151.1,1675938,1705380,29442,islandpath_dimob
NC_015151.1,1719246,1725395,6149,islandpath_dimob
NC_005139.1,159261,163403,4142,islandpath_dimob
NC_005139.1,813042,824522,11480,islandpath_dimob
NC_005139.1,1824436,1847054,22618,islandpath_dimob
NC_005139.1,1856720,1870012,13292,islandpath_dimob
NC_005139.1,1905464,1931315,25851,islandpath_dimob
NC_005139.1,2219064,2241788,22724,islandpath_dimob
NC_005139.1,2822691,2832406,9715,islandpath_dimob
NC_015144.1,69328,78484,9156,islandpath_dimob
NC_015144.1,304164,314459,10295,islandpath_dimob
NC_015144.1,355441,359524,4083,islandpath_dimob
NC_015144.1,737314,754752,17438,islandpath_dimob
NC_010981.1,277056,292827,15771,islandpath_dimob
NC_010981.1,387504,404009,16505,islandpath_dimob
NC_010981.1,1037697,1050339,12642,islandpath_dimob
NC_010981.1,1190221,1201066,10845,islandpath_dimob
NC_015759.1,539485,555562,16077,islandpath_dimob
NC_012416.1,61355,70307,8952,islandpath_dimob
NC_012416.1,565206,588413,23207,islandpath_dimob
NC_012416.1,715135,732884,17749,islandpath_dimob
NC_012416.1,737637,760645,23008,islandpath_dimob
NC_012416.1,825190,836315,11125,islandpath_dimob
NC_012416.1,1071665,1094872,23207,islandpath_dimob
NC_012416.1,1337329,1349768,12439,islandpath_dimob
NC_005090.1,869744,877802,8058,islandpath_dimob
NC_005090.1,1038688,1067170,28482,islandpath_dimob
NC_005090.1,1302336,1313328,10992,islandpath_dimob
NC_002978.6,45767,52043,6276,islandpath_dimob
NC_002978.6,237748,253021,15273,islandpath_dimob
NC_002978.6,262919,283528,20609,islandpath_dimob
NC_002978.6,488397,514653,26256,islandpath_dimob
NC_002978.6,599455,635557,36102,islandpath_dimob
NC_009720.1,159440,168434,8994,islandpath_dimob
NC_009720.1,221574,245884,24310,islandpath_dimob
NC_009720.1,259356,277240,17884,islandpath_dimob
NC_009720.1,584651,594448,9797,islandpath_dimob
NC_009720.1,602255,636300,34045,islandpath_dimob
NC_009720.1,649066,675503,26437,islandpath_dimob
NC_009720.1,810767,911803,101036,islandpath_dimob
NC_009720.1,2491207,2516476,25269,islandpath_dimob
NC_009720.1,2944714,2962778,18064,islandpath_dimob
NC_009720.1,3180242,3229207,48965,islandpath_dimob
NC_009720.1,3336186,3370311,34125,islandpath_dimob
NC_009720.1,3829427,3834683,5256,islandpath_dimob
NC_009720.1,4026962,4036066,9104,islandpath_dimob
NC_009720.1,4131947,4152594,20647,islandpath_dimob
NC_009720.1,5052533,5066601,14068,islandpath_dimob
NC_016010.1,78661,85947,7286,islandpath_dimob
NC_016010.1,142111,153391,11280,islandpath_dimob
NC_016010.1,640377,654590,14213,islandpath_dimob
NC_016010.1,1174593,1189796,15203,islandpath_dimob
NC_016010.1,1825423,1892313,66890,islandpath_dimob
NC_016010.1,2588253,2613770,25517,islandpath_dimob
NC_016010.1,2835597,2846636,11039,islandpath_dimob
NC_016010.1,3645283,3685838,40555,islandpath_dimob
NC_016010.1,4262054,4266856,4802,islandpath_dimob
NC_007086.1,1041485,1049101,7616,islandpath_dimob
NC_007086.1,2483259,2511494,28235,islandpath_dimob
NC_007086.1,2900965,2960417,59452,islandpath_dimob
NC_007086.1,3122997,3180603,57606,islandpath_dimob
NC_007086.1,4469786,4498618,28832,islandpath_dimob
NC_007086.1,5063351,5079329,15978,islandpath_dimob
NC_006834.1,49347,66505,17158,islandpath_dimob
NC_006834.1,621394,639858,18464,islandpath_dimob
NC_006834.1,888318,901575,13257,islandpath_dimob
NC_006834.1,1046884,1057408,10524,islandpath_dimob
NC_006834.1,1260734,1271216,10482,islandpath_dimob
NC_006834.1,1420594,1433997,13403,islandpath_dimob
NC_006834.1,1524029,1533340,9311,islandpath_dimob
NC_006834.1,2218068,2242322,24254,islandpath_dimob
NC_006834.1,3002283,3028060,25777,islandpath_dimob
NC_006834.1,3216036,3252754,36718,islandpath_dimob
NC_006834.1,3421948,3430518,8570,islandpath_dimob
NC_006834.1,3517759,3524707,6948,islandpath_dimob
NC_006834.1,3723371,3752955,29584,islandpath_dimob
NC_006834.1,4526774,4537184,10410,islandpath_dimob
NC_006834.1,4548072,4556762,8690,islandpath_dimob
NC_003919.1,103084,109222,6138,islandpath_dimob
NC_003919.1,1208132,1234901,26769,islandpath_dimob
NC_003919.1,1251959,1262205,10246,islandpath_dimob
NC_003919.1,1721945,1753307,31362,islandpath_dimob
NC_003919.1,2243874,2252668,8794,islandpath_dimob
NC_003919.1,2827074,2847010,19936,islandpath_dimob
NC_003919.1,3068749,3099719,30970,islandpath_dimob
NC_003919.1,3396136,3411974,15838,islandpath_dimob
NC_003919.1,3804466,3811352,6886,islandpath_dimob
NC_003919.1,3832959,3877600,44641,islandpath_dimob
NC_003919.1,3906533,3915221,8688,islandpath_dimob
NC_003919.1,4622215,4653164,30949,islandpath_dimob
NC_003902.1,733928,741250,7322,islandpath_dimob
NC_003902.1,1685340,1703023,17683,islandpath_dimob
NC_003902.1,1861662,1914670,53008,islandpath_dimob
NC_003902.1,2464068,2491915,27847,islandpath_dimob
NC_003902.1,2940381,2965724,25343,islandpath_dimob
NC_003902.1,4412225,4441035,28810,islandpath_dimob
NC_010688.1,75564,81668,6104,islandpath_dimob
NC_010688.1,154122,166751,12629,islandpath_dimob
NC_010688.1,1194541,1234275,39734,islandpath_dimob
NC_010688.1,2181847,2186377,4530,islandpath_dimob
NC_010688.1,2405496,2411230,5734,islandpath_dimob
NC_010688.1,2532929,2542086,9157,islandpath_dimob
NC_010688.1,2786298,2800640,14342,islandpath_dimob
NC_010688.1,2822513,2835469,12956,islandpath_dimob
NC_010688.1,3056945,3073442,16497,islandpath_dimob
NC_010688.1,3232161,3253131,20970,islandpath_dimob
NC_010688.1,3530818,3567414,36596,islandpath_dimob
NC_007705.1,110553,123854,13301,islandpath_dimob
NC_007705.1,479528,492000,12472,islandpath_dimob
NC_007705.1,572941,583183,10242,islandpath_dimob
NC_007705.1,610937,617172,6235,islandpath_dimob
NC_007705.1,1013505,1024717,11212,islandpath_dimob
NC_007705.1,1226829,1249137,22308,islandpath_dimob
NC_007705.1,1394672,1407632,12960,islandpath_dimob
NC_007705.1,1461046,1479071,18025,islandpath_dimob
NC_007705.1,2197050,2221221,24171,islandpath_dimob
NC_007705.1,2374299,2402498,28199,islandpath_dimob
NC_007705.1,2977527,3006421,28894,islandpath_dimob
NC_007705.1,3007939,3019187,11248,islandpath_dimob
NC_007705.1,3346997,3362321,15324,islandpath_dimob
NC_007705.1,3393863,3402208,8345,islandpath_dimob
NC_007705.1,3428086,3445188,17102,islandpath_dimob
NC_007705.1,3586563,3590999,4436,islandpath_dimob
NC_007705.1,3707102,3734841,27739,islandpath_dimob
NC_007705.1,4220937,4235092,14155,islandpath_dimob
NC_007705.1,4515725,4531085,15360,islandpath_dimob
NC_007705.1,4764376,4782338,17962,islandpath_dimob
NC_013892.1,162585,167343,4758,islandpath_dimob
NC_013892.1,463986,469904,5918,islandpath_dimob
NC_013892.1,3627991,3632573,4582,islandpath_dimob
NC_007508.1,150383,159827,9444,islandpath_dimob
NC_007508.1,232937,279210,46273,islandpath_dimob
NC_007508.1,1224800,1235338,10538,islandpath_dimob
NC_007508.1,1243600,1260631,17031,islandpath_dimob
NC_007508.1,1451855,1465332,13477,islandpath_dimob
NC_007508.1,1747938,1754134,6196,islandpath_dimob
NC_007508.1,2075348,2088852,13504,islandpath_dimob
NC_007508.1,2235845,2246271,10426,islandpath_dimob
NC_007508.1,2480494,2501018,20524,islandpath_dimob
NC_007508.1,2549405,2553482,4077,islandpath_dimob
NC_007508.1,2623580,2637643,14063,islandpath_dimob
NC_007508.1,2643379,2671620,28241,islandpath_dimob
NC_007508.1,2945662,2954341,8679,islandpath_dimob
NC_007508.1,3069821,3087916,18095,islandpath_dimob
NC_007508.1,3189436,3209859,20423,islandpath_dimob
NC_007508.1,3840484,3849348,8864,islandpath_dimob
NC_007508.1,3861260,3884134,22874,islandpath_dimob
NC_007508.1,3891681,3901022,9341,islandpath_dimob
NC_010717.1,47997,61657,13660,islandpath_dimob
NC_010717.1,556405,564698,8293,islandpath_dimob
NC_010717.1,1388637,1397951,9314,islandpath_dimob
NC_010717.1,1845967,1880267,34300,islandpath_dimob
NC_010717.1,1973339,1977696,4357,islandpath_dimob
NC_010717.1,2081918,2089610,7692,islandpath_dimob
NC_010717.1,2204915,2217867,12952,islandpath_dimob
NC_010717.1,2349018,2367135,18117,islandpath_dimob
NC_010717.1,2657335,2694167,36832,islandpath_dimob
NC_010717.1,2869422,2906254,36832,islandpath_dimob
NC_010717.1,3486694,3493813,7119,islandpath_dimob
NC_010717.1,3524066,3539210,15144,islandpath_dimob
NC_010717.1,3722885,3728091,5206,islandpath_dimob
NC_010717.1,4530253,4540697,10444,islandpath_dimob
NC_010717.1,4627121,4640317,13196,islandpath_dimob
NC_010717.1,4793702,4807125,13423,islandpath_dimob
NC_010717.1,4934524,4947265,12741,islandpath_dimob
NC_002488.3,600874,616469,15595,islandpath_dimob
NC_002488.3,1638946,1705781,66835,islandpath_dimob
NC_010577.1,1188768,1207841,19073,islandpath_dimob
NC_014228.1,257450,284221,26771,islandpath_dimob
NC_014228.1,614138,620614,6476,islandpath_dimob
NC_014228.1,3575529,3580599,5070,islandpath_dimob
NC_010513.1,969527,991098,21571,islandpath_dimob
NC_010513.1,1738744,1752867,14123,islandpath_dimob
NC_015224.1,1584642,1617925,33283,islandpath_dimob
NC_015224.1,2087638,2094794,7156,islandpath_dimob
NC_015224.1,3297633,3315616,17983,islandpath_dimob
NC_015224.1,3593255,3605452,12197,islandpath_dimob
NC_015224.1,3825668,3837205,11537,islandpath_dimob
NC_015224.1,4171335,4196434,25099,islandpath_dimob
NC_015224.1,4395302,4404691,9389,islandpath_dimob
NC_015224.1,4432258,4440429,8171,islandpath_dimob
NC_003143.1,34726,41137,6411,islandpath_dimob
NC_003143.1,608212,617946,9734,islandpath_dimob
NC_003143.1,745740,758077,12337,islandpath_dimob
NC_003143.1,803710,811196,7486,islandpath_dimob
NC_003143.1,1087811,1092737,4926,islandpath_dimob
NC_003143.1,1238512,1245365,6853,islandpath_dimob
NC_003143.1,1617650,1623105,5455,islandpath_dimob
NC_003143.1,1808703,1818629,9926,islandpath_dimob
NC_003143.1,1928939,1938374,9435,islandpath_dimob
NC_003143.1,2120128,2130445,10317,islandpath_dimob
NC_003143.1,2384246,2392468,8222,islandpath_dimob
NC_003143.1,3198261,3203086,4825,islandpath_dimob
NC_003143.1,3894686,3911216,16530,islandpath_dimob
NC_003143.1,3946669,3952268,5599,islandpath_dimob
NC_003143.1,4134826,4141476,6650,islandpath_dimob
NC_008149.1,316088,332759,16671,islandpath_dimob
NC_008149.1,525496,535230,9734,islandpath_dimob
NC_008149.1,655283,666904,11621,islandpath_dimob
NC_008149.1,1050408,1057112,6704,islandpath_dimob
NC_008149.1,1291555,1296946,5391,islandpath_dimob
NC_008149.1,1777976,1787255,9279,islandpath_dimob
NC_008149.1,1792277,1801974,9697,islandpath_dimob
NC_008149.1,2296598,2305664,9066,islandpath_dimob
NC_008149.1,3257380,3265555,8175,islandpath_dimob
NC_008149.1,3583795,3588711,4916,islandpath_dimob
NC_008149.1,3739586,3744406,4820,islandpath_dimob
NC_008149.1,3897322,3909907,12585,islandpath_dimob
NC_010159.1,140527,158366,17839,islandpath_dimob
NC_010159.1,217946,230910,12964,islandpath_dimob
NC_010159.1,265687,277314,11627,islandpath_dimob
NC_010159.1,327880,333754,5874,islandpath_dimob
NC_010159.1,626082,639349,13267,islandpath_dimob
NC_010159.1,670895,679754,8859,islandpath_dimob
NC_010159.1,899058,906151,7093,islandpath_dimob
NC_010159.1,1288517,1313314,24797,islandpath_dimob
NC_010159.1,1422664,1430646,7982,islandpath_dimob
NC_010159.1,2110148,2116713,6565,islandpath_dimob
NC_010159.1,2158521,2195048,36527,islandpath_dimob
NC_010159.1,2268215,2275434,7219,islandpath_dimob
NC_010159.1,2276973,2288853,11880,islandpath_dimob
NC_010159.1,2931170,2950207,19037,islandpath_dimob
NC_010159.1,3116571,3131568,14997,islandpath_dimob
NC_010159.1,3895109,3906674,11565,islandpath_dimob
NC_010159.1,4241406,4258561,17155,islandpath_dimob
NC_010159.1,4436844,4452399,15555,islandpath_dimob
NC_010159.1,4467763,4473492,5729,islandpath_dimob
NC_009381.1,465165,475703,10538,islandpath_dimob
NC_009381.1,527308,538928,11620,islandpath_dimob
NC_009381.1,1141443,1152170,10727,islandpath_dimob
NC_009381.1,1364277,1410216,45939,islandpath_dimob
NC_009381.1,2945966,2954140,8174,islandpath_dimob
NC_009381.1,2957068,2963081,6013,islandpath_dimob
NC_009381.1,3191599,3197236,5637,islandpath_dimob
NC_009381.1,3485295,3492897,7602,islandpath_dimob
NC_009381.1,3685452,3704923,19471,islandpath_dimob
NC_009381.1,4071733,4083519,11786,islandpath_dimob
NC_008150.1,655055,662101,7046,islandpath_dimob
NC_008150.1,1303949,1313248,9299,islandpath_dimob
NC_008150.1,1655625,1663716,8091,islandpath_dimob
NC_008150.1,2164310,2172909,8599,islandpath_dimob
NC_008150.1,2997823,3010856,13033,islandpath_dimob
NC_008150.1,3040354,3059605,19251,islandpath_dimob
NC_008150.1,3412362,3419420,7058,islandpath_dimob
NC_008150.1,3499114,3506585,7471,islandpath_dimob
NC_008150.1,4026675,4031883,5208,islandpath_dimob
NC_008150.1,4051184,4072937,21753,islandpath_dimob
NC_008150.1,4378514,4390951,12437,islandpath_dimob
NC_004088.1,726319,730842,4523,islandpath_dimob
NC_004088.1,767526,783476,15950,islandpath_dimob
NC_004088.1,830845,843374,12529,islandpath_dimob
NC_004088.1,1123268,1129261,5993,islandpath_dimob
NC_004088.1,1274178,1284071,9893,islandpath_dimob
NC_004088.1,1926547,1936648,10101,islandpath_dimob
NC_004088.1,2645673,2675958,30285,islandpath_dimob
NC_004088.1,3388332,3397048,8716,islandpath_dimob
NC_004088.1,4207039,4223710,16671,islandpath_dimob
NC_004088.1,4431802,4459636,27834,islandpath_dimob
NC_014029.1,384591,398144,13553,islandpath_dimob
NC_005810.1,34521,40932,6411,islandpath_dimob
NC_005810.1,622481,638431,15950,islandpath_dimob
NC_005810.1,803023,809016,5993,islandpath_dimob
NC_005810.1,1136435,1144417,7982,islandpath_dimob
NC_005810.1,1147236,1152073,4837,islandpath_dimob
NC_005810.1,2423671,2432828,9157,islandpath_dimob
NC_005810.1,3028947,3034142,5195,islandpath_dimob
NC_005810.1,3206628,3210762,4134,islandpath_dimob
NC_005810.1,3338210,3354007,15797,islandpath_dimob
NC_005810.1,3391030,3403150,12120,islandpath_dimob
NC_005810.1,3924567,3931427,6860,islandpath_dimob
NC_005810.1,3967577,3985955,18378,islandpath_dimob
NC_005810.1,4005365,4013316,7951,islandpath_dimob
NC_010634.1,1337967,1358522,20555,islandpath_dimob
NC_010634.1,1446314,1449130,2816,islandpath_dimob
NC_010634.1,1912758,1948133,35375,islandpath_dimob
NC_010634.1,2126737,2139012,12275,islandpath_dimob
NC_010634.1,3590566,3603518,12952,islandpath_dimob
NC_010634.1,3746989,3751889,4900,islandpath_dimob
NC_010634.1,4562168,4583153,20985,islandpath_dimob
NC_010465.1,898556,905376,6820,islandpath_dimob
NC_010465.1,1435895,1451295,15400,islandpath_dimob
NC_010465.1,1858699,1867708,9009,islandpath_dimob
NC_010465.1,2535584,2540403,4819,islandpath_dimob
NC_010465.1,3186303,3190980,4677,islandpath_dimob
NC_010465.1,4589059,4598519,9460,islandpath_dimob
NC_006155.1,2121612,2130148,8536,islandpath_dimob
NC_006155.1,2152792,2163276,10484,islandpath_dimob
NC_006155.1,2204649,2221255,16606,islandpath_dimob
NC_006155.1,2222908,2232757,9849,islandpath_dimob
NC_006155.1,3690338,3717311,26973,islandpath_dimob
NC_006155.1,4615368,4637633,22265,islandpath_dimob
NC_009708.1,910969,937113,26144,islandpath_dimob
NC_015671.1,156787,166783,9996,islandpath_dimob
NC_015671.1,262918,304626,41708,islandpath_dimob
NC_015671.1,560143,574587,14444,islandpath_dimob
NC_015671.1,1467815,1472984,5169,islandpath_dimob
NC_015671.1,1678717,1694616,15899,islandpath_dimob
NC_015671.1,1868284,1878128,9844,islandpath_dimob
NC_015671.1,2378911,2385229,6318,islandpath_dimob
NC_015671.1,3094532,3115024,20492,islandpath_dimob
NC_015671.1,3473220,3492013,18793,islandpath_dimob
NC_015844.1,500010,530614,30604,islandpath_dimob
NC_015844.1,559672,571047,11375,islandpath_dimob
NC_015844.1,763756,812633,48877,islandpath_dimob
NC_015844.1,3149074,3161912,12838,islandpath_dimob
NC_015844.1,3166004,3175510,9506,islandpath_dimob
NC_015844.1,3543612,3602331,58719,islandpath_dimob
NC_015844.1,3693247,3706378,13131,islandpath_dimob
NC_015844.1,3768627,3795580,26953,islandpath_dimob
NC_015844.1,3911782,3927903,16121,islandpath_dimob
NC_015844.1,5291781,5297166,5385,islandpath_dimob
NC_015954.1,612883,623873,10990,islandpath_dimob
NC_015954.1,788893,803251,14358,islandpath_dimob
NC_015954.1,1227252,1235528,8276,islandpath_dimob
NC_015954.1,1442495,1461198,18703,islandpath_dimob
NC_015954.1,1669141,1691239,22098,islandpath_dimob
NC_015954.1,1990671,2006816,16145,islandpath_dimob
NC_015954.1,2401265,2416982,15717,islandpath_dimob
NC_009464.1,383054,399010,15956,islandpath_dimob
NC_009464.1,2019875,2035252,15377,islandpath_dimob
NC_009464.1,2375579,2387382,11803,islandpath_dimob
NC_009464.1,2691361,2722001,30640,islandpath_dimob
NC_009464.1,3146228,3152617,6389,islandpath_dimob
NC_017253.1,0,0,0,islandpath_dimob
NC_017253.1,0,0,0,islandpath_dimob
NC_017253.1,0,0,0,islandpath_dimob
NC_017253.1,0,0,0,islandpath_dimob
NC_017922.1,498660,522415,23755,islandpath_dimob
NC_017922.1,541898,569316,27418,islandpath_dimob
NC_017866.1,1094548,1111308,16760,islandpath_dimob
NC_017866.1,1362499,1370511,8012,islandpath_dimob
NC_017866.1,1688447,1697757,9310,islandpath_dimob
NC_017866.1,1780537,1788807,8270,islandpath_dimob
NC_017867.1,1094551,1111311,16760,islandpath_dimob
NC_017867.1,1362503,1370515,8012,islandpath_dimob
NC_017867.1,1687289,1697976,10687,islandpath_dimob
NC_017867.1,1780757,1788174,7417,islandpath_dimob
NC_018024.1,696783,716190,19407,islandpath_dimob
NC_018024.1,1154332,1185074,30742,islandpath_dimob
NC_018024.1,1956609,1993815,37206,islandpath_dimob
NC_017999.1,56710,84892,28182,islandpath_dimob
NC_017999.1,129812,140998,11186,islandpath_dimob
NC_017999.1,923106,943587,20481,islandpath_dimob
NC_017999.1,1397880,1406716,8836,islandpath_dimob
NC_017999.1,1419436,1449255,29819,islandpath_dimob
NC_017999.1,1715943,1722981,7038,islandpath_dimob
NC_017999.1,1952065,1968720,16655,islandpath_dimob
NC_017178.1,0,0,0,islandpath_dimob
NC_017173.1,0,0,0,islandpath_dimob
NC_017174.1,0,0,0,islandpath_dimob
NC_017173.1,0,0,0,islandpath_dimob
NC_017178.1,0,0,0,islandpath_dimob
NC_017174.1,0,0,0,islandpath_dimob
NC_017174.1,0,0,0,islandpath_dimob
NC_017178.1,0,0,0,islandpath_dimob
NC_017173.1,0,0,0,islandpath_dimob
NC_017174.1,0,0,0,islandpath_dimob
NC_017178.1,0,0,0,islandpath_dimob
NC_017173.1,0,0,0,islandpath_dimob
NC_018692.1,264601,340507,75906,islandpath_dimob
NC_018692.1,2281374,2300804,19430,islandpath_dimob
NC_018692.1,2405108,2421598,16490,islandpath_dimob
NC_018692.1,2804379,2820043,15664,islandpath_dimob
NC_018692.1,2889644,2934728,45084,islandpath_dimob
NC_018011.1,522083,537785,15702,islandpath_dimob
NC_018013.1,77725,88735,11010,islandpath_dimob
NC_018011.1,613207,667996,54789,islandpath_dimob
NC_018692.1,4086322,4090880,4558,islandpath_dimob
NC_018013.1,1051915,1072498,20583,islandpath_dimob
NC_018011.1,727876,733200,5324,islandpath_dimob
NC_018013.1,2148782,2184395,35613,islandpath_dimob
NC_018692.1,4240586,4257360,16774,islandpath_dimob
NC_018011.1,775906,802172,26266,islandpath_dimob
NC_018013.1,2300914,2308825,7911,islandpath_dimob
NC_018011.1,874448,883413,8965,islandpath_dimob
NC_018011.1,889135,912462,23327,islandpath_dimob
NC_018011.1,1635140,1645245,10105,islandpath_dimob
NC_018011.1,1791897,1809502,17605,islandpath_dimob
NC_018011.1,2101107,2133491,32384,islandpath_dimob
NC_018011.1,2385685,2402239,16554,islandpath_dimob
NC_018011.1,2429788,2441620,11832,islandpath_dimob
NC_018011.1,2744856,2763776,18920,islandpath_dimob
NC_018011.1,2913123,2958183,45060,islandpath_dimob
NC_018011.1,3533741,3556181,22440,islandpath_dimob
NC_017921.1,479816,509771,29955,islandpath_dimob
NC_017921.1,1138349,1148927,10578,islandpath_dimob
NC_017921.1,1383259,1392848,9589,islandpath_dimob
NC_017921.1,1941322,1966089,24767,islandpath_dimob
NC_017921.1,2124100,2132780,8680,islandpath_dimob
NC_017921.1,2152369,2162141,9772,islandpath_dimob
NC_017912.1,1155688,1199957,44269,islandpath_dimob
NC_017912.1,1488880,1531500,42620,islandpath_dimob
NC_017912.1,1856406,2001719,145313,islandpath_dimob
NC_017912.1,2942594,2952459,9865,islandpath_dimob
NC_016617.1,574086,598280,24194,islandpath_dimob
NC_016617.1,832745,838636,5891,islandpath_dimob
NC_016617.1,1256057,1279866,23809,islandpath_dimob
NC_016617.1,2396939,2424645,27706,islandpath_dimob
NC_016617.1,2832569,2848954,16385,islandpath_dimob
NC_018607.1,870486,877410,6924,islandpath_dimob
NC_018607.1,1186146,1215715,29569,islandpath_dimob
NC_018607.1,1815898,1819861,3963,islandpath_dimob
NC_018607.1,2034935,2040039,5104,islandpath_dimob
NC_018513.1,261515,304267,42752,islandpath_dimob
NC_018513.1,704901,715087,10186,islandpath_dimob
NC_018513.1,2009052,2022095,13043,islandpath_dimob
NC_018513.1,2073807,2084005,10198,islandpath_dimob
NC_018513.1,2311079,2337112,26033,islandpath_dimob
NC_018513.1,3334808,3360587,25779,islandpath_dimob
NC_018632.1,895319,915776,20457,islandpath_dimob
NC_018632.1,1718544,1734690,16146,islandpath_dimob
NC_018632.1,2437830,2451180,13350,islandpath_dimob
NC_018632.1,2573349,2577537,4188,islandpath_dimob
NC_018632.1,3876623,3904050,27427,islandpath_dimob
NC_018632.1,4335439,4343368,7929,islandpath_dimob
NC_018678.1,82163,98316,16153,islandpath_dimob
NC_018678.1,559192,591204,32012,islandpath_dimob
NC_018678.1,1822062,1833649,11587,islandpath_dimob
NC_018678.1,2387922,2410128,22206,islandpath_dimob
NC_018678.1,3610052,3621331,11279,islandpath_dimob
NC_018678.1,3958189,3976577,18388,islandpath_dimob
NC_018678.1,4003572,4032371,28799,islandpath_dimob
NC_018678.1,4407286,4418386,11100,islandpath_dimob
NC_017920.1,391543,404435,12892,islandpath_dimob
NC_017920.1,2146044,2159967,13923,islandpath_dimob
NC_018514.1,484063,505261,21198,islandpath_dimob
NC_018514.1,920784,945397,24613,islandpath_dimob
NC_018514.1,1651071,1673653,22582,islandpath_dimob
NC_018514.1,1714097,1738732,24635,islandpath_dimob
NC_018514.1,2256329,2264732,8403,islandpath_dimob
NC_018514.1,2866698,2926268,59570,islandpath_dimob
NC_018679.1,269912,312912,43000,islandpath_dimob
NC_018679.1,1479846,1491629,11783,islandpath_dimob
NC_018679.1,1607061,1615534,8473,islandpath_dimob
NC_018679.1,2394004,2403704,9700,islandpath_dimob
NC_018679.1,3849053,3868470,19417,islandpath_dimob
NC_018010.1,275190,301058,25868,islandpath_dimob
NC_018010.1,1084586,1097213,12627,islandpath_dimob
NC_018010.1,1664084,1683635,19551,islandpath_dimob
NC_018010.1,2687475,2694384,6909,islandpath_dimob
NC_018010.1,2717302,2724141,6839,islandpath_dimob
NC_018010.1,2960312,2989612,29300,islandpath_dimob
NC_018010.1,3179156,3195889,16733,islandpath_dimob
NC_018010.1,3198851,3211597,12746,islandpath_dimob
NC_018010.1,3542743,3576373,33630,islandpath_dimob
NC_013260.1,324688,334408,9720,islandpath_dimob
NC_013260.1,1084514,1092085,7571,islandpath_dimob
NC_013260.1,1429299,1436382,7083,islandpath_dimob
NC_013260.1,1740198,1742496,2298,islandpath_dimob
NC_018691.1,321542,369017,47475,islandpath_dimob
NC_018691.1,372286,381398,9112,islandpath_dimob
NC_018691.1,1322389,1346056,23667,islandpath_dimob
NC_018691.1,1353202,1357372,4170,islandpath_dimob
NC_018691.1,1848438,1854545,6107,islandpath_dimob
NC_018691.1,2263967,2302753,38786,islandpath_dimob
NC_018691.1,2876029,2881147,5118,islandpath_dimob
NC_018691.1,3040304,3106497,66193,islandpath_dimob
NC_018691.1,3540832,3568293,27461,islandpath_dimob
NC_018691.1,4621810,4634900,13090,islandpath_dimob
NC_017909.1,89268,93524,4256,islandpath_dimob
NC_010376.1,111903,117709,5806,islandpath_dimob
NC_010376.1,991864,1055076,63212,islandpath_dimob
NC_010376.1,1062760,1069524,6764,islandpath_dimob
NC_010376.1,1529548,1569341,39793,islandpath_dimob
NC_007880.1,796228,805991,9763,islandpath_dimob
NC_007880.1,1251093,1257667,6574,islandpath_dimob
NC_007880.1,1366022,1370153,4131,islandpath_dimob
NC_007880.1,1515375,1521413,6038,islandpath_dimob
NC_017360.1,1032831,1073636,40805,islandpath_dimob
NC_017299.1,2006623,2013761,7138,islandpath_dimob
NC_017299.1,2190463,2219573,29110,islandpath_dimob
NC_017299.1,2222734,2236042,13308,islandpath_dimob
NC_017299.1,3039452,3049705,10253,islandpath_dimob
NC_018101.1,1580423,1591411,10988,islandpath_dimob
NC_017960.1,54527,74687,20160,islandpath_dimob
NC_017960.1,245109,258152,13043,islandpath_dimob
NC_017960.1,513343,517480,4137,islandpath_dimob
NC_017960.1,585550,597634,12084,islandpath_dimob
NC_017960.1,1151876,1160671,8795,islandpath_dimob
NC_017960.1,1608725,1614734,6009,islandpath_dimob
NC_017960.1,1785869,1802207,16338,islandpath_dimob
NC_017960.1,1827597,1832913,5316,islandpath_dimob
NC_017960.1,1878180,1884678,6498,islandpath_dimob
NC_017960.1,2308544,2313194,4650,islandpath_dimob
NC_017960.1,2329482,2336853,7371,islandpath_dimob
NC_017378.1,985284,1019438,34154,islandpath_dimob
NC_018664.1,468176,529346,61170,islandpath_dimob
NC_018664.1,597577,605258,7681,islandpath_dimob
NC_018664.1,1559120,1577552,18432,islandpath_dimob
NC_018664.1,2941332,2970412,29080,islandpath_dimob
NC_017376.1,55550,109337,53787,islandpath_dimob
NC_017310.1,626629,634440,7811,islandpath_dimob
NC_017310.1,1469605,1506034,36429,islandpath_dimob
NC_017310.1,1723904,1733071,9167,islandpath_dimob
NC_017310.1,1761989,1777130,15141,islandpath_dimob
NC_017310.1,1985340,2003303,17963,islandpath_dimob
NC_017310.1,2270508,2287373,16865,islandpath_dimob
NC_017310.1,2802723,2839240,36517,islandpath_dimob
NC_013949.1,44383,52412,8029,islandpath_dimob
NC_014394.1,712620,749962,37342,islandpath_dimob
NC_014394.1,769637,790312,20675,islandpath_dimob
NC_014394.1,1000325,1021521,21196,islandpath_dimob
NC_014394.1,1547201,1562866,15665,islandpath_dimob
NC_014394.1,1626699,1645603,18904,islandpath_dimob
NC_014394.1,1825770,1831533,5763,islandpath_dimob
NC_014394.1,1954180,1961391,7211,islandpath_dimob
NC_014394.1,2599190,2612254,13064,islandpath_dimob
NC_014394.1,2772523,2778818,6295,islandpath_dimob
NC_014394.1,2956298,2969304,13006,islandpath_dimob
NC_017449.1,2803,19279,16476,islandpath_dimob
NC_017449.1,1044349,1059921,15572,islandpath_dimob
NC_017309.1,860518,894452,33934,islandpath_dimob
NC_017309.1,1489574,1503788,14214,islandpath_dimob
NC_017309.1,2813846,2833120,19274,islandpath_dimob
NC_017309.1,3138164,3159025,20861,islandpath_dimob
NC_017309.1,3163217,3192220,29003,islandpath_dimob
NC_017741.1,189417,202681,13264,islandpath_dimob
NC_017741.1,232925,281668,48743,islandpath_dimob
NC_017741.1,861598,901539,39941,islandpath_dimob
NC_017741.1,1411853,1458635,46782,islandpath_dimob
NC_017741.1,1600611,1605573,4962,islandpath_dimob
NC_018081.1,144696,154472,9776,islandpath_dimob
NC_018081.1,324085,343747,19662,islandpath_dimob
NC_018081.1,507665,516762,9097,islandpath_dimob
NC_018081.1,669292,680967,11675,islandpath_dimob
NC_018081.1,862135,873719,11584,islandpath_dimob
NC_018081.1,1847859,1852876,5017,islandpath_dimob
NC_018081.1,1854588,1863894,9306,islandpath_dimob
NC_017739.1,1147768,1185458,37690,islandpath_dimob
NC_017739.1,1545501,1593416,47915,islandpath_dimob
NC_017022.1,64111,73196,9085,islandpath_dimob
NC_017022.1,89858,111442,21584,islandpath_dimob
NC_017022.1,283560,295150,11590,islandpath_dimob
NC_017022.1,584329,595945,11616,islandpath_dimob
NC_017022.1,1172116,1178559,6443,islandpath_dimob
NC_017022.1,1607340,1630387,23047,islandpath_dimob
NC_017022.1,2430031,2434853,4822,islandpath_dimob
NC_017022.1,2763038,2776800,13762,islandpath_dimob
NC_017022.1,2836881,2879211,42330,islandpath_dimob
NC_017740.1,199770,240023,40253,islandpath_dimob
NC_017740.1,717332,724389,7057,islandpath_dimob
NC_017740.1,1557865,1563664,5799,islandpath_dimob
NC_014625.1,647040,689248,42208,islandpath_dimob
NC_014625.1,1192472,1212197,19725,islandpath_dimob
NC_014625.1,1414392,1420926,6534,islandpath_dimob
NC_014625.1,1940908,1972240,31332,islandpath_dimob
NC_008086.1,203064,208962,5898,islandpath_dimob
NC_008086.1,511846,550902,39056,islandpath_dimob
NC_012778.1,229503,248804,19301,islandpath_dimob
NC_012778.1,1563084,1602384,39300,islandpath_dimob
NC_012778.1,1825082,1849991,24909,islandpath_dimob
NC_012778.1,1856313,1860941,4628,islandpath_dimob
NC_014644.1,7178,26288,19110,islandpath_dimob
NC_014644.1,951320,962592,11272,islandpath_dimob
NC_014644.1,1273902,1291411,17509,islandpath_dimob
NC_014828.1,103111,113874,10763,islandpath_dimob
NC_014828.1,546080,555048,8968,islandpath_dimob
NC_014828.1,647566,657940,10374,islandpath_dimob
NC_014828.1,1044324,1066135,21811,islandpath_dimob
NC_014828.1,1355704,1371759,16055,islandpath_dimob
NC_014828.1,1386303,1401710,15407,islandpath_dimob
NC_014828.1,1934720,2001578,66858,islandpath_dimob
NC_014828.1,2050820,2059024,8204,islandpath_dimob
NC_002939.5,180979,187318,6339,islandpath_dimob
NC_002939.5,795282,820007,24725,islandpath_dimob
NC_002939.5,1873656,1880275,6619,islandpath_dimob
NC_002939.5,2015321,2038451,23130,islandpath_dimob
NC_002939.5,2346188,2350170,3982,islandpath_dimob
NC_002939.5,2354573,2362529,7956,islandpath_dimob
NC_002939.5,2377152,2387874,10722,islandpath_dimob
NC_002939.5,2624399,2632305,7906,islandpath_dimob
NC_002939.5,2848694,2867460,18766,islandpath_dimob
NC_002939.5,3032028,3064612,32584,islandpath_dimob
NC_018665.1,498110,511350,13240,islandpath_dimob
NC_018665.1,1235617,1255456,19839,islandpath_dimob
NC_018406.1,265958,291705,25747,islandpath_dimob
NC_012967.1,16749,24404,7655,islandpath_dimob
NC_012967.1,274677,282957,8280,islandpath_dimob
NC_012967.1,530320,550037,19717,islandpath_dimob
NC_012967.1,880691,897175,16484,islandpath_dimob
NC_012967.1,898602,903931,5329,islandpath_dimob
NC_012967.1,1494593,1507169,12576,islandpath_dimob
NC_012967.1,1609298,1615835,6537,islandpath_dimob
NC_012967.1,2001388,2009870,8482,islandpath_dimob
NC_012967.1,2032831,2046292,13461,islandpath_dimob
NC_012967.1,2140045,2145365,5320,islandpath_dimob
NC_012967.1,2670159,2691539,21380,islandpath_dimob
NC_012967.1,3019065,3026802,7737,islandpath_dimob
NC_012967.1,3394702,3406402,11700,islandpath_dimob
NC_012967.1,3734473,3745427,10954,islandpath_dimob
NC_012967.1,3775658,3796503,20845,islandpath_dimob
NC_012967.1,3837428,3845213,7785,islandpath_dimob
NC_012967.1,4478418,4501709,23291,islandpath_dimob
NC_017063.1,180660,190437,9777,islandpath_dimob
NC_017063.1,838627,886901,48274,islandpath_dimob
NC_017366.1,532563,571820,39257,islandpath_dimob
NC_017366.1,1051313,1085082,33769,islandpath_dimob
NC_003454.1,366847,372892,6045,islandpath_dimob
NC_003454.1,769879,775390,5511,islandpath_dimob
NC_003454.1,1499265,1504284,5019,islandpath_dimob
NC_018178.1,604121,615110,10989,islandpath_dimob
NC_018178.1,643841,674323,30482,islandpath_dimob
NC_018178.1,777459,784318,6859,islandpath_dimob
NC_018178.1,1076867,1088095,11228,islandpath_dimob
NC_018178.1,1404124,1416021,11897,islandpath_dimob
NC_018178.1,2049173,2056903,7730,islandpath_dimob
NC_018178.1,2714684,2737201,22517,islandpath_dimob
NC_014211.1,441802,457171,15369,islandpath_dimob
NC_017361.1,932103,975434,43331,islandpath_dimob
NC_017361.1,1527440,1569259,41819,islandpath_dimob
NC_017933.1,353830,378562,24732,islandpath_dimob
NC_017933.1,908805,927909,19104,islandpath_dimob
NC_017933.1,1322999,1351368,28369,islandpath_dimob
NC_017933.1,1593629,1611965,18336,islandpath_dimob
NC_017933.1,1769823,1799143,29320,islandpath_dimob
NC_017933.1,3335946,3343050,7104,islandpath_dimob
NC_017933.1,3693903,3705398,11495,islandpath_dimob
NC_018017.1,1501500,1515067,13567,islandpath_dimob
NC_018017.1,2339035,2353643,14608,islandpath_dimob
NC_018017.1,3155159,3171945,16786,islandpath_dimob
NC_018017.1,4040250,4064589,24339,islandpath_dimob
NC_018411.1,250284,275127,24843,islandpath_dimob
NC_017521.1,401934,408032,6098,islandpath_dimob
NC_017521.1,645756,659311,13555,islandpath_dimob
NC_017521.1,988269,994127,5858,islandpath_dimob
NC_017521.1,1008074,1013504,5430,islandpath_dimob
NC_011751.1,258677,273283,14606,islandpath_dimob
NC_011751.1,643976,653229,9253,islandpath_dimob
NC_011751.1,699482,710892,11410,islandpath_dimob
NC_011751.1,2327959,2342945,14986,islandpath_dimob
NC_011751.1,3047192,3065186,17994,islandpath_dimob
NC_011751.1,3073619,3079693,6074,islandpath_dimob
NC_011751.1,3446197,3528501,82304,islandpath_dimob
NC_011751.1,3884690,3908572,23882,islandpath_dimob
NC_011751.1,5006786,5023900,17114,islandpath_dimob
NC_011751.1,5036483,5058775,22292,islandpath_dimob
NC_018407.1,255241,280950,25709,islandpath_dimob
NC_017941.1,75679,83564,7885,islandpath_dimob
NC_017941.1,841240,861618,20378,islandpath_dimob
NC_017941.1,1226617,1264728,38111,islandpath_dimob
NC_017941.1,1889704,1897268,7564,islandpath_dimob
NC_017941.1,2578597,2586369,7772,islandpath_dimob
NC_017941.1,2897985,2922990,25005,islandpath_dimob
NC_018515.1,3131672,3138357,6685,islandpath_dimob
NC_007779.1,262552,274341,11789,islandpath_dimob
NC_007779.1,288525,297015,8490,islandpath_dimob
NC_007779.1,303719,314468,10749,islandpath_dimob
NC_007779.1,565321,584856,19535,islandpath_dimob
NC_007779.1,729154,739932,10778,islandpath_dimob
NC_007779.1,1196700,1218212,21512,islandpath_dimob
NC_007779.1,1414951,1430440,15489,islandpath_dimob
NC_007779.1,1525021,1535565,10544,islandpath_dimob
NC_007779.1,2064528,2081068,16540,islandpath_dimob
NC_007779.1,2100584,2114113,13529,islandpath_dimob
NC_007779.1,2469698,2477833,8135,islandpath_dimob
NC_007779.1,2747520,2795442,47922,islandpath_dimob
NC_007779.1,2983067,2995933,12866,islandpath_dimob
NC_007779.1,4161919,4173256,11337,islandpath_dimob
NC_007779.1,4502907,4521357,18450,islandpath_dimob
NC_017390.1,83404,89468,6064,islandpath_dimob
NC_017390.1,752270,760150,7880,islandpath_dimob
NC_017390.1,879114,886983,7869,islandpath_dimob
NC_017390.1,1122349,1135382,13033,islandpath_dimob
NC_017390.1,1218325,1231111,12786,islandpath_dimob
NC_017390.1,1356619,1370638,14019,islandpath_dimob
NC_017390.1,1656917,1667711,10794,islandpath_dimob
NC_017390.1,2281836,2296473,14637,islandpath_dimob
NC_017390.1,2440298,2446557,6259,islandpath_dimob
NC_017390.1,2457066,2463753,6687,islandpath_dimob
NC_017390.1,2811177,2821528,10351,islandpath_dimob
NC_017390.1,2887749,2913085,25336,islandpath_dimob
NC_017390.1,3469359,3477963,8604,islandpath_dimob
NC_017390.1,3492807,3502761,9954,islandpath_dimob
NC_017390.1,3940256,3946288,6032,islandpath_dimob
NC_017934.1,123789,129473,5684,islandpath_dimob
NC_017934.1,1251461,1264694,13233,islandpath_dimob
NC_017934.1,1727349,1764096,36747,islandpath_dimob
NC_017934.1,1790869,1810089,19220,islandpath_dimob
NC_017934.1,2497928,2515587,17659,islandpath_dimob
NC_017382.1,992739,1036302,43563,islandpath_dimob
NC_018068.1,175484,184955,9471,islandpath_dimob
NC_018068.1,1417447,1426085,8638,islandpath_dimob
NC_018068.1,1451562,1473620,22058,islandpath_dimob
NC_018068.1,2095132,2100884,5752,islandpath_dimob
NC_018068.1,2578692,2588771,10079,islandpath_dimob
NC_018068.1,4242940,4274187,31247,islandpath_dimob
NC_018068.1,4279256,4291258,12002,islandpath_dimob
NC_017454.1,773980,795295,21315,islandpath_dimob
NC_017454.1,1446113,1460199,14086,islandpath_dimob
NC_017454.1,2516666,2532396,15730,islandpath_dimob
NC_017454.1,2926718,2947784,21066,islandpath_dimob
NC_018661.1,48492,65418,16926,islandpath_dimob
NC_018661.1,292321,328142,35821,islandpath_dimob
NC_018661.1,484093,502119,18026,islandpath_dimob
NC_018661.1,850241,921798,71557,islandpath_dimob
NC_018661.1,1277726,1299642,21916,islandpath_dimob
NC_018661.1,1858776,1864970,6194,islandpath_dimob
NC_018661.1,1972144,1995950,23806,islandpath_dimob
NC_018661.1,3187829,3212060,24231,islandpath_dimob
NC_018661.1,3215361,3226544,11183,islandpath_dimob
NC_018661.1,3232946,3276281,43335,islandpath_dimob
NC_018661.1,3655409,3664140,8731,islandpath_dimob
NC_018661.1,3666809,3673962,7153,islandpath_dimob
NC_018661.1,4179602,4189719,10117,islandpath_dimob
NC_018661.1,4572616,4579382,6766,islandpath_dimob
NC_018661.1,4591240,4608344,17104,islandpath_dimob
NC_018661.1,4773797,4824505,50708,islandpath_dimob
NC_017910.1,509433,519139,9706,islandpath_dimob
NC_017910.1,657700,662222,4522,islandpath_dimob
NC_017910.1,710686,716692,6006,islandpath_dimob
NC_017910.1,944561,955996,11435,islandpath_dimob
NC_017910.1,2148418,2157249,8831,islandpath_dimob
NC_017910.1,2232814,2254807,21993,islandpath_dimob
NC_017910.1,3060180,3092875,32695,islandpath_dimob
NC_017910.1,3584313,3600397,16084,islandpath_dimob
NC_012971.2,17488,24404,6916,islandpath_dimob
NC_012971.2,274680,289629,14949,islandpath_dimob
NC_012971.2,527299,551267,23968,islandpath_dimob
NC_012971.2,872058,885172,13114,islandpath_dimob
NC_012971.2,886599,891928,5329,islandpath_dimob
NC_012971.2,1402338,1411178,8840,islandpath_dimob
NC_012971.2,1478546,1488699,10153,islandpath_dimob
NC_012971.2,1969627,1975671,6044,islandpath_dimob
NC_012971.2,1998632,2012093,13461,islandpath_dimob
NC_012971.2,2083711,2089031,5320,islandpath_dimob
NC_012971.2,2615266,2628467,13201,islandpath_dimob
NC_012971.2,2952412,2960149,7737,islandpath_dimob
NC_012971.2,3327031,3338098,11067,islandpath_dimob
NC_012971.2,3662908,3673862,10954,islandpath_dimob
NC_012971.2,3704093,3724938,20845,islandpath_dimob
NC_012971.2,3765863,3773648,7785,islandpath_dimob
NC_012971.2,4406783,4430074,23291,islandpath_dimob
NC_017906.1,305993,317827,11834,islandpath_dimob
NC_017906.1,1177755,1184200,6445,islandpath_dimob
NC_017906.1,1185988,1189241,3253,islandpath_dimob
NC_017906.1,1373958,1393847,19889,islandpath_dimob
NC_017906.1,1397577,1407134,9557,islandpath_dimob
NC_017906.1,1417763,1458492,40729,islandpath_dimob
NC_017906.1,1563184,1591451,28267,islandpath_dimob
NC_017906.1,1623513,1629298,5785,islandpath_dimob
NC_017906.1,1654370,1665153,10783,islandpath_dimob
NC_017906.1,1781612,1814206,32594,islandpath_dimob
NC_017906.1,2669060,2681153,12093,islandpath_dimob
NC_017906.1,2824853,2852844,27991,islandpath_dimob
NC_017906.1,3401932,3413740,11808,islandpath_dimob
NC_017906.1,3416679,3432704,16025,islandpath_dimob
NC_017906.1,3781848,3800073,18225,islandpath_dimob
NC_017906.1,4106377,4124585,18208,islandpath_dimob
NC_017906.1,4509960,4513718,3758,islandpath_dimob
NC_018018.1,84068,104209,20141,islandpath_dimob
NC_018018.1,158948,196981,38033,islandpath_dimob
NC_018018.1,207049,223512,16463,islandpath_dimob
NC_018018.1,302461,332191,29730,islandpath_dimob
NC_018018.1,378482,386140,7658,islandpath_dimob
NC_018018.1,395073,399963,4890,islandpath_dimob
NC_018018.1,442112,450740,8628,islandpath_dimob
NC_018018.1,541916,557720,15804,islandpath_dimob
NC_018018.1,2671333,2678081,6748,islandpath_dimob
NC_018018.1,3607232,3628074,20842,islandpath_dimob
NC_018018.1,4049687,4058637,8950,islandpath_dimob
NC_018079.1,103466,112866,9400,islandpath_dimob
NC_018079.1,1020064,1033743,13679,islandpath_dimob
NC_018079.1,1714424,1731380,16956,islandpath_dimob
NC_018079.1,3736833,3761896,25063,islandpath_dimob
NC_018079.1,4011163,4015989,4826,islandpath_dimob
NC_018079.1,4470962,4495959,24997,islandpath_dimob
NC_017634.1,259904,271999,12095,islandpath_dimob
NC_017634.1,292047,314282,22235,islandpath_dimob
NC_017634.1,1181099,1189928,8829,islandpath_dimob
NC_017634.1,2063636,2085046,21410,islandpath_dimob
NC_017634.1,2709803,2714001,4198,islandpath_dimob
NC_017634.1,3092386,3102256,9870,islandpath_dimob
NC_017634.1,3484135,3495205,11070,islandpath_dimob
NC_017634.1,3898859,3906644,7785,islandpath_dimob
NC_008563.1,260572,272666,12094,islandpath_dimob
NC_008563.1,296225,327041,30816,islandpath_dimob
NC_008563.1,942338,949551,7213,islandpath_dimob
NC_008563.1,2134815,2168238,33423,islandpath_dimob
NC_008563.1,2566526,2595857,29331,islandpath_dimob
NC_008563.1,2953901,2963901,10000,islandpath_dimob
NC_008563.1,3306652,3327140,20488,islandpath_dimob
NC_008563.1,3332114,3360717,28603,islandpath_dimob
NC_008563.1,4703108,4721461,18353,islandpath_dimob
NC_008563.1,4743291,4759517,16226,islandpath_dimob
NC_012781.1,395858,402450,6592,islandpath_dimob
NC_012781.1,696710,744669,47959,islandpath_dimob
NC_012781.1,1096208,1105477,9269,islandpath_dimob
NC_012781.1,1950660,1991283,40623,islandpath_dimob
NC_012781.1,2501413,2524246,22833,islandpath_dimob
NC_012781.1,2552723,2602049,49326,islandpath_dimob
NC_012781.1,3181360,3186727,5367,islandpath_dimob
NC_012781.1,3270081,3275338,5257,islandpath_dimob
NC_012781.1,3317145,3364004,46859,islandpath_dimob
NC_018592.1,162472,172225,9753,islandpath_dimob
NC_018592.1,1223864,1230743,6879,islandpath_dimob
NC_017638.1,262553,274306,11753,islandpath_dimob
NC_017638.1,290296,298215,7919,islandpath_dimob
NC_017638.1,304919,313204,8285,islandpath_dimob
NC_017638.1,558636,577168,18532,islandpath_dimob
NC_017638.1,718992,726959,7967,islandpath_dimob
NC_017638.1,1172515,1201287,28772,islandpath_dimob
NC_017638.1,1405527,1411166,5639,islandpath_dimob
NC_017638.1,1505489,1515134,9645,islandpath_dimob
NC_017638.1,2046194,2062734,16540,islandpath_dimob
NC_017638.1,2082250,2095778,13528,islandpath_dimob
NC_017638.1,2449133,2457268,8135,islandpath_dimob
NC_017638.1,2726707,2774695,47988,islandpath_dimob
NC_017638.1,3161720,3168537,6817,islandpath_dimob
NC_017638.1,3444702,3456402,11700,islandpath_dimob
NC_017638.1,3854974,3862759,7785,islandpath_dimob
NC_017638.1,4477997,4498572,20575,islandpath_dimob
NC_008253.1,295883,323299,27416,islandpath_dimob
NC_008253.1,330169,370904,40735,islandpath_dimob
NC_008253.1,1188067,1191669,3602,islandpath_dimob
NC_008253.1,1946169,1969721,23552,islandpath_dimob
NC_008253.1,2066788,2071832,5044,islandpath_dimob
NC_008253.1,2086458,2101967,15509,islandpath_dimob
NC_008253.1,2834500,2844346,9846,islandpath_dimob
NC_008253.1,3128357,3142150,13793,islandpath_dimob
NC_008253.1,3151659,3176756,25097,islandpath_dimob
NC_008253.1,3948173,4024546,76373,islandpath_dimob
NC_008253.1,4757558,4797898,40340,islandpath_dimob
NC_008253.1,4819437,4837606,18169,islandpath_dimob
NC_017632.1,699213,710083,10870,islandpath_dimob
NC_017632.1,766852,774769,7917,islandpath_dimob
NC_017632.1,1018484,1044881,26397,islandpath_dimob
NC_017632.1,1440581,1456614,16033,islandpath_dimob
NC_017632.1,1474757,1517035,42278,islandpath_dimob
NC_017632.1,2389711,2400882,11171,islandpath_dimob
NC_017632.1,2499964,2524101,24137,islandpath_dimob
NC_017632.1,2552556,2559817,7261,islandpath_dimob
NC_017632.1,3300858,3323440,22582,islandpath_dimob
NC_017632.1,3344448,3353396,8948,islandpath_dimob
NC_017632.1,3454819,3477497,22678,islandpath_dimob
NC_017632.1,4521365,4600473,79108,islandpath_dimob
NC_017632.1,4620589,4638373,17784,islandpath_dimob
NC_018591.1,682340,706560,24220,islandpath_dimob
NC_009801.1,328690,337974,9284,islandpath_dimob
NC_009801.1,420649,429267,8618,islandpath_dimob
NC_009801.1,836722,857434,20712,islandpath_dimob
NC_009801.1,1399430,1415445,16015,islandpath_dimob
NC_009801.1,1754336,1772252,17916,islandpath_dimob
NC_009801.1,2176281,2209849,33568,islandpath_dimob
NC_009801.1,2899811,2949173,49362,islandpath_dimob
NC_009801.1,3020717,3032808,12091,islandpath_dimob
NC_009801.1,3341749,3427961,86212,islandpath_dimob
NC_009801.1,3768244,3793204,24960,islandpath_dimob
NC_009801.1,4839010,4858342,19332,islandpath_dimob
NC_009801.1,4868452,4886769,18317,islandpath_dimob
NC_017946.1,636852,643417,6565,islandpath_dimob
NC_017946.1,995429,1021265,25836,islandpath_dimob
NC_017946.1,1702479,1711141,8662,islandpath_dimob
NC_018139.1,185988,197928,11940,islandpath_dimob
NC_018139.1,627015,637132,10117,islandpath_dimob
NC_018139.1,1521894,1546235,24341,islandpath_dimob
NC_018139.1,2100122,2122229,22107,islandpath_dimob
NC_018139.1,2568795,2577515,8720,islandpath_dimob
NC_018139.1,2625496,2635925,10429,islandpath_dimob
NC_018139.1,2885354,2893659,8305,islandpath_dimob
NC_017362.1,1512134,1551353,39219,islandpath_dimob
NC_011750.1,297548,302956,5408,islandpath_dimob
NC_011750.1,336135,344468,8333,islandpath_dimob
NC_011750.1,915301,935209,19908,islandpath_dimob
NC_011750.1,1079350,1099767,20417,islandpath_dimob
NC_011750.1,1103876,1116750,12874,islandpath_dimob
NC_011750.1,1563442,1574106,10664,islandpath_dimob
NC_011750.1,1883649,1899819,16170,islandpath_dimob
NC_011750.1,2010250,2039329,29079,islandpath_dimob
NC_011750.1,2040678,2044461,3783,islandpath_dimob
NC_011750.1,2590426,2602335,11909,islandpath_dimob
NC_011750.1,2747486,2788442,40956,islandpath_dimob
NC_011750.1,2926058,2947195,21137,islandpath_dimob
NC_011750.1,3310683,3315986,5303,islandpath_dimob
NC_011750.1,3417036,3423846,6810,islandpath_dimob
NC_011750.1,3548833,3583957,35124,islandpath_dimob
NC_011750.1,3952806,3977768,24962,islandpath_dimob
NC_011750.1,4361791,4371855,10064,islandpath_dimob
NC_011750.1,4476539,4485190,8651,islandpath_dimob
NC_011750.1,4766429,4804602,38173,islandpath_dimob
NC_011750.1,4953920,4977557,23637,islandpath_dimob
NC_011750.1,5057084,5094251,37167,islandpath_dimob
NC_013654.1,1150596,1160065,9469,islandpath_dimob
NC_013654.1,1164145,1190039,25894,islandpath_dimob
NC_013654.1,1234742,1253695,18953,islandpath_dimob
NC_013654.1,1976344,2012419,36075,islandpath_dimob
NC_013654.1,2017739,2032064,14325,islandpath_dimob
NC_013654.1,2405720,2414921,9201,islandpath_dimob
NC_013654.1,3425536,3437244,11708,islandpath_dimob
NC_013654.1,3834747,3842986,8239,islandpath_dimob
NC_013654.1,3853781,3860443,6662,islandpath_dimob
NC_013654.1,4539836,4554730,14894,islandpath_dimob
NC_013654.1,4573935,4612582,38647,islandpath_dimob
NC_018016.1,407135,425060,17925,islandpath_dimob
NC_018016.1,1554912,1577427,22515,islandpath_dimob
NC_018016.1,1753874,1760232,6358,islandpath_dimob
NC_018016.1,2055875,2093323,37448,islandpath_dimob
NC_017067.1,526225,544592,18367,islandpath_dimob
NC_017067.1,1149615,1161446,11831,islandpath_dimob
NC_017067.1,1947726,1975118,27392,islandpath_dimob
NC_017067.1,2021055,2031355,10300,islandpath_dimob
NC_017067.1,3298419,3310751,12332,islandpath_dimob
NC_017067.1,3821495,3843647,22152,islandpath_dimob
NC_018642.1,694424,706480,12056,islandpath_dimob
NC_018642.1,2095145,2111473,16328,islandpath_dimob
NC_018025.1,930021,958012,27991,islandpath_dimob
NC_018025.1,1174753,1184220,9467,islandpath_dimob
NC_018025.1,1482206,1487847,5641,islandpath_dimob
NC_018025.1,1695243,1703013,7770,islandpath_dimob
NC_018025.1,2020622,2030940,10318,islandpath_dimob
NC_018025.1,2327475,2351708,24233,islandpath_dimob
NC_018025.1,2607395,2640333,32938,islandpath_dimob
NC_018025.1,2726404,2748481,22077,islandpath_dimob
NC_018025.1,3796842,3813993,17151,islandpath_dimob
NC_018025.1,3962870,3982289,19419,islandpath_dimob
NC_018025.1,4079002,4101374,22372,islandpath_dimob
NC_018025.1,4193885,4207243,13358,islandpath_dimob
NC_018025.1,5902288,5922848,20560,islandpath_dimob
NC_018025.1,6020299,6033958,13659,islandpath_dimob
NC_018025.1,6347643,6364638,16995,islandpath_dimob
NC_007946.1,293697,312757,19060,islandpath_dimob
NC_007946.1,344662,351500,6838,islandpath_dimob
NC_007946.1,564961,572012,7051,islandpath_dimob
NC_007946.1,1081137,1089378,8241,islandpath_dimob
NC_007946.1,1116587,1142382,25795,islandpath_dimob
NC_007946.1,2169441,2202601,33160,islandpath_dimob
NC_007946.1,2596289,2622324,26035,islandpath_dimob
NC_007946.1,3712731,3735424,22693,islandpath_dimob
NC_007946.1,4138635,4146044,7409,islandpath_dimob
NC_007946.1,4779745,4859340,79595,islandpath_dimob
NC_007946.1,4881012,4897135,16123,islandpath_dimob
NC_018658.1,47735,69108,21373,islandpath_dimob
NC_018658.1,301569,334841,33272,islandpath_dimob
NC_018658.1,490792,508818,18026,islandpath_dimob
NC_018658.1,856717,929018,72301,islandpath_dimob
NC_018658.1,1283973,1305889,21916,islandpath_dimob
NC_018658.1,1976413,2000219,23806,islandpath_dimob
NC_018658.1,3140461,3163560,23099,islandpath_dimob
NC_018658.1,3165480,3178533,13053,islandpath_dimob
NC_018658.1,3183065,3226400,43335,islandpath_dimob
NC_018658.1,3605782,3614513,8731,islandpath_dimob
NC_018658.1,3617182,3624335,7153,islandpath_dimob
NC_018658.1,4141652,4153038,11386,islandpath_dimob
NC_018658.1,4535935,4542701,6766,islandpath_dimob
NC_018658.1,4560345,4573646,13301,islandpath_dimob
NC_018658.1,4735976,4784755,48779,islandpath_dimob
NC_018077.1,922783,933391,10608,islandpath_dimob
NC_018410.1,249874,272638,22764,islandpath_dimob
NC_007146.2,118869,136402,17533,islandpath_dimob
NC_007146.2,139118,151280,12162,islandpath_dimob
NC_007146.2,1113185,1123499,10314,islandpath_dimob
NC_017633.1,240629,274675,34046,islandpath_dimob
NC_017633.1,327726,340686,12960,islandpath_dimob
NC_017633.1,365411,373014,7603,islandpath_dimob
NC_017633.1,581410,591310,9900,islandpath_dimob
NC_017633.1,1312397,1325559,13162,islandpath_dimob
NC_017633.1,2094236,2132576,38340,islandpath_dimob
NC_017633.1,2271592,2311842,40250,islandpath_dimob
NC_017633.1,2841553,2873464,31911,islandpath_dimob
NC_017633.1,2952709,2958552,5843,islandpath_dimob
NC_017633.1,3044353,3077733,33380,islandpath_dimob
NC_017633.1,3079240,3090861,11621,islandpath_dimob
NC_017633.1,3454658,3486894,32236,islandpath_dimob
NC_017633.1,3853271,3863893,10622,islandpath_dimob
NC_017633.1,4825073,4868911,43838,islandpath_dimob
NC_017633.1,5005093,5012399,7306,islandpath_dimob
NC_017633.1,5080543,5092452,11909,islandpath_dimob
NC_017633.1,5098938,5112118,13180,islandpath_dimob
NC_017926.1,609188,653746,44558,islandpath_dimob
NC_017926.1,880707,920237,39530,islandpath_dimob
NC_012673.1,791280,807267,15987,islandpath_dimob
NC_012673.1,1041117,1054211,13094,islandpath_dimob
NC_012673.1,1071677,1101811,30134,islandpath_dimob
NC_018073.1,1550099,1557943,7844,islandpath_dimob
NC_018073.1,1816069,1832169,16100,islandpath_dimob
NC_018073.1,1859711,1871426,11715,islandpath_dimob
NC_017582.1,0,0,0,islandpath_dimob
NC_017582.1,0,0,0,islandpath_dimob
NC_017582.1,0,0,0,islandpath_dimob
NC_017582.1,0,0,0,islandpath_dimob
NC_006396.1,514277,535162,20885,islandpath_dimob
NC_006396.1,701670,705730,4060,islandpath_dimob
NC_006396.1,934153,941952,7799,islandpath_dimob
NC_006396.1,1294084,1309475,15391,islandpath_dimob
NC_006396.1,1379108,1397526,18418,islandpath_dimob
NC_006396.1,1405493,1443545,38052,islandpath_dimob
NC_006396.1,1495981,1505862,9881,islandpath_dimob
NC_006396.1,1636496,1647454,10958,islandpath_dimob
NC_006396.1,2029686,2048040,18354,islandpath_dimob
NC_006396.1,2063746,2077212,13466,islandpath_dimob
NC_006396.1,2124334,2138372,14038,islandpath_dimob
NC_018266.1,370816,400013,29197,islandpath_dimob
NC_018266.1,2269662,2292655,22993,islandpath_dimob
NC_018266.1,3024020,3030658,6638,islandpath_dimob
NC_018266.1,4126753,4154005,27252,islandpath_dimob
NC_018266.1,5199442,5208038,8596,islandpath_dimob
NC_018266.1,5299532,5306413,6881,islandpath_dimob
NC_018266.1,5603870,5640358,36488,islandpath_dimob
NC_018266.1,6118603,6152243,33640,islandpath_dimob
NC_018266.1,6241890,6249255,7365,islandpath_dimob
NC_018266.1,6296967,6305540,8573,islandpath_dimob
NC_018266.1,6470247,6479396,9149,islandpath_dimob
NC_018266.1,6810646,6837217,26571,islandpath_dimob
NC_018266.1,7180628,7188108,7480,islandpath_dimob
NC_018266.1,7387764,7394196,6432,islandpath_dimob
NC_018266.1,8458727,8464533,5806,islandpath_dimob
NC_018266.1,8592914,8637164,44250,islandpath_dimob
NC_018266.1,9898001,9908942,10941,islandpath_dimob
NC_017769.1,147882,154561,6679,islandpath_dimob
NC_017769.1,817351,826869,9518,islandpath_dimob
NC_017769.1,1057716,1073341,15625,islandpath_dimob
NC_017769.1,1387376,1398109,10733,islandpath_dimob
NC_017769.1,2117751,2124287,6536,islandpath_dimob
NC_017927.1,15398,30592,15194,islandpath_dimob
NC_017927.1,304398,309018,4620,islandpath_dimob
NC_017927.1,371406,380194,8788,islandpath_dimob
NC_017927.1,729480,736299,6819,islandpath_dimob
NC_017927.1,819919,825972,6053,islandpath_dimob
NC_017927.1,1250900,1260696,9796,islandpath_dimob
NC_017927.1,1629575,1640465,10890,islandpath_dimob
NC_017927.1,1749192,1765661,16469,islandpath_dimob
NC_017927.1,1768016,1781872,13856,islandpath_dimob
NC_018140.1,65654,73459,7805,islandpath_dimob
NC_018140.1,206599,215146,8547,islandpath_dimob
NC_018140.1,222098,230610,8512,islandpath_dimob
NC_018140.1,1221547,1231465,9918,islandpath_dimob
NC_018140.1,1790867,1839942,49075,islandpath_dimob
NC_018140.1,1859643,1866506,6863,islandpath_dimob
NC_018140.1,2306697,2336757,30060,islandpath_dimob
NC_018140.1,2750530,2761602,11072,islandpath_dimob
NC_018092.1,567302,593624,26322,islandpath_dimob
NC_018092.1,595160,599145,3985,islandpath_dimob
NC_018092.1,711155,717923,6768,islandpath_dimob
NC_018092.1,1786408,1793152,6744,islandpath_dimob
NC_018524.1,304857,313293,8436,islandpath_dimob
NC_018524.1,448008,462176,14168,islandpath_dimob
NC_018524.1,561473,607488,46015,islandpath_dimob
NC_018524.1,1741585,1770202,28617,islandpath_dimob
NC_018524.1,2253208,2268417,15209,islandpath_dimob
NC_018524.1,4853369,4886603,33234,islandpath_dimob
NC_018524.1,4956552,4960590,4038,islandpath_dimob
NC_017955.1,704559,709757,5198,islandpath_dimob
NC_017955.1,1607422,1615100,7678,islandpath_dimob
NC_017955.1,1630447,1641486,11039,islandpath_dimob
NC_017955.1,2331772,2340569,8797,islandpath_dimob
NC_017955.1,2510232,2528911,18679,islandpath_dimob
NC_017955.1,3676108,3681129,5021,islandpath_dimob
NC_017955.1,3739353,3741855,2502,islandpath_dimob
NC_017955.1,3746341,3765261,18920,islandpath_dimob
NC_017955.1,3822739,3837176,14437,islandpath_dimob
NC_017955.1,3839621,3852486,12865,islandpath_dimob
NC_017593.1,479126,484932,5806,islandpath_dimob
NC_017595.1,923591,928438,4847,islandpath_dimob
NC_017595.1,930715,937422,6707,islandpath_dimob
NC_017595.1,1341882,1357467,15585,islandpath_dimob
NC_018150.1,432663,472833,40170,islandpath_dimob
NC_018150.1,1737669,1821172,83503,islandpath_dimob
NC_018150.1,4956018,5013149,57131,islandpath_dimob
NC_018528.1,108274,114294,6020,islandpath_dimob
NC_018528.1,225636,235812,10176,islandpath_dimob
NC_018528.1,396860,408980,12120,islandpath_dimob
NC_018528.1,494998,501835,6837,islandpath_dimob
NC_018528.1,511662,527249,15587,islandpath_dimob
NC_018528.1,701303,712205,10902,islandpath_dimob
NC_018528.1,1050716,1068738,18022,islandpath_dimob
NC_018528.1,1793817,1805515,11698,islandpath_dimob
NC_018528.1,1812254,1838643,26389,islandpath_dimob
NC_018528.1,1915960,1923089,7129,islandpath_dimob
NC_018528.1,1929051,1970724,41673,islandpath_dimob
NC_018528.1,1971438,1989016,17578,islandpath_dimob
NC_018528.1,2032239,2040739,8500,islandpath_dimob
NC_016946.1,679283,686935,7652,islandpath_dimob
NC_016946.1,794909,802036,7127,islandpath_dimob
NC_016946.1,1063244,1078345,15101,islandpath_dimob
NC_016946.1,2152210,2168233,16023,islandpath_dimob
NC_016946.1,3612813,3626619,13806,islandpath_dimob
NC_016946.1,4769751,4780264,10513,islandpath_dimob
NC_016946.1,4937304,4961889,24585,islandpath_dimob
NC_017954.1,1132564,1145518,12954,islandpath_dimob
NC_014323.1,3255,16108,12853,islandpath_dimob
NC_014323.1,961825,978590,16765,islandpath_dimob
NC_014323.1,3300704,3308823,8119,islandpath_dimob
NC_014323.1,4670044,4704615,34571,islandpath_dimob
NC_018108.1,1235406,1251390,15984,islandpath_dimob
NC_018089.1,94334,112935,18601,islandpath_dimob
NC_018089.1,182908,193301,10393,islandpath_dimob
NC_018089.1,343710,360083,16373,islandpath_dimob
NC_018089.1,1173653,1182869,9216,islandpath_dimob
NC_018089.1,1244109,1296667,52558,islandpath_dimob
NC_017768.1,94218,112029,17811,islandpath_dimob
NC_017768.1,168198,214314,46116,islandpath_dimob
NC_017768.1,341705,346930,5225,islandpath_dimob
NC_017768.1,1476762,1482193,5431,islandpath_dimob
NC_017768.1,1672530,1683507,10977,islandpath_dimob
NC_017768.1,1829746,1857749,28003,islandpath_dimob
NC_017768.1,1954938,1966493,11555,islandpath_dimob
NC_012785.1,71143,79994,8851,islandpath_dimob
NC_012785.1,548327,555658,7331,islandpath_dimob
NC_012785.1,593073,600462,7389,islandpath_dimob
NC_012785.1,826434,835139,8705,islandpath_dimob
NC_012785.1,1316515,1320772,4257,islandpath_dimob
NC_012785.1,1341656,1357505,15849,islandpath_dimob
NC_012785.1,1404544,1416304,11760,islandpath_dimob
NC_012785.1,1611305,1621946,10641,islandpath_dimob
NC_017591.1,513295,519558,6263,islandpath_dimob
NC_017591.1,984497,1004800,20303,islandpath_dimob
NC_017591.1,1069549,1077944,8395,islandpath_dimob
NC_017591.1,1334836,1344101,9265,islandpath_dimob
NC_017591.1,1645652,1669958,24306,islandpath_dimob
NC_017905.1,16014,31420,15406,islandpath_dimob
NC_017594.1,35642,47903,12261,islandpath_dimob
NC_017594.1,183424,189554,6130,islandpath_dimob
NC_017594.1,272000,278663,6663,islandpath_dimob
NC_017594.1,1027946,1037596,9650,islandpath_dimob
NC_017594.1,1676496,1688522,12026,islandpath_dimob
NC_017594.1,2030750,2036009,5259,islandpath_dimob
NC_017594.1,2112520,2119133,6613,islandpath_dimob
NC_018526.1,69563,95938,26375,islandpath_dimob
NC_018526.1,566541,575720,9179,islandpath_dimob
NC_018526.1,1026515,1038904,12389,islandpath_dimob
NC_018526.1,1397752,1406792,9040,islandpath_dimob
NC_018027.1,1311895,1346801,34906,islandpath_dimob
NC_018027.1,2258897,2280214,21317,islandpath_dimob
NC_018027.1,2755353,2774165,18812,islandpath_dimob
NC_018027.1,4073893,4084727,10834,islandpath_dimob
NC_018027.1,4176243,4182304,6061,islandpath_dimob
NC_018027.1,4513349,4535482,22133,islandpath_dimob
NC_018027.1,5007056,5018103,11047,islandpath_dimob
NC_017371.1,1030148,1042834,12686,islandpath_dimob
NC_017371.1,1045673,1069271,23598,islandpath_dimob
NC_017371.1,1472794,1521714,48920,islandpath_dimob
NC_018409.1,255210,286110,30900,islandpath_dimob
NC_018145.1,1406930,1436697,29767,islandpath_dimob
NC_018643.1,609532,623355,13823,islandpath_dimob
NC_017274.1,413731,421766,8035,islandpath_dimob
NC_017274.1,542055,551339,9284,islandpath_dimob
NC_017274.1,656304,669568,13264,islandpath_dimob
NC_017274.1,962000,968940,6940,islandpath_dimob
NC_017274.1,1036305,1049469,13164,islandpath_dimob
NC_017274.1,1371535,1391282,19747,islandpath_dimob
NC_017274.1,1399815,1426793,26978,islandpath_dimob
NC_017274.1,1918638,1937589,18951,islandpath_dimob
NC_017274.1,1983385,1991379,7994,islandpath_dimob
NC_017274.1,2071736,2086773,15037,islandpath_dimob
NC_017274.1,2118780,2130511,11731,islandpath_dimob
NC_017274.1,2137072,2144488,7416,islandpath_dimob
NC_017274.1,2217201,2222699,5498,islandpath_dimob
NC_017274.1,2260895,2275736,14841,islandpath_dimob
NC_017274.1,2376657,2384757,8100,islandpath_dimob
NC_017274.1,2422458,2435679,13221,islandpath_dimob
NC_017274.1,2487176,2504893,17717,islandpath_dimob
NC_017274.1,2533971,2540466,6495,islandpath_dimob
NC_017274.1,2586603,2592015,5412,islandpath_dimob
NC_017949.1,32974,55563,22589,islandpath_dimob
NC_017949.1,606272,614557,8285,islandpath_dimob
NC_017949.1,641819,651365,9546,islandpath_dimob
NC_017949.1,669517,679460,9943,islandpath_dimob
NC_017949.1,694150,706761,12611,islandpath_dimob
NC_017949.1,779864,786532,6668,islandpath_dimob
NC_017949.1,794143,803678,9535,islandpath_dimob
NC_017949.1,866701,872112,5411,islandpath_dimob
NC_017949.1,1031216,1042237,11021,islandpath_dimob
NC_017949.1,1105853,1114165,8312,islandpath_dimob
NC_017949.1,1202611,1209127,6516,islandpath_dimob
NC_017949.1,1227734,1236374,8640,islandpath_dimob
NC_017949.1,1334863,1348151,13288,islandpath_dimob
NC_017949.1,1401629,1406933,5304,islandpath_dimob
NC_017949.1,1628044,1635757,7713,islandpath_dimob
NC_017949.1,1686119,1691437,5318,islandpath_dimob
NC_017949.1,2065234,2094473,29239,islandpath_dimob
NC_017949.1,2482743,2495125,12382,islandpath_dimob
NC_018644.1,169197,184237,15040,islandpath_dimob
NC_018644.1,832924,840403,7479,islandpath_dimob
NC_018028.1,2087,13908,11821,islandpath_dimob
NC_018028.1,1055679,1063528,7849,islandpath_dimob
NC_018028.1,1314412,1326078,11666,islandpath_dimob
NC_018028.1,1431752,1473845,42093,islandpath_dimob
NC_018028.1,1581381,1597033,15652,islandpath_dimob
NC_018028.1,2739011,2767868,28857,islandpath_dimob
NC_018028.1,3965486,3977505,12019,islandpath_dimob
NC_018028.1,4326076,4338938,12862,islandpath_dimob
NC_018028.1,4405447,4414106,8659,islandpath_dimob
NC_018028.1,4652345,4660816,8471,islandpath_dimob
NC_018028.1,4665468,4699089,33621,islandpath_dimob
NC_018078.1,831860,852670,20810,islandpath_dimob
NC_018078.1,921422,934609,13187,islandpath_dimob
NC_018078.1,1099015,1104938,5923,islandpath_dimob
NC_018078.1,1276927,1293277,16350,islandpath_dimob
NC_018078.1,1435976,1443804,7828,islandpath_dimob
NC_018078.1,1606101,1622432,16331,islandpath_dimob
NC_018078.1,1771777,1789535,17758,islandpath_dimob
NC_018078.1,2161808,2166868,5060,islandpath_dimob
NC_018078.1,2366639,2384950,18311,islandpath_dimob
NC_018078.1,2421639,2441397,19758,islandpath_dimob
NC_018078.1,3721637,3766781,45144,islandpath_dimob
NC_018078.1,3794868,3803195,8327,islandpath_dimob
NC_016934.1,563827,568536,4709,islandpath_dimob
NC_016934.1,696640,708341,11701,islandpath_dimob
NC_016934.1,844309,856119,11810,islandpath_dimob
NC_016934.1,2581817,2587661,5844,islandpath_dimob
NC_016934.1,2964362,2982327,17965,islandpath_dimob
NC_016934.1,3199347,3207201,7854,islandpath_dimob
NC_016934.1,4321188,4332424,11236,islandpath_dimob
NC_017904.1,2166328,2192371,26043,islandpath_dimob
NC_017904.1,2261555,2276554,14999,islandpath_dimob
NC_017904.1,2382857,2398516,15659,islandpath_dimob
NC_017904.1,2404354,2431053,26699,islandpath_dimob
NC_017904.1,2446237,2455211,8974,islandpath_dimob
NC_017904.1,2732593,2743242,10649,islandpath_dimob
NC_017904.1,3087005,3093416,6411,islandpath_dimob
NC_017904.1,3100002,3109828,9826,islandpath_dimob
NC_017904.1,3160248,3173433,13185,islandpath_dimob
NC_017904.1,3688033,3693465,5432,islandpath_dimob
NC_017904.1,3834089,3845414,11325,islandpath_dimob
NC_017904.1,3950859,3978624,27765,islandpath_dimob
NC_017904.1,4003116,4020683,17567,islandpath_dimob
NC_017904.1,4567552,4580062,12510,islandpath_dimob
NC_017904.1,4737597,4761822,24225,islandpath_dimob
NC_017904.1,4764656,4790793,26137,islandpath_dimob
NC_017904.1,4998915,5007711,8796,islandpath_dimob
NC_017333.1,70210,77249,7039,islandpath_dimob
NC_017333.1,87147,96362,9215,islandpath_dimob
NC_017333.1,341197,348377,7180,islandpath_dimob
NC_017333.1,1380189,1385664,5475,islandpath_dimob
NC_017333.1,1974550,1984221,9671,islandpath_dimob
NC_017333.1,2096755,2106437,9682,islandpath_dimob
NC_017333.1,2268956,2280708,11752,islandpath_dimob
NC_017656.1,262598,278154,15556,islandpath_dimob
NC_017656.1,301280,311146,9866,islandpath_dimob
NC_017656.1,313137,356528,43391,islandpath_dimob
NC_017656.1,694384,698068,3684,islandpath_dimob
NC_017656.1,1584808,1620498,35690,islandpath_dimob
NC_017656.1,2468418,2490122,21704,islandpath_dimob
NC_017656.1,2509642,2524437,14795,islandpath_dimob
NC_017656.1,3225585,3262641,37056,islandpath_dimob
NC_017656.1,3591591,3634395,42804,islandpath_dimob
NC_017656.1,3976316,3994524,18208,islandpath_dimob
NC_017656.1,4381327,4420469,39142,islandpath_dimob
NC_017656.1,5102566,5126601,24035,islandpath_dimob
NC_017956.1,794335,820448,26113,islandpath_dimob
NC_017956.1,2414609,2504733,90124,islandpath_dimob
NC_017956.1,3295932,3323323,27391,islandpath_dimob
NC_017592.1,955745,977306,21561,islandpath_dimob
NC_017592.1,1281344,1291196,9852,islandpath_dimob
NC_018177.1,1525356,1534763,9407,islandpath_dimob
NC_018177.1,2325169,2336450,11281,islandpath_dimob
NC_018177.1,2338002,2350688,12686,islandpath_dimob
NC_018177.1,2378586,2386708,8122,islandpath_dimob
NC_018177.1,2929724,2936869,7145,islandpath_dimob
NC_018177.1,2965645,2971710,6065,islandpath_dimob
NC_018177.1,3240425,3253208,12783,islandpath_dimob
NC_018177.1,3355775,3367240,11465,islandpath_dimob
NC_018177.1,3560834,3571583,10749,islandpath_dimob
NC_018143.1,833889,851469,17580,islandpath_dimob
NC_018143.1,921578,934034,12456,islandpath_dimob
NC_018143.1,1981137,1996485,15348,islandpath_dimob
NC_018143.1,2626233,2641074,14841,islandpath_dimob
NC_018143.1,2971573,2978668,7095,islandpath_dimob
NC_018143.1,3120576,3136343,15767,islandpath_dimob
NC_018143.1,3194176,3201025,6849,islandpath_dimob
NC_018143.1,3375768,3382633,6865,islandpath_dimob
NC_018143.1,3545444,3557281,11837,islandpath_dimob
NC_018143.1,3726055,3769978,43923,islandpath_dimob
NC_018143.1,3799423,3807753,8330,islandpath_dimob
NC_018002.1,924741,950420,25679,islandpath_dimob
NC_018002.1,1223678,1229737,6059,islandpath_dimob
NC_018002.1,1329825,1347838,18013,islandpath_dimob
NC_018002.1,1623791,1630247,6456,islandpath_dimob
NC_018002.1,2077080,2087986,10906,islandpath_dimob
NC_018002.1,2272600,2317635,45035,islandpath_dimob
NC_018002.1,2437714,2452884,15170,islandpath_dimob
NC_012028.1,69792,88436,18644,islandpath_dimob
NC_012028.1,203617,209123,5506,islandpath_dimob
NC_017950.1,77839,111196,33357,islandpath_dimob
NC_017950.1,1214342,1218537,4195,islandpath_dimob
NC_017950.1,1724546,1729229,4683,islandpath_dimob
NC_018584.1,2100516,2112669,12153,islandpath_dimob
NC_018584.1,2313739,2357732,43993,islandpath_dimob
NC_018646.1,142553,155958,13405,islandpath_dimob
NC_018646.1,594842,605330,10488,islandpath_dimob
NC_018646.1,1989854,1998690,8836,islandpath_dimob
NC_018610.1,634566,643044,8478,islandpath_dimob
NC_018610.1,927274,977268,49994,islandpath_dimob
NC_018610.1,1577667,1600406,22739,islandpath_dimob
NC_018610.1,2407512,2417128,9616,islandpath_dimob
NC_017735.1,507452,517689,10237,islandpath_dimob
NC_017735.1,1382622,1399183,16561,islandpath_dimob
NC_017735.1,1656290,1664470,8180,islandpath_dimob
NC_017735.1,1708231,1720160,11929,islandpath_dimob
NC_017735.1,1729605,1735995,6390,islandpath_dimob
NC_017735.1,1757241,1780911,23670,islandpath_dimob
NC_018589.1,167981,175662,7681,islandpath_dimob
NC_018589.1,494602,519523,24921,islandpath_dimob
NC_018589.1,1244095,1248864,4769,islandpath_dimob
NC_018589.1,2407234,2423303,16069,islandpath_dimob
NC_018589.1,2764314,2772532,8218,islandpath_dimob
NC_018012.1,184331,204048,19717,islandpath_dimob
NC_018012.1,437108,443046,5938,islandpath_dimob
NC_018012.1,842989,853421,10432,islandpath_dimob
NC_018012.1,1279559,1287910,8351,islandpath_dimob
NC_018012.1,1333899,1355418,21519,islandpath_dimob
NC_018012.1,1402857,1414095,11238,islandpath_dimob
NC_018012.1,1452427,1474291,21864,islandpath_dimob
NC_018012.1,1575973,1593748,17775,islandpath_dimob
NC_018012.1,1618944,1649511,30567,islandpath_dimob
NC_018012.1,1654557,1676707,22150,islandpath_dimob
NC_018012.1,2056303,2062532,6229,islandpath_dimob
NC_018012.1,2123566,2140444,16878,islandpath_dimob
NC_018012.1,2173189,2188224,15035,islandpath_dimob
NC_018012.1,2225028,2234072,9044,islandpath_dimob
NC_018012.1,2331540,2341865,10325,islandpath_dimob
NC_018012.1,2585413,2592654,7241,islandpath_dimob
NC_018012.1,2893692,2918968,25276,islandpath_dimob
NC_018012.1,3222100,3240764,18664,islandpath_dimob
NC_018012.1,3309596,3318794,9198,islandpath_dimob
NC_018012.1,3835874,3845719,9845,islandpath_dimob
NC_018012.1,3861523,3877471,15948,islandpath_dimob
NC_018012.1,3965397,3975550,10153,islandpath_dimob
NC_018012.1,4189150,4196542,7392,islandpath_dimob
NC_018012.1,4746864,4770751,23887,islandpath_dimob
NC_018012.1,4884343,4895203,10860,islandpath_dimob
NC_014729.1,571075,577126,6051,islandpath_dimob
NC_014729.1,633388,658688,25300,islandpath_dimob
NC_014729.1,804077,815281,11204,islandpath_dimob
NC_014729.1,1207587,1268339,60752,islandpath_dimob
NC_014729.1,1912108,1922091,9983,islandpath_dimob
NC_014729.1,2782577,2787871,5294,islandpath_dimob
NC_018286.1,707692,723031,15339,islandpath_dimob
NC_018286.1,808360,832783,24423,islandpath_dimob
NC_018286.1,982072,1003179,21107,islandpath_dimob
NC_018286.1,1278636,1298252,19616,islandpath_dimob
NC_018286.1,2079252,2109243,29991,islandpath_dimob
NC_018593.1,164029,172637,8608,islandpath_dimob
NC_018593.1,1094308,1108464,14156,islandpath_dimob
NC_018593.1,2605772,2612430,6658,islandpath_dimob
NC_018585.1,511072,523103,12031,islandpath_dimob
NC_018585.1,2089220,2100322,11102,islandpath_dimob
NC_018585.1,2302298,2346291,43993,islandpath_dimob
NC_017375.1,73583,107449,33866,islandpath_dimob
NC_017375.1,852516,892293,39777,islandpath_dimob
NC_017375.1,1502519,1523317,20798,islandpath_dimob
NC_017470.1,462369,484309,21940,islandpath_dimob
NC_017470.1,1021107,1042761,21654,islandpath_dimob
NC_017470.1,1273564,1284901,11337,islandpath_dimob
NC_017470.1,1388911,1407503,18592,islandpath_dimob
NC_017470.1,1673483,1698019,24536,islandpath_dimob
NC_018581.1,764163,810547,46384,islandpath_dimob
NC_018581.1,1722326,1782832,60506,islandpath_dimob
NC_018581.1,3873345,3886520,13175,islandpath_dimob
NC_018581.1,3973987,3984616,10629,islandpath_dimob
NC_018581.1,4907784,4918727,10943,islandpath_dimob
NC_018581.1,5368452,5376949,8497,islandpath_dimob
NC_018224.1,930374,938295,7921,islandpath_dimob
NC_018224.1,1022441,1029580,7139,islandpath_dimob
NC_018224.1,1595330,1600387,5057,islandpath_dimob
NC_018224.1,1620250,1634385,14135,islandpath_dimob
NC_018224.1,1957937,1997030,39093,islandpath_dimob
NC_018224.1,2008570,2021680,13110,islandpath_dimob
NC_018224.1,2489018,2495151,6133,islandpath_dimob
NC_018224.1,2758265,2768288,10023,islandpath_dimob
NC_018224.1,2775441,2792275,16834,islandpath_dimob
NC_018224.1,2860068,2868044,7976,islandpath_dimob
NC_018224.1,2892955,2896770,3815,islandpath_dimob
NC_018224.1,2991694,2998084,6390,islandpath_dimob
NC_018224.1,3323706,3359317,35611,islandpath_dimob
NC_018224.1,3387777,3413988,26211,islandpath_dimob
NC_018220.1,754758,767895,13137,islandpath_dimob
NC_018220.1,1506100,1553486,47386,islandpath_dimob
NC_018220.1,2640128,2648437,8309,islandpath_dimob
NC_018220.1,3046659,3057367,10708,islandpath_dimob
NC_018220.1,3149437,3204097,54660,islandpath_dimob
NC_018220.1,4525668,4539056,13388,islandpath_dimob
NC_018220.1,4945789,4985959,40170,islandpath_dimob
NC_018220.1,5349805,5360977,11172,islandpath_dimob
NC_018220.1,5482977,5493886,10909,islandpath_dimob
NC_018522.1,1724302,1732222,7920,islandpath_dimob
NC_018522.1,1745360,1808292,62932,islandpath_dimob
NC_018522.1,1846306,1865100,18794,islandpath_dimob
NC_018522.1,1883523,1907230,23707,islandpath_dimob
NC_018522.1,1922669,1953343,30674,islandpath_dimob
NC_018522.1,2337522,2349706,12184,islandpath_dimob
NC_018522.1,3237278,3258967,21689,islandpath_dimob
NC_018522.1,4066333,4074155,7822,islandpath_dimob
NC_018522.1,4694669,4748753,54084,islandpath_dimob
NC_018142.1,353166,366810,13644,islandpath_dimob
NC_018142.1,748234,758214,9980,islandpath_dimob
NC_018142.1,2861846,2874598,12752,islandpath_dimob
NC_018142.1,3158564,3170217,11653,islandpath_dimob
NC_018015.1,485661,492089,6428,islandpath_dimob
NC_018015.1,1040957,1056541,15584,islandpath_dimob
NC_018227.1,555190,573445,18255,islandpath_dimob
NC_018227.1,968513,983228,14715,islandpath_dimob
NC_018227.1,984858,999930,15072,islandpath_dimob
NC_018227.1,1674352,1688140,13788,islandpath_dimob
NC_018227.1,1840079,1858427,18348,islandpath_dimob
NC_018586.1,412576,423128,10552,islandpath_dimob
NC_018586.1,493702,508290,14588,islandpath_dimob
NC_018586.1,1447976,1456186,8210,islandpath_dimob
NC_018586.1,2136931,2166938,30007,islandpath_dimob
NC_017535.1,919869,951238,31369,islandpath_dimob
NC_017535.1,2275906,2281648,5742,islandpath_dimob
NC_017992.1,194699,199644,4945,islandpath_dimob
NC_017992.1,491543,512003,20460,islandpath_dimob
NC_017992.1,532116,537149,5033,islandpath_dimob
NC_017992.1,610165,619234,9069,islandpath_dimob
NC_017992.1,632325,646396,14071,islandpath_dimob
NC_017992.1,697057,702627,5570,islandpath_dimob
NC_017992.1,872723,924473,51750,islandpath_dimob
NC_017992.1,1108352,1142503,34151,islandpath_dimob
NC_017992.1,2359607,2370572,10965,islandpath_dimob
NC_017992.1,2470714,2484951,14237,islandpath_dimob
NC_017340.1,34454,41588,7134,islandpath_dimob
NC_017340.1,48369,61882,13513,islandpath_dimob
NC_017340.1,876209,889919,13710,islandpath_dimob
NC_017340.1,1718172,1726940,8768,islandpath_dimob
NC_017340.1,2296015,2303515,7500,islandpath_dimob
NC_017340.1,2558070,2581589,23519,islandpath_dimob
NC_017349.1,313660,322091,8431,islandpath_dimob
NC_017349.1,873339,898259,24920,islandpath_dimob
NC_017349.1,1269585,1276894,7309,islandpath_dimob
NC_018594.1,461353,466612,5259,islandpath_dimob
NC_018594.1,846104,852163,6059,islandpath_dimob
NC_018594.1,1331544,1346108,14564,islandpath_dimob
NC_018594.1,1351093,1363004,11911,islandpath_dimob
NC_018594.1,1886609,1900206,13597,islandpath_dimob
NC_018080.1,1837005,1861887,24882,islandpath_dimob
NC_018080.1,2307365,2341922,34557,islandpath_dimob
NC_018080.1,2499804,2522274,22470,islandpath_dimob
NC_018080.1,3063387,3072630,9243,islandpath_dimob
NC_018080.1,3111632,3125790,14158,islandpath_dimob
NC_018080.1,3132292,3146287,13995,islandpath_dimob
NC_018080.1,4293202,4297886,4684,islandpath_dimob
NC_018080.1,5079532,5085375,5843,islandpath_dimob
NC_018080.1,6080178,6091997,11819,islandpath_dimob
NC_018020.1,2707,42950,40243,islandpath_dimob
NC_018020.1,481007,497639,16632,islandpath_dimob
NC_018020.1,2736264,2754040,17776,islandpath_dimob
NC_018020.1,3465223,3500015,34792,islandpath_dimob
NC_018020.1,3510056,3513981,3925,islandpath_dimob
NC_018020.1,3526142,3562057,35915,islandpath_dimob
NC_018020.1,3563899,3589302,25403,islandpath_dimob
NC_018020.1,3601456,3622052,20596,islandpath_dimob
NC_018020.1,3648917,3668743,19826,islandpath_dimob
NC_018020.1,3683758,3756157,72399,islandpath_dimob
NC_018020.1,4268669,4310055,41386,islandpath_dimob
NC_017986.1,319508,334143,14635,islandpath_dimob
NC_017986.1,397667,405963,8296,islandpath_dimob
NC_017986.1,1873376,1879716,6340,islandpath_dimob
NC_017986.1,2554711,2564485,9774,islandpath_dimob
NC_017986.1,2990555,3001234,10679,islandpath_dimob
NC_017986.1,3414341,3430671,16330,islandpath_dimob
NC_017986.1,4095170,4099728,4558,islandpath_dimob
NC_017986.1,4820173,4832099,11926,islandpath_dimob
NC_017986.1,4903525,4924661,21136,islandpath_dimob
NC_017986.1,4941823,4948503,6680,islandpath_dimob
NC_017986.1,5498353,5519887,21534,islandpath_dimob
NC_017986.1,5805293,5811567,6274,islandpath_dimob
NC_017986.1,5839659,5848717,9058,islandpath_dimob
NC_017986.1,5867782,5880369,12587,islandpath_dimob
NC_018014.1,3712038,3781880,69842,islandpath_dimob
NC_018014.1,4165708,4173656,7948,islandpath_dimob
NC_018014.1,4456698,4474238,17540,islandpath_dimob
NC_018290.1,1995009,2010836,15827,islandpath_dimob
NC_018290.1,2012836,2032327,19491,islandpath_dimob
NC_018290.1,2064644,2088052,23408,islandpath_dimob
NC_018290.1,2366163,2396908,30745,islandpath_dimob
NC_018290.1,2400190,2410912,10722,islandpath_dimob
NC_018290.1,2694272,2704968,10696,islandpath_dimob
NC_018290.1,2974611,2987934,13323,islandpath_dimob
NC_018290.1,3183466,3216828,33362,islandpath_dimob
NC_018000.1,223156,239046,15890,islandpath_dimob
NC_018000.1,282203,312896,30693,islandpath_dimob
NC_018000.1,451741,467166,15425,islandpath_dimob
NC_018000.1,496177,503875,7698,islandpath_dimob
NC_018000.1,1125509,1134430,8921,islandpath_dimob
NC_018000.1,1138853,1166122,27269,islandpath_dimob
NC_018000.1,2047000,2052721,5721,islandpath_dimob
NC_018000.1,2054098,2089323,35225,islandpath_dimob
NC_018000.1,2483066,2502576,19510,islandpath_dimob
NC_018000.1,2579267,2589760,10493,islandpath_dimob
NC_018000.1,2616819,2622666,5847,islandpath_dimob
NC_018000.1,2644392,2651721,7329,islandpath_dimob
NC_018000.1,2791735,2805002,13267,islandpath_dimob
NC_018000.1,2819696,2840230,20534,islandpath_dimob
NC_018000.1,2841726,2850266,8540,islandpath_dimob
NC_018000.1,2901012,2910303,9291,islandpath_dimob
NC_018000.1,2944582,2952105,7523,islandpath_dimob
NC_018000.1,2956147,2984787,28640,islandpath_dimob
NC_018000.1,3346775,3356222,9447,islandpath_dimob
NC_018000.1,4489149,4504765,15616,islandpath_dimob
NC_018000.1,4802555,4808445,5890,islandpath_dimob
NC_018000.1,5019469,5033162,13693,islandpath_dimob
NC_018000.1,5697601,5703342,5741,islandpath_dimob
NC_018000.1,5887519,5894922,7403,islandpath_dimob
NC_009328.1,479505,492247,12742,islandpath_dimob
NC_009328.1,819933,852938,33005,islandpath_dimob
NC_009328.1,1627818,1641589,13771,islandpath_dimob
NC_009328.1,1654889,1713924,59035,islandpath_dimob
NC_009328.1,2081746,2094469,12723,islandpath_dimob
NC_009328.1,2107593,2126032,18439,islandpath_dimob
NC_009328.1,2167544,2217645,50101,islandpath_dimob
NC_009328.1,3364904,3375355,10451,islandpath_dimob
NC_009328.1,3509062,3515906,6844,islandpath_dimob
NC_018065.1,305956,327195,21239,islandpath_dimob
NC_018065.1,1389738,1402412,12674,islandpath_dimob
NC_018065.1,1434099,1447470,13371,islandpath_dimob
NC_018065.1,1983992,2029913,45921,islandpath_dimob
NC_018065.1,2362791,2396920,34129,islandpath_dimob
NC_018065.1,3874317,3883888,9571,islandpath_dimob
NC_017464.1,97724,113055,15331,islandpath_dimob
NC_017464.1,182904,196543,13639,islandpath_dimob
NC_017464.1,743878,769270,25392,islandpath_dimob
NC_017464.1,977550,992538,14988,islandpath_dimob
NC_017464.1,1537609,1549349,11740,islandpath_dimob
NC_017464.1,1619711,1631408,11697,islandpath_dimob
NC_017464.1,2656013,2668972,12959,islandpath_dimob
NC_016593.1,173554,182305,8751,islandpath_dimob
NC_016593.1,265721,303669,37948,islandpath_dimob
NC_016593.1,354623,379153,24530,islandpath_dimob
NC_016593.1,409300,416075,6775,islandpath_dimob
NC_016593.1,423705,437989,14284,islandpath_dimob
NC_016593.1,601445,642099,40654,islandpath_dimob
NC_016593.1,827602,837123,9521,islandpath_dimob
NC_016593.1,871729,885151,13422,islandpath_dimob
NC_016593.1,982437,1003133,20696,islandpath_dimob
NC_016593.1,1097009,1113194,16185,islandpath_dimob
NC_016593.1,1438705,1442684,3979,islandpath_dimob
NC_016593.1,1478300,1492531,14231,islandpath_dimob
NC_016593.1,1494557,1504215,9658,islandpath_dimob
NC_016593.1,1714540,1722210,7670,islandpath_dimob
NC_016593.1,1810212,1848785,38573,islandpath_dimob
NC_016593.1,2033580,2048762,15182,islandpath_dimob
NC_016593.1,2182551,2190799,8248,islandpath_dimob
NC_016593.1,2453775,2475839,22064,islandpath_dimob
NC_016593.1,2993242,3002333,9091,islandpath_dimob
NC_016593.1,3252275,3269966,17691,islandpath_dimob
NC_016593.1,3274762,3289453,14691,islandpath_dimob
NC_016593.1,3357787,3367388,9601,islandpath_dimob
NC_016593.1,3402205,3439034,36829,islandpath_dimob
NC_018289.1,87226,106193,18967,islandpath_dimob
NC_018289.1,439741,449479,9738,islandpath_dimob
NC_018289.1,811436,817210,5774,islandpath_dimob
NC_018289.1,885338,896376,11038,islandpath_dimob
NC_018289.1,1002043,1007916,5873,islandpath_dimob
NC_018289.1,1291072,1298484,7412,islandpath_dimob
NC_018289.1,1305808,1357988,52180,islandpath_dimob
NC_018289.1,1814226,1827073,12847,islandpath_dimob
NC_018289.1,1933128,1950110,16982,islandpath_dimob
NC_018289.1,2216646,2231301,14655,islandpath_dimob
NC_018289.1,2743484,2754951,11467,islandpath_dimob
NC_018289.1,2878358,2896588,18230,islandpath_dimob
NC_018289.1,3401805,3419830,18025,islandpath_dimob
NC_018289.1,3489491,3514026,24535,islandpath_dimob
NC_018289.1,4135368,4147870,12502,islandpath_dimob
NC_018289.1,4156722,4170340,13618,islandpath_dimob
NC_018289.1,4186315,4193417,7102,islandpath_dimob
NC_018289.1,4211189,4216833,5644,islandpath_dimob
NC_018289.1,4234504,4244638,10134,islandpath_dimob
NC_018289.1,5183924,5198124,14200,islandpath_dimob
NC_018289.1,5395825,5403288,7463,islandpath_dimob
NC_018289.1,5456105,5468252,12147,islandpath_dimob
NC_018289.1,6657743,6667897,10154,islandpath_dimob
NC_017770.1,191970,242994,51024,islandpath_dimob
NC_017770.1,512124,531157,19033,islandpath_dimob
NC_017770.1,1870804,1883973,13169,islandpath_dimob
NC_017770.1,2579813,2609606,29793,islandpath_dimob
NC_017911.1,1579784,1659068,79284,islandpath_dimob
NC_017911.1,1794500,1820491,25991,islandpath_dimob
NC_017911.1,2196164,2236271,40107,islandpath_dimob
NC_017911.1,2242385,2248004,5619,islandpath_dimob
NC_017911.1,2937494,2961224,23730,islandpath_dimob
NC_017911.1,3942584,3949933,7349,islandpath_dimob
NC_017911.1,5043194,5065901,22707,islandpath_dimob
NC_018106.1,596813,617733,20920,islandpath_dimob
NC_018106.1,627275,653537,26262,islandpath_dimob
NC_018106.1,1459676,1477452,17776,islandpath_dimob
NC_018106.1,1483664,1528082,44418,islandpath_dimob
NC_018106.1,2044316,2063259,18943,islandpath_dimob
NC_018106.1,2504631,2559584,54953,islandpath_dimob
NC_018106.1,2797403,2809935,12532,islandpath_dimob
NC_018106.1,3133962,3145440,11478,islandpath_dimob
NC_018106.1,3509930,3519150,9220,islandpath_dimob
NC_018106.1,3654624,3663444,8820,islandpath_dimob
NC_018106.1,3961220,3977555,16335,islandpath_dimob
NC_018106.1,4081016,4101691,20675,islandpath_dimob
NC_018106.1,4306449,4336380,29931,islandpath_dimob
NC_018106.1,4704765,4719701,14936,islandpath_dimob
NC_018106.1,5122705,5147500,24795,islandpath_dimob
