Replicon Accession,Start,End,Size,GI Prediction Program
NC_013959.1,2770371,2782454,12083,sigi_hmm
NC_013959.1,2676202,2682354,6152,sigi_hmm
NC_013947.1,1627317,1632389,5072,sigi_hmm
NC_013947.1,1542202,1546698,4496,sigi_hmm
NC_013947.1,1575609,1581034,5425,sigi_hmm
NC_013947.1,722746,728054,5308,sigi_hmm
NC_013947.1,1018674,1025621,6947,sigi_hmm
NC_013947.1,1301902,1307020,5118,sigi_hmm
NC_013947.1,662404,667377,4973,sigi_hmm
NC_013947.1,625124,631415,6291,sigi_hmm
NC_013947.1,465595,480616,15021,sigi_hmm
NC_013947.1,337644,341952,4308,sigi_hmm
NC_013947.1,378554,389072,10518,sigi_hmm
NC_013947.1,35568,39869,4301,sigi_hmm
NC_014251.1,2018661,2028373,9712,sigi_hmm
NC_014251.1,2008894,2013055,4161,sigi_hmm
NC_014251.1,1980985,1990209,9224,sigi_hmm
NC_014251.1,1992075,1996106,4031,sigi_hmm
NC_014251.1,1897337,1902044,4707,sigi_hmm
NC_014251.1,1843837,1848451,4614,sigi_hmm
NC_014251.1,1874467,1888453,13986,sigi_hmm
NC_014251.1,1330480,1338641,8161,sigi_hmm
NC_014251.1,1322424,1329309,6885,sigi_hmm
NC_014251.1,1009067,1020213,11146,sigi_hmm
NC_014251.1,787874,792977,5103,sigi_hmm
NC_014251.1,780622,785519,4897,sigi_hmm
NC_014251.1,734217,739085,4868,sigi_hmm
NC_014251.1,761340,766040,4700,sigi_hmm
NC_014251.1,440309,447823,7514,sigi_hmm
NC_014251.1,402787,410149,7362,sigi_hmm
NC_013421.1,723640,731470,7830,sigi_hmm
NC_013421.1,736379,744151,7772,sigi_hmm
NC_013421.1,747128,751744,4616,sigi_hmm
NC_013421.1,806913,814380,7467,sigi_hmm
NC_013421.1,930144,938619,8475,sigi_hmm
NC_013421.1,1148277,1158320,10043,sigi_hmm
NC_013421.1,1507973,1518405,10432,sigi_hmm
NC_013421.1,1405035,1410295,5260,sigi_hmm
NC_013421.1,1494144,1499784,5640,sigi_hmm
NC_013421.1,1179911,1188807,8896,sigi_hmm
NC_011420.2,40915,45231,4316,sigi_hmm
NC_011420.2,74989,87662,12673,sigi_hmm
NC_011420.2,371825,378944,7119,sigi_hmm
NC_011420.2,862707,866979,4272,sigi_hmm
NC_011420.2,1777988,1783015,5027,sigi_hmm
NC_011420.2,3589159,3598670,9511,sigi_hmm
NC_012669.1,4329236,4334623,5387,sigi_hmm
NC_012669.1,4487233,4492486,5253,sigi_hmm
NC_012669.1,2954258,2961021,6763,sigi_hmm
NC_012669.1,2355854,2363696,7842,sigi_hmm
NC_012669.1,2408727,2413166,4439,sigi_hmm
NC_012669.1,151784,158125,6341,sigi_hmm
NC_012669.1,462707,467101,4394,sigi_hmm
NC_012724.1,2751688,2756244,4556,sigi_hmm
NC_012669.1,102268,109178,6910,sigi_hmm
NC_012721.1,2702913,2707064,4151,sigi_hmm
NC_012721.1,2720714,2725017,4303,sigi_hmm
NC_012721.1,2501945,2507826,5881,sigi_hmm
NC_012721.1,2565763,2573068,7305,sigi_hmm
NC_012721.1,2418363,2422971,4608,sigi_hmm
NC_012721.1,1989409,1996269,6860,sigi_hmm
NC_012721.1,1404943,1409843,4900,sigi_hmm
NC_012721.1,1643480,1648647,5167,sigi_hmm
NC_012721.1,1701867,1708780,6913,sigi_hmm
NC_012721.1,984231,989821,5590,sigi_hmm
NC_012721.1,1057406,1065330,7924,sigi_hmm
NC_012721.1,810091,823397,13306,sigi_hmm
NC_012721.1,789738,800882,11144,sigi_hmm
NC_012721.1,727920,732760,4840,sigi_hmm
NC_012721.1,651176,656936,5760,sigi_hmm
NC_012721.1,719610,724229,4619,sigi_hmm
NC_012721.1,557811,569032,11221,sigi_hmm
NC_012721.1,141955,150952,8997,sigi_hmm
NC_012721.1,188400,193925,5525,sigi_hmm
NC_012721.1,249883,257173,7290,sigi_hmm
NC_012695.1,3585093,3591471,6378,sigi_hmm
NC_012721.1,115607,119821,4214,sigi_hmm
NC_012695.1,3296552,3321368,24816,sigi_hmm
NC_012695.1,3160195,3171694,11499,sigi_hmm
NC_012695.1,3118241,3125141,6900,sigi_hmm
NC_012695.1,2997008,3004414,7406,sigi_hmm
NC_012695.1,2448661,2459030,10369,sigi_hmm
NC_012695.1,2618641,2628595,9954,sigi_hmm
NC_012695.1,2095504,2103001,7497,sigi_hmm
NC_012695.1,1573195,1581549,8354,sigi_hmm
NC_012695.1,2024962,2031134,6172,sigi_hmm
NC_012695.1,2036594,2047405,10811,sigi_hmm
NC_012695.1,2066542,2074050,7508,sigi_hmm
NC_012695.1,1485323,1506333,21010,sigi_hmm
NC_012695.1,941181,953337,12156,sigi_hmm
NC_012695.1,953856,966384,12528,sigi_hmm
NC_012695.1,1091435,1102847,11412,sigi_hmm
NC_012695.1,920942,937898,16956,sigi_hmm
NC_012695.1,886001,913282,27281,sigi_hmm
NC_012695.1,685462,694393,8931,sigi_hmm
NC_012695.1,12620,21051,8431,sigi_hmm
NC_012658.1,3905722,3911933,6211,sigi_hmm
NC_012658.1,2481233,2487477,6244,sigi_hmm
NC_012658.1,3107061,3112879,5818,sigi_hmm
NC_012658.1,3669398,3676150,6752,sigi_hmm
NC_012658.1,3678600,3691250,12650,sigi_hmm
NC_012658.1,2286549,2295447,8898,sigi_hmm
NC_012658.1,2382040,2390404,8364,sigi_hmm
NC_012658.1,2249827,2265796,15969,sigi_hmm
NC_012658.1,358531,362811,4280,sigi_hmm
NC_012658.1,516919,524703,7784,sigi_hmm
NC_012658.1,912612,925321,12709,sigi_hmm
NC_012658.1,939196,943423,4227,sigi_hmm
NC_012658.1,958001,965272,7271,sigi_hmm
NC_012658.1,2132255,2138287,6032,sigi_hmm
NC_012658.1,2146922,2151012,4090,sigi_hmm
NC_012704.1,1896595,1901523,4928,sigi_hmm
NC_012704.1,1907089,1912341,5252,sigi_hmm
NC_012660.1,5830196,5835979,5783,sigi_hmm
NC_012488.1,1134100,1138542,4442,sigi_hmm
NC_012673.1,2541807,2548902,7095,sigi_hmm
NC_012673.1,2566208,2571994,5786,sigi_hmm
NC_012704.1,64296,68523,4227,sigi_hmm
NC_012660.1,5820384,5826134,5750,sigi_hmm
NC_012660.1,5798878,5816229,17351,sigi_hmm
NC_012660.1,5251814,5256599,4785,sigi_hmm
NC_012660.1,5577253,5590346,13093,sigi_hmm
NC_012660.1,4675228,4685929,10701,sigi_hmm
NC_012660.1,4565840,4583501,17661,sigi_hmm
NC_012660.1,4154902,4163321,8419,sigi_hmm
NC_012660.1,3220729,3225183,4454,sigi_hmm
NC_012660.1,3327250,3336165,8915,sigi_hmm
NC_012660.1,3603412,3607853,4441,sigi_hmm
NC_012660.1,3749297,3761625,12328,sigi_hmm
NC_012660.1,3150323,3155373,5050,sigi_hmm
NC_012660.1,3158999,3166371,7372,sigi_hmm
NC_012660.1,3186999,3193088,6089,sigi_hmm
NC_012660.1,3107848,3118869,11021,sigi_hmm
NC_012660.1,2726335,2733701,7366,sigi_hmm
NC_012660.1,2708410,2724219,15809,sigi_hmm
NC_012660.1,2692124,2696991,4867,sigi_hmm
NC_012660.1,2701912,2707048,5136,sigi_hmm
NC_012660.1,2443804,2450511,6707,sigi_hmm
NC_012660.1,2173735,2190353,16618,sigi_hmm
NC_012660.1,2155341,2165337,9996,sigi_hmm
NC_012660.1,2076811,2082808,5997,sigi_hmm
NC_012660.1,2084638,2091592,6954,sigi_hmm
NC_012660.1,2065341,2070162,4821,sigi_hmm
NC_012660.1,2050736,2064177,13441,sigi_hmm
NC_012660.1,1812811,1833747,20936,sigi_hmm
NC_012660.1,1604142,1609415,5273,sigi_hmm
NC_012660.1,1744680,1755048,10368,sigi_hmm
NC_012622.1,1201906,1207594,5688,sigi_hmm
NC_012623.1,1301125,1307532,6407,sigi_hmm
NC_012660.1,189178,196526,7348,sigi_hmm
NC_012660.1,825927,830358,4431,sigi_hmm
NC_011662.2,4437436,4446688,9252,sigi_hmm
NC_011662.2,4158393,4165899,7506,sigi_hmm
NC_011662.2,4430408,4435219,4811,sigi_hmm
NC_011662.2,3459913,3467168,7255,sigi_hmm
NC_011662.2,3941151,3945842,4691,sigi_hmm
NC_011662.2,3426348,3442841,16493,sigi_hmm
NC_011662.2,3024988,3032061,7073,sigi_hmm
NC_011662.2,3120924,3129484,8560,sigi_hmm
NC_011662.2,2509431,2522585,13154,sigi_hmm
NC_011662.2,2589708,2595293,5585,sigi_hmm
NC_011662.2,2354288,2362192,7904,sigi_hmm
NC_011662.2,2372497,2377486,4989,sigi_hmm
NC_011662.2,2389931,2396941,7010,sigi_hmm
NC_011662.2,2407196,2412293,5097,sigi_hmm
NC_011662.2,2424440,2428808,4368,sigi_hmm
NC_011662.2,2327561,2332801,5240,sigi_hmm
NC_011662.2,2339016,2345741,6725,sigi_hmm
NC_011662.2,1170390,1176056,5666,sigi_hmm
NC_011662.2,1106674,1112605,5931,sigi_hmm
NC_011662.2,423323,429099,5776,sigi_hmm
NC_011662.2,1017931,1022255,4324,sigi_hmm
NC_011662.2,1026165,1032114,5949,sigi_hmm
NC_011662.2,1063465,1072835,9370,sigi_hmm
NC_011662.2,368384,375112,6728,sigi_hmm
NC_011662.2,381488,386144,4656,sigi_hmm
NC_011662.2,395599,405120,9521,sigi_hmm
NC_011662.2,139992,144070,4078,sigi_hmm
NC_011662.2,335825,342701,6876,sigi_hmm
NC_011662.2,34785,45192,10407,sigi_hmm
NC_011662.2,27045,32649,5604,sigi_hmm
NC_012691.1,2745082,2750129,5047,sigi_hmm
NC_012691.1,3133526,3142214,8688,sigi_hmm
NC_012691.1,2152593,2161656,9063,sigi_hmm
NC_012691.1,2231893,2236282,4389,sigi_hmm
NC_012691.1,2497961,2502518,4557,sigi_hmm
NC_012691.1,2621845,2718645,96800,sigi_hmm
NC_012691.1,2066486,2074826,8340,sigi_hmm
NC_012691.1,2101371,2109757,8386,sigi_hmm
NC_012691.1,2112968,2118081,5113,sigi_hmm
NC_012691.1,2127064,2131453,4389,sigi_hmm
NC_012691.1,1776036,1782058,6022,sigi_hmm
NC_012691.1,2056118,2061464,5346,sigi_hmm
NC_012691.1,1431161,1435753,4592,sigi_hmm
NC_012691.1,1748417,1765551,17134,sigi_hmm
NC_012691.1,780646,792171,11525,sigi_hmm
NC_012691.1,1267887,1274715,6828,sigi_hmm
NC_012668.1,3041840,3054063,12223,sigi_hmm
NC_012691.1,342991,354156,11165,sigi_hmm
NC_012668.1,449606,463643,14037,sigi_hmm
NC_012668.1,1631323,1636965,5642,sigi_hmm
NC_012668.1,1720416,1724698,4282,sigi_hmm
NC_012668.1,1741763,1747320,5557,sigi_hmm
NC_012668.1,1750926,1756568,5642,sigi_hmm
NC_012668.1,1766984,1771141,4157,sigi_hmm
NC_012668.1,2125913,2130323,4410,sigi_hmm
NC_012668.1,2268094,2273736,5642,sigi_hmm
NC_012668.1,2751667,2772601,20934,sigi_hmm
NC_012668.1,2778141,2793991,15850,sigi_hmm
NC_012668.1,2970831,2976303,5472,sigi_hmm
NC_012668.1,2998888,3009256,10368,sigi_hmm
NC_012668.1,385274,391057,5783,sigi_hmm
NC_012668.1,175505,181148,5643,sigi_hmm
NC_012668.1,374754,384481,9727,sigi_hmm
NC_012668.1,86530,97183,10653,sigi_hmm
NC_012668.1,70319,79512,9193,sigi_hmm
NC_012667.1,1012125,1057450,45325,sigi_hmm
NC_012667.1,998735,1010209,11474,sigi_hmm
NC_012667.1,931390,996033,64643,sigi_hmm
NC_012667.1,507740,516365,8625,sigi_hmm
NC_012667.1,606368,611436,5068,sigi_hmm
NC_012667.1,668639,673258,4619,sigi_hmm
NC_012667.1,712388,725214,12826,sigi_hmm
NC_012667.1,53329,58837,5508,sigi_hmm
NC_012029.1,1063753,1068290,4537,sigi_hmm
NC_012029.1,913332,919551,6219,sigi_hmm
NC_009708.1,4167963,4173236,5273,sigi_hmm
NC_009708.1,4189742,4194616,4874,sigi_hmm
NC_009708.1,4220892,4225741,4849,sigi_hmm
NC_009708.1,4360378,4372454,12076,sigi_hmm
NC_009708.1,4549600,4554655,5055,sigi_hmm
NC_006155.1,180249,184826,4577,sigi_hmm
NC_006155.1,465764,469897,4133,sigi_hmm
NC_006155.1,658664,664904,6240,sigi_hmm
NC_006155.1,1203109,1218472,15363,sigi_hmm
NC_006155.1,2214972,2222688,7716,sigi_hmm
NC_006155.1,2223939,2231893,7954,sigi_hmm
NC_006155.1,2901687,2907220,5533,sigi_hmm
NC_006155.1,3604563,3620202,15639,sigi_hmm
NC_006155.1,3686327,3693713,7386,sigi_hmm
NC_006155.1,3783316,3792627,9311,sigi_hmm
NC_006155.1,3817986,3825717,7731,sigi_hmm
NC_006155.1,3834776,3841958,7182,sigi_hmm
NC_006155.1,3858717,3866743,8026,sigi_hmm
NC_006155.1,4009979,4015045,5066,sigi_hmm
NC_006155.1,4098135,4108776,10641,sigi_hmm
NC_010465.1,740167,745819,5652,sigi_hmm
NC_010465.1,897347,904517,7170,sigi_hmm
NC_010465.1,913543,918536,4993,sigi_hmm
NC_010465.1,941575,950907,9332,sigi_hmm
NC_010465.1,1129196,1142074,12878,sigi_hmm
NC_010465.1,2538403,2542782,4379,sigi_hmm
NC_010465.1,2826073,2831971,5898,sigi_hmm
NC_010465.1,3363577,3367814,4237,sigi_hmm
NC_010465.1,3439343,3443514,4171,sigi_hmm
NC_010465.1,3472743,3479098,6355,sigi_hmm
NC_010465.1,3481414,3487544,6130,sigi_hmm
NC_005810.1,242450,250932,8482,sigi_hmm
NC_005810.1,525239,529348,4109,sigi_hmm
NC_005810.1,884534,899788,15254,sigi_hmm
NC_005810.1,1039588,1046676,7088,sigi_hmm
NC_005810.1,1670890,1674963,4073,sigi_hmm
NC_005810.1,3028119,3034142,6023,sigi_hmm
NC_005810.1,3149967,3166929,16962,sigi_hmm
NC_005810.1,3338210,3343276,5066,sigi_hmm
NC_005810.1,3344571,3349309,4738,sigi_hmm
NC_005810.1,3800896,3805529,4633,sigi_hmm
NC_005810.1,3923357,3931427,8070,sigi_hmm
NC_005810.1,3939616,3947725,8109,sigi_hmm
NC_005810.1,3972453,3981785,9332,sigi_hmm
NC_005810.1,4313360,4318396,5036,sigi_hmm
NC_005810.1,4485864,4490064,4200,sigi_hmm
NC_002488.3,499492,525194,25702,sigi_hmm
NC_002488.3,603402,614681,11279,sigi_hmm
NC_002488.3,672086,680060,7974,sigi_hmm
NC_002488.3,680903,686262,5359,sigi_hmm
NC_002488.3,801585,811220,9635,sigi_hmm
NC_002488.3,849013,874897,25884,sigi_hmm
NC_002488.3,955057,967841,12784,sigi_hmm
NC_002488.3,1417316,1423167,5851,sigi_hmm
NC_002488.3,1525117,1540497,15380,sigi_hmm
NC_002488.3,1609483,1619860,10377,sigi_hmm
NC_002488.3,1638946,1650923,11977,sigi_hmm
NC_002488.3,1694565,1704556,9991,sigi_hmm
NC_002488.3,1945929,1950072,4143,sigi_hmm
NC_002488.3,2007754,2017934,10180,sigi_hmm
NC_002488.3,2076130,2087526,11396,sigi_hmm
NC_002488.3,2292404,2300201,7797,sigi_hmm
NC_002488.3,2341400,2346889,5489,sigi_hmm
NC_002488.3,2365925,2380315,14390,sigi_hmm
NC_002488.3,2606518,2613794,7276,sigi_hmm
NC_002488.3,2620692,2630434,9742,sigi_hmm
NC_002488.3,2661512,2672468,10956,sigi_hmm
NC_003902.1,76037,82798,6761,sigi_hmm
NC_003902.1,164148,171730,7582,sigi_hmm
NC_003902.1,268442,273736,5294,sigi_hmm
NC_003902.1,398766,413006,14240,sigi_hmm
NC_003902.1,465420,477754,12334,sigi_hmm
NC_003902.1,632372,639545,7173,sigi_hmm
NC_003902.1,720431,739194,18763,sigi_hmm
NC_003902.1,1221554,1236206,14652,sigi_hmm
NC_003902.1,1258786,1264935,6149,sigi_hmm
NC_003902.1,1421815,1430862,9047,sigi_hmm
NC_003902.1,1446114,1454721,8607,sigi_hmm
NC_003902.1,1685794,1696136,10342,sigi_hmm
NC_003902.1,1698901,1710667,11766,sigi_hmm
NC_003902.1,1865420,1876077,10657,sigi_hmm
NC_003902.1,1880587,1910507,29920,sigi_hmm
NC_003902.1,1911978,1917137,5159,sigi_hmm
NC_003902.1,2217994,2227046,9052,sigi_hmm
NC_003902.1,2438209,2445329,7120,sigi_hmm
NC_003902.1,2476686,2487965,11279,sigi_hmm
NC_003902.1,2489792,2496639,6847,sigi_hmm
NC_003902.1,2942234,2951962,9728,sigi_hmm
NC_003902.1,2961373,2966236,4863,sigi_hmm
NC_003902.1,3069160,3076823,7663,sigi_hmm
NC_003902.1,3240284,3244331,4047,sigi_hmm
NC_003902.1,3434689,3446734,12045,sigi_hmm
NC_003902.1,3521619,3528996,7377,sigi_hmm
NC_003902.1,3537523,3541981,4458,sigi_hmm
NC_003902.1,3687906,3698633,10727,sigi_hmm
NC_003902.1,3700520,3728350,27830,sigi_hmm
NC_003902.1,3910543,3921725,11182,sigi_hmm
NC_003902.1,3923068,3928831,5763,sigi_hmm
NC_003902.1,4118401,4125655,7254,sigi_hmm
NC_003902.1,4252546,4259446,6900,sigi_hmm
NC_003902.1,4260248,4269999,9751,sigi_hmm
NC_003902.1,4435256,4441706,6450,sigi_hmm
NC_003902.1,4989855,4994738,4883,sigi_hmm
NC_006526.1,1477661,1483021,5360,sigi_hmm
NC_006526.1,1985478,2000659,15181,sigi_hmm
NC_006834.1,632862,638426,5564,sigi_hmm
NC_006834.1,793593,801660,8067,sigi_hmm
NC_006834.1,1422504,1431254,8750,sigi_hmm
NC_006834.1,1607027,1613012,5985,sigi_hmm
NC_006834.1,2385734,2396126,10392,sigi_hmm
NC_006834.1,3429342,3434049,4707,sigi_hmm
NC_006834.1,3653216,3659624,6408,sigi_hmm
NC_006834.1,3720130,3726100,5970,sigi_hmm
NC_010688.1,158695,166751,8056,sigi_hmm
NC_010688.1,389844,401064,11220,sigi_hmm
NC_010688.1,697516,702731,5215,sigi_hmm
NC_010688.1,828219,834552,6333,sigi_hmm
NC_010688.1,1198528,1219477,20949,sigi_hmm
NC_010688.1,1226414,1234087,7673,sigi_hmm
NC_010688.1,1917235,1925811,8576,sigi_hmm
NC_010688.1,2179493,2185455,5962,sigi_hmm
NC_010688.1,2537934,2548425,10491,sigi_hmm
NC_010688.1,2792312,2798307,5995,sigi_hmm
NC_010688.1,2809955,2814432,4477,sigi_hmm
NC_010688.1,3034624,3040628,6004,sigi_hmm
NC_010688.1,3046580,3054885,8305,sigi_hmm
NC_010688.1,3056945,3061202,4257,sigi_hmm
NC_010688.1,3063151,3068706,5555,sigi_hmm
NC_010688.1,3235728,3242901,7173,sigi_hmm
NC_010688.1,3243901,3251133,7232,sigi_hmm
NC_010688.1,3255568,3259702,4134,sigi_hmm
NC_010688.1,3492213,3499810,7597,sigi_hmm
NC_010688.1,3521424,3526709,5285,sigi_hmm
NC_010688.1,3530818,3543797,12979,sigi_hmm
NC_010688.1,3547871,3565508,17637,sigi_hmm
NC_010688.1,4246868,4256245,9377,sigi_hmm
NC_010688.1,5002377,5006789,4412,sigi_hmm
NC_007508.1,72385,76689,4304,sigi_hmm
NC_007508.1,112604,117650,5046,sigi_hmm
NC_007508.1,153906,159316,5410,sigi_hmm
NC_007508.1,244583,261747,17164,sigi_hmm
NC_007508.1,262591,268491,5900,sigi_hmm
NC_007508.1,308875,313037,4162,sigi_hmm
NC_007508.1,490135,494176,4041,sigi_hmm
NC_007508.1,693694,700490,6796,sigi_hmm
NC_007508.1,798048,802400,4352,sigi_hmm
NC_007508.1,1227118,1232523,5405,sigi_hmm
NC_007508.1,1243600,1255584,11984,sigi_hmm
NC_007508.1,1386857,1391023,4166,sigi_hmm
NC_007508.1,1453439,1457858,4419,sigi_hmm
NC_007508.1,1458947,1463835,4888,sigi_hmm
NC_007508.1,1521924,1527694,5770,sigi_hmm
NC_007508.1,2088295,2093486,5191,sigi_hmm
NC_007508.1,2550723,2555056,4333,sigi_hmm
NC_007508.1,2678446,2682647,4201,sigi_hmm
NC_007508.1,2795231,2802384,7153,sigi_hmm
NC_007508.1,3038146,3043682,5536,sigi_hmm
NC_007508.1,3071916,3078011,6095,sigi_hmm
NC_007508.1,3201019,3205931,4912,sigi_hmm
NC_007508.1,3860854,3866588,5734,sigi_hmm
NC_007508.1,3873967,3881044,7077,sigi_hmm
NC_007508.1,3889495,3899059,9564,sigi_hmm
NC_007508.1,4079803,4084519,4716,sigi_hmm
NC_007508.1,4290255,4306516,16261,sigi_hmm
NC_007508.1,4369445,4373688,4243,sigi_hmm
NC_007508.1,4482530,4490703,8173,sigi_hmm
NC_007508.1,4771695,4776008,4313,sigi_hmm
NC_007508.1,5101797,5107210,5413,sigi_hmm
NC_003919.1,110518,114780,4262,sigi_hmm
NC_003919.1,1209505,1227399,17894,sigi_hmm
NC_003919.1,1253185,1257832,4647,sigi_hmm
NC_003919.1,1324558,1329022,4464,sigi_hmm
NC_003919.1,1721945,1745565,23620,sigi_hmm
NC_003919.1,2233961,2241638,7677,sigi_hmm
NC_003919.1,2243064,2250263,7199,sigi_hmm
NC_003919.1,2582309,2589124,6815,sigi_hmm
NC_003919.1,2595000,2606418,11418,sigi_hmm
NC_003919.1,2634223,2638324,4101,sigi_hmm
NC_003919.1,2651703,2663487,11784,sigi_hmm
NC_003919.1,2818642,2824488,5846,sigi_hmm
NC_003919.1,2838193,2847010,8817,sigi_hmm
NC_003919.1,2962809,2967587,4778,sigi_hmm
NC_003919.1,3070678,3079134,8456,sigi_hmm
NC_003919.1,3096744,3104338,7594,sigi_hmm
NC_003919.1,3118232,3128919,10687,sigi_hmm
NC_003919.1,3406101,3411288,5187,sigi_hmm
NC_003919.1,3806072,3810390,4318,sigi_hmm
NC_003919.1,3839400,3845045,5645,sigi_hmm
NC_003919.1,3849403,3876086,26683,sigi_hmm
NC_003919.1,4624144,4650735,26591,sigi_hmm
NC_003919.1,4953153,4958905,5752,sigi_hmm
NC_003919.1,5029991,5036540,6549,sigi_hmm
NC_008009.1,148330,154229,5899,sigi_hmm
NC_008009.1,427971,435462,7491,sigi_hmm
NC_008009.1,446563,452609,6046,sigi_hmm
NC_008009.1,602176,608555,6379,sigi_hmm
NC_008009.1,613504,618779,5275,sigi_hmm
NC_008009.1,855744,861781,6037,sigi_hmm
NC_008009.1,1273664,1279817,6153,sigi_hmm
NC_008009.1,1839601,1845076,5475,sigi_hmm
NC_008009.1,2441590,2447978,6388,sigi_hmm
NC_008009.1,2908417,2916455,8038,sigi_hmm
NC_008009.1,3137664,3144379,6715,sigi_hmm
NC_008009.1,3542542,3546572,4030,sigi_hmm
NC_008009.1,3835897,3840488,4591,sigi_hmm
NC_008009.1,4212885,4216994,4109,sigi_hmm
NC_008009.1,5148071,5152159,4088,sigi_hmm
NC_008009.1,5159019,5168811,9792,sigi_hmm
NC_008009.1,5170319,5175552,5233,sigi_hmm
NC_008009.1,5178269,5184705,6436,sigi_hmm
NC_009464.1,390442,396043,5601,sigi_hmm
NC_009464.1,658871,668738,9867,sigi_hmm
NC_009464.1,1403484,1408228,4744,sigi_hmm
NC_009464.1,1492560,1505207,12647,sigi_hmm
NC_009464.1,2021626,2026546,4920,sigi_hmm
NC_009464.1,2381357,2386496,5139,sigi_hmm
NC_009464.1,2531094,2547963,16869,sigi_hmm
NC_009464.1,2696711,2702096,5385,sigi_hmm
NC_009464.1,2706736,2711053,4317,sigi_hmm
NC_010634.1,174841,179619,4778,sigi_hmm
NC_010634.1,1185174,1201015,15841,sigi_hmm
NC_010634.1,2130573,2139012,8439,sigi_hmm
NC_010634.1,2141702,2148217,6515,sigi_hmm
NC_010634.1,2818700,2823095,4395,sigi_hmm
NC_010634.1,3257972,3262216,4244,sigi_hmm
NC_010634.1,3518323,3531200,12877,sigi_hmm
NC_010634.1,3696277,3705609,9332,sigi_hmm
NC_010634.1,3731058,3736153,5095,sigi_hmm
NC_010634.1,3747848,3755030,7182,sigi_hmm
NC_010634.1,3770685,3779760,9075,sigi_hmm
NC_010634.1,3921440,3926653,5213,sigi_hmm
NC_010634.1,4470588,4488366,17778,sigi_hmm
NC_008800.1,2534688,2539240,4552,sigi_hmm
NC_008800.1,2541497,2549503,8006,sigi_hmm
NC_008800.1,2813939,2837836,23897,sigi_hmm
NC_008800.1,2844799,2856086,11287,sigi_hmm
NC_008800.1,3068765,3074393,5628,sigi_hmm
NC_008800.1,3339012,3357842,18830,sigi_hmm
NC_008800.1,3652152,3664204,12052,sigi_hmm
NC_008800.1,3962753,3972536,9783,sigi_hmm
NC_008800.1,4495212,4500513,5301,sigi_hmm
NC_008149.1,325700,330730,5030,sigi_hmm
NC_008149.1,655805,660872,5067,sigi_hmm
NC_008149.1,662167,666904,4737,sigi_hmm
NC_008149.1,1134496,1149353,14857,sigi_hmm
NC_008149.1,1446861,1452502,5641,sigi_hmm
NC_008149.1,1777316,1784292,6976,sigi_hmm
NC_008149.1,2523987,2528694,4707,sigi_hmm
NC_008149.1,2533590,2537617,4027,sigi_hmm
NC_008149.1,3279396,3286588,7192,sigi_hmm
NC_008149.1,3381655,3394536,12881,sigi_hmm
NC_008149.1,3533384,3542716,9332,sigi_hmm
NC_008149.1,3570618,3575611,4993,sigi_hmm
NC_008149.1,3583795,3591859,8064,sigi_hmm
NC_008149.1,3797311,3801420,4109,sigi_hmm
NC_008149.1,4069878,4074078,4200,sigi_hmm
NC_008149.1,4217600,4222305,4705,sigi_hmm
NC_010159.1,144158,153472,9314,sigi_hmm
NC_010159.1,176329,181322,4993,sigi_hmm
NC_010159.1,186018,194425,8407,sigi_hmm
NC_010159.1,265687,270425,4738,sigi_hmm
NC_010159.1,271720,276786,5066,sigi_hmm
NC_010159.1,746063,750133,4070,sigi_hmm
NC_010159.1,1295079,1313314,18235,sigi_hmm
NC_010159.1,2276973,2283222,6249,sigi_hmm
NC_010159.1,3041545,3047953,6408,sigi_hmm
NC_010159.1,3459146,3472458,13312,sigi_hmm
NC_008150.1,322261,329785,7524,sigi_hmm
NC_008150.1,338513,343506,4993,sigi_hmm
NC_004088.1,274727,278800,4073,sigi_hmm
NC_008150.1,370587,380663,10076,sigi_hmm
NC_004088.1,283057,287591,4534,sigi_hmm
NC_008150.1,521363,537006,15643,sigi_hmm
NC_004088.1,670361,674470,4109,sigi_hmm
NC_008150.1,634023,641214,7191,sigi_hmm
NC_004088.1,1206646,1221955,15309,sigi_hmm
NC_008150.1,1397417,1401426,4009,sigi_hmm
NC_004088.1,3513809,3526698,12889,sigi_hmm
NC_008150.1,1406322,1411029,4707,sigi_hmm
NC_004088.1,3665557,3674889,9332,sigi_hmm
NC_008150.1,2581013,2586635,5622,sigi_hmm
NC_004088.1,3715918,3723987,8069,sigi_hmm
NC_008150.1,2885475,2900798,15323,sigi_hmm
NC_004088.1,3865165,3869903,4738,sigi_hmm
NC_008150.1,3436047,3440785,4738,sigi_hmm
NC_004088.1,3871261,3876264,5003,sigi_hmm
NC_008150.1,3442080,3447146,5066,sigi_hmm
NC_008150.1,3802913,3807113,4200,sigi_hmm
NC_004088.1,4209068,4213621,4553,sigi_hmm
NC_008150.1,4380543,4385573,5030,sigi_hmm
NC_008150.1,4443191,4447300,4109,sigi_hmm
NC_008150.1,4637190,4641951,4761,sigi_hmm
NC_010577.1,130527,136167,5640,sigi_hmm
NC_009381.1,231890,236078,4188,sigi_hmm
NC_010577.1,366424,376780,10356,sigi_hmm
NC_009381.1,527830,532895,5065,sigi_hmm
NC_010577.1,454489,464701,10212,sigi_hmm
NC_009381.1,534190,538928,4738,sigi_hmm
NC_010577.1,854555,860416,5861,sigi_hmm
NC_009381.1,591561,603106,11545,sigi_hmm
NC_010577.1,1171901,1177349,5448,sigi_hmm
NC_009381.1,607802,612795,4993,sigi_hmm
NC_010577.1,1177730,1205945,28215,sigi_hmm
NC_009381.1,634928,645001,10073,sigi_hmm
NC_010577.1,1302200,1316523,14323,sigi_hmm
NC_010577.1,1683506,1690466,6960,sigi_hmm
NC_009381.1,782393,796050,13657,sigi_hmm
NC_009381.1,1159603,1165511,5908,sigi_hmm
NC_010577.1,1734316,1739111,4795,sigi_hmm
NC_010577.1,1862636,1877444,14808,sigi_hmm
NC_009381.1,1408249,1412956,4707,sigi_hmm
NC_010577.1,2087608,2108108,20500,sigi_hmm
NC_009381.1,1417847,1421847,4000,sigi_hmm
NC_009381.1,1706478,1711281,4803,sigi_hmm
NC_010577.1,2146234,2155865,9631,sigi_hmm
NC_010577.1,2464001,2473397,9396,sigi_hmm
NC_009381.1,2497645,2503305,5660,sigi_hmm
NC_010577.1,2481563,2497112,15549,sigi_hmm
NC_009381.1,3101963,3117271,15308,sigi_hmm
NC_009381.1,3687481,3691956,4475,sigi_hmm
NC_010577.1,2517735,2528162,10427,sigi_hmm
NC_009381.1,4175767,4179852,4085,sigi_hmm
NC_009381.1,4334661,4339270,4609,sigi_hmm
NC_003143.1,344213,348322,4109,sigi_hmm
NC_003143.1,406492,410891,4399,sigi_hmm
NC_003143.1,746268,751334,5066,sigi_hmm
NC_003143.1,752629,758077,5448,sigi_hmm
NC_003143.1,883793,899437,15644,sigi_hmm
NC_003143.1,1037479,1046811,9332,sigi_hmm
NC_003143.1,1071907,1079628,7721,sigi_hmm
NC_003143.1,1088356,1095885,7529,sigi_hmm
NC_003143.1,1654210,1658487,4277,sigi_hmm
NC_003143.1,2114338,2118347,4009,sigi_hmm
NC_003143.1,2366293,2374612,8319,sigi_hmm
NC_003143.1,3197433,3203086,5653,sigi_hmm
NC_003143.1,3453810,3469125,15315,sigi_hmm
NC_003143.1,3589823,3594177,4354,sigi_hmm
NC_003143.1,4016048,4020248,4200,sigi_hmm
NC_003143.1,4024505,4028579,4074,sigi_hmm
NC_009708.1,697661,702727,5066,sigi_hmm
NC_009708.1,857561,862395,4834,sigi_hmm
NC_009708.1,878195,885380,7185,sigi_hmm
NC_009708.1,894308,899301,4993,sigi_hmm
NC_009708.1,920298,929359,9061,sigi_hmm
NC_009708.1,995132,1004446,9314,sigi_hmm
NC_009708.1,1140740,1153619,12879,sigi_hmm
NC_009708.1,2544820,2551181,6361,sigi_hmm
NC_009708.1,2795434,2801523,6089,sigi_hmm
NC_009708.1,3417834,3433314,15480,sigi_hmm
NC_007705.1,3436570,3441481,4911,sigi_hmm
NC_007705.1,3655787,3659994,4207,sigi_hmm
NC_007705.1,3735707,3741676,5969,sigi_hmm
NC_004556.1,130675,136315,5640,sigi_hmm
NC_004556.1,366923,376902,9979,sigi_hmm
NC_004556.1,454636,464848,10212,sigi_hmm
NC_004556.1,845035,850896,5861,sigi_hmm
NC_004556.1,1162310,1167758,5448,sigi_hmm
NC_004556.1,1168139,1196420,28281,sigi_hmm
NC_004556.1,1292660,1306982,14322,sigi_hmm
NC_004556.1,1667472,1675195,7723,sigi_hmm
NC_004556.1,1719045,1723840,4795,sigi_hmm
NC_004556.1,1841691,1861602,19911,sigi_hmm
NC_004556.1,2071791,2092276,20485,sigi_hmm
NC_004556.1,2130409,2140040,9631,sigi_hmm
NC_004556.1,2445405,2457582,12177,sigi_hmm
NC_004556.1,2465775,2481564,15789,sigi_hmm
NC_004556.1,2501956,2512329,10373,sigi_hmm
NC_008800.1,620654,627443,6789,sigi_hmm
NC_008800.1,1098715,1114508,15793,sigi_hmm
NC_008800.1,1310337,1322389,12052,sigi_hmm
NC_008800.1,1467937,1474269,6332,sigi_hmm
NC_008800.1,1849792,1858259,8467,sigi_hmm
NC_008800.1,1865703,1871306,5603,sigi_hmm
NC_008800.1,1873426,1881802,8376,sigi_hmm
NC_008800.1,2004575,2008937,4362,sigi_hmm
NC_008800.1,2017670,2022005,4335,sigi_hmm
NC_008800.1,2134685,2140956,6271,sigi_hmm
NC_008800.1,2502036,2506299,4263,sigi_hmm
NC_008800.1,2510655,2515712,5057,sigi_hmm
NC_005140.1,114523,119459,4936,sigi_hmm
NC_005140.1,349123,354539,5416,sigi_hmm
NC_004722.1,2356498,2362156,5658,sigi_hmm
NC_005140.1,777369,785079,7710,sigi_hmm
NC_004722.1,3214417,3218781,4364,sigi_hmm
NC_005140.1,886760,890984,4224,sigi_hmm
NC_005140.1,899595,905477,5882,sigi_hmm
NC_005140.1,1717193,1722693,5500,sigi_hmm
NC_004603.1,208441,222494,14053,sigi_hmm
NC_004603.1,233872,246218,12346,sigi_hmm
NC_004603.1,377275,386164,8889,sigi_hmm
NC_004603.1,396318,403433,7115,sigi_hmm
NC_004603.1,479757,484417,4660,sigi_hmm
NC_004603.1,581376,589493,8117,sigi_hmm
NC_004603.1,666070,672505,6435,sigi_hmm
NC_004603.1,1121252,1143500,22248,sigi_hmm
NC_004603.1,1522119,1526996,4877,sigi_hmm
NC_004603.1,1627036,1636869,9833,sigi_hmm
NC_004603.1,1655183,1659492,4309,sigi_hmm
NC_004603.1,1664891,1669700,4809,sigi_hmm
NC_004603.1,1900170,1950954,50784,sigi_hmm
NC_004603.1,2240007,2256166,16159,sigi_hmm
NC_004603.1,3084846,3099979,15133,sigi_hmm
NC_004603.1,3192316,3199886,7570,sigi_hmm
NC_005090.1,1525628,1529857,4229,sigi_hmm
NC_004459.2,1131,15565,14434,sigi_hmm
NC_004459.2,363883,368270,4387,sigi_hmm
NC_004459.2,368835,385130,16295,sigi_hmm
NC_004459.2,778916,790727,11811,sigi_hmm
NC_004459.2,1685633,1692328,6695,sigi_hmm
NC_004459.2,2015847,2022540,6693,sigi_hmm
NC_004459.2,2030746,2042744,11998,sigi_hmm
NC_004459.2,2438376,2450931,12555,sigi_hmm
NC_004459.2,2451917,2475317,23400,sigi_hmm
NC_004459.2,2476241,2490346,14105,sigi_hmm
NC_004459.2,2492582,2501356,8774,sigi_hmm
NC_004459.2,2505316,2541471,36155,sigi_hmm
NC_004459.2,2542663,2580477,37814,sigi_hmm
NC_004459.2,2592080,2596542,4462,sigi_hmm
NC_004459.2,3032186,3039169,6983,sigi_hmm
NC_004459.2,3250227,3268917,18690,sigi_hmm
NC_004459.2,3271706,3279904,8198,sigi_hmm
NC_005139.1,136670,143287,6617,sigi_hmm
NC_005139.1,147345,162731,15386,sigi_hmm
NC_005139.1,163257,172972,9715,sigi_hmm
NC_005139.1,312811,317868,5057,sigi_hmm
NC_005139.1,326780,332260,5480,sigi_hmm
NC_005139.1,351200,367626,16426,sigi_hmm
NC_005139.1,509345,514510,5165,sigi_hmm
NC_005139.1,537766,542138,4372,sigi_hmm
NC_005139.1,801398,807628,6230,sigi_hmm
NC_005139.1,813042,823975,10933,sigi_hmm
NC_005139.1,1793117,1797972,4855,sigi_hmm
NC_005139.1,1798876,1807173,8297,sigi_hmm
NC_005139.1,1809353,1818857,9504,sigi_hmm
NC_005139.1,1824642,1830420,5778,sigi_hmm
NC_005139.1,1837858,1849831,11973,sigi_hmm
NC_005139.1,1849998,1855397,5399,sigi_hmm
NC_005139.1,1862827,1870012,7185,sigi_hmm
NC_005139.1,1870861,1878032,7171,sigi_hmm
NC_005139.1,1883058,1906453,23395,sigi_hmm
NC_005139.1,1907178,1930904,23726,sigi_hmm
NC_005139.1,2208109,2212470,4361,sigi_hmm
NC_005139.1,2229391,2237328,7937,sigi_hmm
NC_005139.1,2245556,2263318,17762,sigi_hmm
NC_009633.1,1602510,1609385,6875,sigi_hmm
NC_009633.1,3645322,3651051,5729,sigi_hmm
NC_009633.1,4106611,4112380,5769,sigi_hmm
NC_009633.1,4114734,4130656,15922,sigi_hmm
NC_009633.1,4399160,4408242,9082,sigi_hmm
NC_009675.1,2048057,2053788,5731,sigi_hmm
NC_009675.1,2539562,2545204,5642,sigi_hmm
NC_009675.1,3805323,3810988,5665,sigi_hmm
NC_009675.1,3830422,3851311,20889,sigi_hmm
NC_009675.1,4661607,4668083,6476,sigi_hmm
NC_009675.1,4672467,4687343,14876,sigi_hmm
NC_009675.1,4698897,4703896,4999,sigi_hmm
NC_009675.1,4949700,4953815,4115,sigi_hmm
NC_009675.1,4954574,4960518,5944,sigi_hmm
NC_009675.1,5192630,5198553,5923,sigi_hmm
NC_007086.1,76036,83606,7570,sigi_hmm
NC_007086.1,165263,169507,4244,sigi_hmm
NC_007086.1,269007,274301,5294,sigi_hmm
NC_007086.1,399351,413600,14249,sigi_hmm
NC_007086.1,466012,475726,9714,sigi_hmm
NC_007086.1,634435,641608,7173,sigi_hmm
NC_007086.1,837569,844616,7047,sigi_hmm
NC_007086.1,1034384,1047567,13183,sigi_hmm
NC_007086.1,1231170,1260343,29173,sigi_hmm
NC_007086.1,1468706,1476124,7418,sigi_hmm
NC_007086.1,1665568,1670217,4649,sigi_hmm
NC_007086.1,1834908,1842571,7663,sigi_hmm
NC_007086.1,1945495,1953075,7580,sigi_hmm
NC_007086.1,1958257,1967151,8894,sigi_hmm
NC_007086.1,2413402,2420078,6676,sigi_hmm
NC_007086.1,2425925,2440976,15051,sigi_hmm
NC_007086.1,2479332,2502559,23227,sigi_hmm
NC_007086.1,2752686,2758567,5881,sigi_hmm
NC_007086.1,2899536,2924212,24676,sigi_hmm
NC_007086.1,2926023,2958586,32563,sigi_hmm
NC_007086.1,3122997,3159241,36244,sigi_hmm
NC_007086.1,3161321,3165550,4229,sigi_hmm
NC_007086.1,3166188,3176845,10657,sigi_hmm
NC_007086.1,3331590,3340382,8792,sigi_hmm
NC_007086.1,3347629,3358515,10886,sigi_hmm
NC_007086.1,3589056,3597663,8607,sigi_hmm
NC_007086.1,3612915,3621961,9046,sigi_hmm
NC_007086.1,3780270,3786419,6149,sigi_hmm
NC_007086.1,3818657,3824162,5505,sigi_hmm
NC_007086.1,4299842,4317246,17404,sigi_hmm
NC_007086.1,4492839,4499289,6450,sigi_hmm
NC_007086.1,4616210,4623938,7728,sigi_hmm
NC_007086.1,5064053,5069310,5257,sigi_hmm
NC_007086.1,5072963,5077909,4946,sigi_hmm
NC_009720.1,219645,245884,26239,sigi_hmm
NC_009720.1,256999,273567,16568,sigi_hmm
NC_009720.1,589242,593470,4228,sigi_hmm
NC_009720.1,594636,602173,7537,sigi_hmm
NC_009720.1,631339,642222,10883,sigi_hmm
NC_009720.1,678484,685152,6668,sigi_hmm
NC_009720.1,759100,765556,6456,sigi_hmm
NC_009720.1,773768,782185,8417,sigi_hmm
NC_009720.1,797351,801857,4506,sigi_hmm
NC_009720.1,818411,828584,10173,sigi_hmm
NC_009720.1,842956,847661,4705,sigi_hmm
NC_009720.1,849125,853860,4735,sigi_hmm
NC_009720.1,873665,884652,10987,sigi_hmm
NC_009720.1,908417,914427,6010,sigi_hmm
NC_009720.1,1250110,1261891,11781,sigi_hmm
NC_009720.1,2496076,2513310,17234,sigi_hmm
NC_009720.1,2948745,2956052,7307,sigi_hmm
NC_009720.1,2957207,2967434,10227,sigi_hmm
NC_009720.1,3193458,3197707,4249,sigi_hmm
NC_009720.1,3218491,3223886,5395,sigi_hmm
NC_009720.1,3286709,3307049,20340,sigi_hmm
NC_009720.1,3325846,3333033,7187,sigi_hmm
NC_009720.1,3369134,3375979,6845,sigi_hmm
NC_009720.1,3383575,3389587,6012,sigi_hmm
NC_009720.1,4029686,4036066,6380,sigi_hmm
NC_009720.1,4039225,4050005,10780,sigi_hmm
NC_009720.1,4060029,4064586,4557,sigi_hmm
NC_009720.1,4066125,4076353,10228,sigi_hmm
NC_009720.1,4077573,4084106,6533,sigi_hmm
NC_009720.1,4094852,4099956,5104,sigi_hmm
NC_009720.1,4132967,4149378,16411,sigi_hmm
NC_009720.1,4412859,4419878,7019,sigi_hmm
NC_009720.1,4429663,4434894,5231,sigi_hmm
NC_009720.1,5056219,5060590,4371,sigi_hmm
NC_009720.1,5086145,5090210,4065,sigi_hmm
NC_010513.1,129997,135653,5656,sigi_hmm
NC_010513.1,363687,376604,12917,sigi_hmm
NC_010513.1,454182,459670,5488,sigi_hmm
NC_010513.1,460933,469112,8179,sigi_hmm
NC_010513.1,699735,706076,6341,sigi_hmm
NC_010513.1,873662,879523,5861,sigi_hmm
NC_010513.1,1214908,1220396,5488,sigi_hmm
NC_010513.1,1221659,1229838,8179,sigi_hmm
NC_010513.1,1237614,1242689,5075,sigi_hmm
NC_010513.1,1353184,1357881,4697,sigi_hmm
NC_010513.1,1358203,1368440,10237,sigi_hmm
NC_010513.1,1445288,1459487,14199,sigi_hmm
NC_010513.1,1641612,1649273,7661,sigi_hmm
NC_010513.1,1740845,1750093,9248,sigi_hmm
NC_010513.1,1823721,1828924,5203,sigi_hmm
NC_010513.1,2024332,2037042,12710,sigi_hmm
NC_010513.1,2084906,2094675,9769,sigi_hmm
NC_010513.1,2399814,2410657,10843,sigi_hmm
NC_010513.1,2419606,2426469,6863,sigi_hmm
NC_009925.1,335770,360719,24949,sigi_hmm
NC_009925.1,1624770,1629671,4901,sigi_hmm
NC_009925.1,2268254,2277806,9552,sigi_hmm
NC_009925.1,2413197,2417736,4539,sigi_hmm
NC_009925.1,3666438,3671427,4989,sigi_hmm
NC_009925.1,5006156,5011324,5168,sigi_hmm
NC_009925.1,5063156,5068944,5788,sigi_hmm
NC_009925.1,5487169,5493847,6678,sigi_hmm
NC_009925.1,5846558,5859128,12570,sigi_hmm
NC_009925.1,6317112,6322611,5499,sigi_hmm
NC_009925.1,6338217,6343305,5088,sigi_hmm
NC_009484.1,87195,95037,7842,sigi_hmm
NC_009484.1,102503,129011,26508,sigi_hmm
NC_009484.1,262065,268935,6870,sigi_hmm
NC_009484.1,325989,337995,12006,sigi_hmm
NC_009484.1,435182,444344,9162,sigi_hmm
NC_009484.1,467857,480668,12811,sigi_hmm
NC_009484.1,494952,502564,7612,sigi_hmm
NC_009484.1,666868,675043,8175,sigi_hmm
NC_009484.1,783694,788884,5190,sigi_hmm
NC_009484.1,863639,903670,40031,sigi_hmm
NC_009484.1,965279,971896,6617,sigi_hmm
NC_009484.1,1298942,1312183,13241,sigi_hmm
NC_009484.1,1431994,1437212,5218,sigi_hmm
NC_009484.1,1439139,1448363,9224,sigi_hmm
NC_009484.1,1627146,1643408,16262,sigi_hmm
NC_009484.1,1651917,1660600,8683,sigi_hmm
NC_009484.1,1991304,2005508,14204,sigi_hmm
NC_009484.1,2452764,2466130,13366,sigi_hmm
NC_009484.1,2535115,2539299,4184,sigi_hmm
NC_009484.1,2549599,2555767,6168,sigi_hmm
NC_009484.1,2561181,2567243,6062,sigi_hmm
NC_009484.1,2666526,2682256,15730,sigi_hmm
NC_009484.1,2709668,2713964,4296,sigi_hmm
NC_009484.1,3093889,3098088,4199,sigi_hmm
NC_007705.1,83720,87869,4149,sigi_hmm
NC_007705.1,762025,768345,6320,sigi_hmm
NC_007705.1,1396890,1404365,7475,sigi_hmm
NC_007705.1,1589426,1593916,4490,sigi_hmm
NC_007705.1,1755432,1761779,6347,sigi_hmm
NC_007705.1,2365285,2370419,5134,sigi_hmm
NC_007705.1,2376717,2381810,5093,sigi_hmm
NC_006347.1,1509284,1516990,7706,sigi_hmm
NC_006347.1,1585191,1602437,17246,sigi_hmm
NC_006347.1,1610868,1622350,11482,sigi_hmm
NC_006347.1,1679841,1685866,6025,sigi_hmm
NC_006347.1,1785432,1790536,5104,sigi_hmm
NC_006347.1,2166664,2170976,4312,sigi_hmm
NC_006347.1,2681843,2688654,6811,sigi_hmm
NC_006347.1,2694616,2709103,14487,sigi_hmm
NC_006347.1,2711297,2720733,9436,sigi_hmm
NC_006347.1,2903862,2908581,4719,sigi_hmm
NC_006347.1,2956204,2965935,9731,sigi_hmm
NC_006347.1,3178816,3185334,6518,sigi_hmm
NC_006347.1,3190696,3200847,10151,sigi_hmm
NC_006347.1,3206339,3216004,9665,sigi_hmm
NC_006347.1,3257528,3272995,15467,sigi_hmm
NC_006347.1,3416460,3420942,4482,sigi_hmm
NC_006347.1,3968190,3972284,4094,sigi_hmm
NC_006347.1,4162904,4176293,13389,sigi_hmm
NC_006347.1,4178541,4185820,7279,sigi_hmm
NC_006347.1,4462362,4466961,4599,sigi_hmm
NC_006347.1,4625117,4630229,5112,sigi_hmm
NC_003909.8,392548,397464,4916,sigi_hmm
NC_003909.8,399794,403843,4049,sigi_hmm
NC_003909.8,405185,409410,4225,sigi_hmm
NC_003909.8,414584,434007,19423,sigi_hmm
NC_000918.1,253252,257906,4654,sigi_hmm
NC_000918.1,713839,718062,4223,sigi_hmm
NC_000917.1,65799,71109,5310,sigi_hmm
NC_000917.1,270886,275198,4312,sigi_hmm
NC_000917.1,539408,547398,7990,sigi_hmm
NC_010645.1,411608,416280,4672,sigi_hmm
NC_010645.1,1503554,1507922,4368,sigi_hmm
NC_010645.1,1533328,1540160,6832,sigi_hmm
NC_010645.1,3248423,3252817,4394,sigi_hmm
NC_008541.1,474906,485940,11034,sigi_hmm
NC_008541.1,752127,758340,6213,sigi_hmm
NC_008541.1,1055541,1063889,8348,sigi_hmm
NC_008541.1,1078603,1083251,4648,sigi_hmm
NC_008541.1,1087885,1096430,8545,sigi_hmm
NC_008541.1,2043861,2050359,6498,sigi_hmm
NC_008541.1,2073895,2082720,8825,sigi_hmm
NC_008541.1,2143256,2150745,7489,sigi_hmm
NC_008541.1,3600394,3617573,17179,sigi_hmm
NC_008541.1,4072483,4082517,10034,sigi_hmm
NC_008541.1,4087054,4091180,4126,sigi_hmm
NC_008541.1,4687016,4694059,7043,sigi_hmm
NC_002928.3,129810,148516,18706,sigi_hmm
NC_002928.3,392755,396898,4143,sigi_hmm
NC_002928.3,510662,516709,6047,sigi_hmm
NC_002928.3,522859,528087,5228,sigi_hmm
NC_002928.3,2375862,2388607,12745,sigi_hmm
NC_002928.3,3724166,3730878,6712,sigi_hmm
NC_002928.3,3781657,3786400,4743,sigi_hmm
NC_002928.3,3789329,3796146,6817,sigi_hmm
NC_002928.3,3797844,3802520,4676,sigi_hmm
NC_002928.3,3827420,3831814,4394,sigi_hmm
NC_002928.3,3998018,4004548,6530,sigi_hmm
NC_006513.1,42788,52787,9999,sigi_hmm
NC_006513.1,160999,177562,16563,sigi_hmm
NC_006513.1,221841,226310,4469,sigi_hmm
NC_006513.1,296233,300489,4256,sigi_hmm
NC_006513.1,433993,440393,6400,sigi_hmm
NC_006513.1,544374,553865,9491,sigi_hmm
NC_006513.1,891233,898558,7325,sigi_hmm
NC_006513.1,1386768,1390919,4151,sigi_hmm
NC_006513.1,1400198,1405513,5315,sigi_hmm
NC_006513.1,1425090,1429206,4116,sigi_hmm
NC_006513.1,1446732,1452048,5316,sigi_hmm
NC_006513.1,1512487,1517564,5077,sigi_hmm
NC_006513.1,1704225,1709434,5209,sigi_hmm
NC_006513.1,1906736,1912904,6168,sigi_hmm
NC_006513.1,1940841,1953968,13127,sigi_hmm
NC_006513.1,1955742,1962534,6792,sigi_hmm
NC_006513.1,2040487,2045084,4597,sigi_hmm
NC_006513.1,2533408,2538089,4681,sigi_hmm
NC_006513.1,2716035,2722932,6897,sigi_hmm
NC_006513.1,3496385,3507452,11067,sigi_hmm
NC_006513.1,3526391,3532322,5931,sigi_hmm
NC_006513.1,3600807,3606153,5346,sigi_hmm
NC_008260.1,1020004,1027725,7721,sigi_hmm
NC_008260.1,1533968,1538337,4369,sigi_hmm
NC_008260.1,1832918,1838806,5888,sigi_hmm
NC_008260.1,2028227,2038430,10203,sigi_hmm
NC_008260.1,2090863,2096711,5848,sigi_hmm
NC_008260.1,2115499,2121103,5604,sigi_hmm
NC_008260.1,2355147,2359614,4467,sigi_hmm
NC_008260.1,3060396,3066605,6209,sigi_hmm
NC_008260.1,3068687,3073828,5141,sigi_hmm
NC_008711.1,435453,442263,6810,sigi_hmm
NC_008711.1,1235434,1244551,9117,sigi_hmm
NC_008711.1,1471594,1478570,6976,sigi_hmm
NC_008711.1,1487265,1495429,8164,sigi_hmm
NC_008711.1,3464010,3477574,13564,sigi_hmm
NC_009937.1,963749,971825,8076,sigi_hmm
NC_009937.1,1432828,1445948,13120,sigi_hmm
NC_009937.1,2139312,2152224,12912,sigi_hmm
NC_009937.1,2449251,2454925,5674,sigi_hmm
NC_009937.1,3329687,3337031,7344,sigi_hmm
NC_009937.1,3752796,3760119,7323,sigi_hmm
NC_009937.1,4355725,4377257,21532,sigi_hmm
NC_009937.1,4402076,4407319,5243,sigi_hmm
NC_009937.1,4428091,4433676,5585,sigi_hmm
NC_007760.1,651423,657132,5709,sigi_hmm
NC_007760.1,1620162,1625971,5809,sigi_hmm
NC_007760.1,2099197,2104439,5242,sigi_hmm
NC_007760.1,2106624,2112226,5602,sigi_hmm
NC_007760.1,2624157,2630828,6671,sigi_hmm
NC_007760.1,3182618,3188645,6027,sigi_hmm
NC_007760.1,3244915,3249812,4897,sigi_hmm
NC_007760.1,3664006,3688382,24376,sigi_hmm
NC_007760.1,3690444,3704822,14378,sigi_hmm
NC_007760.1,3709660,3719108,9448,sigi_hmm
NC_007760.1,3728526,3733532,5006,sigi_hmm
NC_007760.1,3741127,3748325,7198,sigi_hmm
NC_007760.1,3752594,3758201,5607,sigi_hmm
NC_007760.1,4065681,4080062,14381,sigi_hmm
NC_007760.1,4084156,4088940,4784,sigi_hmm
NC_007760.1,4153266,4159638,6372,sigi_hmm
NC_007760.1,4437523,4442068,4545,sigi_hmm
NC_007760.1,4917551,4927086,9535,sigi_hmm
NC_010655.1,315805,326127,10322,sigi_hmm
NC_010655.1,382474,390250,7776,sigi_hmm
NC_010655.1,1615399,1622287,6888,sigi_hmm
NC_010655.1,1632716,1637228,4512,sigi_hmm
NC_010655.1,2029049,2036447,7398,sigi_hmm
NC_010170.1,215832,254810,38978,sigi_hmm
NC_010170.1,674811,678880,4069,sigi_hmm
NC_010170.1,1031096,1036113,5017,sigi_hmm
NC_010170.1,1048077,1053296,5219,sigi_hmm
NC_010170.1,1080336,1092756,12420,sigi_hmm
NC_010170.1,1107107,1113513,6406,sigi_hmm
NC_010170.1,1121344,1128054,6710,sigi_hmm
NC_010170.1,1157673,1188022,30349,sigi_hmm
NC_010170.1,1196270,1209127,12857,sigi_hmm
NC_010170.1,1215132,1219644,4512,sigi_hmm
NC_010170.1,1229084,1269788,40704,sigi_hmm
NC_010170.1,1276937,1281315,4378,sigi_hmm
NC_010170.1,1304993,1312909,7916,sigi_hmm
NC_010170.1,1349423,1356971,7548,sigi_hmm
NC_010170.1,1364635,1375646,11011,sigi_hmm
NC_010170.1,1376709,1407326,30617,sigi_hmm
NC_010170.1,1423188,1441341,18153,sigi_hmm
NC_010170.1,1474157,1493314,19157,sigi_hmm
NC_010170.1,1505848,1511417,5569,sigi_hmm
NC_010170.1,1521635,1527490,5855,sigi_hmm
NC_010170.1,1547343,1552046,4703,sigi_hmm
NC_010170.1,1576782,1587673,10891,sigi_hmm
NC_010170.1,2176477,2180522,4045,sigi_hmm
NC_010170.1,2251969,2258130,6161,sigi_hmm
NC_010170.1,2272658,2284901,12243,sigi_hmm
NC_010170.1,2380313,2401229,20916,sigi_hmm
NC_010170.1,3028779,3037468,8689,sigi_hmm
NC_010170.1,3153538,3158192,4654,sigi_hmm
NC_010170.1,3912251,3932353,20102,sigi_hmm
NC_010170.1,3935149,3944929,9780,sigi_hmm
NC_010170.1,3952090,3962350,10260,sigi_hmm
NC_010170.1,3963488,4007596,44108,sigi_hmm
NC_010170.1,4206808,4212357,5549,sigi_hmm
NC_010170.1,4423067,4430698,7631,sigi_hmm
NC_010170.1,4465003,4483201,18198,sigi_hmm
NC_010170.1,4492297,4515101,22804,sigi_hmm
NC_010170.1,4534929,4542368,7439,sigi_hmm
NC_010170.1,4547868,4558438,10570,sigi_hmm
NC_010170.1,4674340,4679794,5454,sigi_hmm
NC_010170.1,4749582,4761599,12017,sigi_hmm
NC_010170.1,4804647,4813426,8779,sigi_hmm
NC_010170.1,4817842,4876400,58558,sigi_hmm
NC_010170.1,4888689,4897813,9124,sigi_hmm
NC_010170.1,5093910,5102820,8910,sigi_hmm
NC_003063.2,943,6577,5634,sigi_hmm
NC_003063.2,702043,709745,7702,sigi_hmm
NC_003063.2,926945,932936,5991,sigi_hmm
NC_003063.2,1303752,1309999,6247,sigi_hmm
NC_003063.2,1750495,1762220,11725,sigi_hmm
NC_009053.1,903161,907804,4643,sigi_hmm
NC_009053.1,1087295,1098488,11193,sigi_hmm
NC_009053.1,1791594,1799944,8350,sigi_hmm
NC_009053.1,1952100,1956808,4708,sigi_hmm
NC_009053.1,2033633,2038382,4749,sigi_hmm
NC_009848.1,588295,594485,6190,sigi_hmm
NC_009848.1,727814,736526,8712,sigi_hmm
NC_009848.1,1701404,1710332,8928,sigi_hmm
NC_009848.1,3196510,3204866,8356,sigi_hmm
NC_009848.1,3589877,3594392,4515,sigi_hmm
NC_009655.1,1369762,1376603,6841,sigi_hmm
NC_010939.1,327773,332258,4485,sigi_hmm
NC_010939.1,413379,420046,6667,sigi_hmm
NC_010939.1,527323,539357,12034,sigi_hmm
NC_010939.1,548285,554397,6112,sigi_hmm
NC_010939.1,1119495,1126569,7074,sigi_hmm
NC_010939.1,1641364,1649567,8203,sigi_hmm
NC_010939.1,1701551,1706214,4663,sigi_hmm
NC_010939.1,1816411,1823832,7421,sigi_hmm
NC_010939.1,1826506,1834766,8260,sigi_hmm
NC_010939.1,2027359,2034026,6667,sigi_hmm
NC_010939.1,2090789,2095539,4750,sigi_hmm
NC_010278.1,322848,327440,4592,sigi_hmm
NC_010278.1,866653,871295,4642,sigi_hmm
NC_010278.1,1051528,1063241,11713,sigi_hmm
NC_010278.1,1474432,1481647,7215,sigi_hmm
NC_010278.1,1577008,1581584,4576,sigi_hmm
NC_010278.1,1633173,1641088,7915,sigi_hmm
NC_010278.1,1753150,1760808,7658,sigi_hmm
NC_010278.1,1763341,1772106,8765,sigi_hmm
NC_010278.1,1994432,2000067,5635,sigi_hmm
NC_000854.2,199916,205952,6036,sigi_hmm
NC_000854.2,545948,549979,4031,sigi_hmm
NC_000854.2,734385,745524,11139,sigi_hmm
NC_000854.2,1215480,1219953,4473,sigi_hmm
NC_008570.1,802009,810054,8045,sigi_hmm
NC_008570.1,1099458,1103629,4171,sigi_hmm
NC_008570.1,1147784,1154476,6692,sigi_hmm
NC_008570.1,1155644,1161820,6176,sigi_hmm
NC_008570.1,1861426,1866141,4715,sigi_hmm
NC_008570.1,2232485,2239605,7120,sigi_hmm
NC_008570.1,3090472,3094703,4231,sigi_hmm
NC_008570.1,3784740,3788911,4171,sigi_hmm
NC_008570.1,4605931,4610074,4143,sigi_hmm
NC_002927.3,125694,145071,19377,sigi_hmm
NC_002927.3,390213,394755,4542,sigi_hmm
NC_002927.3,509096,518212,9116,sigi_hmm
NC_002927.3,521846,529693,7847,sigi_hmm
NC_002927.3,544370,556410,12040,sigi_hmm
NC_002927.3,966029,983689,17660,sigi_hmm
NC_002927.3,1574264,1579749,5485,sigi_hmm
NC_002927.3,1722923,1727356,4433,sigi_hmm
NC_002927.3,1729445,1733849,4404,sigi_hmm
NC_002927.3,1738694,1744167,5473,sigi_hmm
NC_002927.3,1765780,1769789,4009,sigi_hmm
NC_002927.3,1774775,1784057,9282,sigi_hmm
NC_002927.3,1792737,1802343,9606,sigi_hmm
NC_002927.3,2237400,2241574,4174,sigi_hmm
NC_002927.3,2349158,2353295,4137,sigi_hmm
NC_002927.3,2359844,2366178,6334,sigi_hmm
NC_002927.3,2366775,2373605,6830,sigi_hmm
NC_002927.3,3726938,3732991,6053,sigi_hmm
NC_002927.3,3733588,3739922,6334,sigi_hmm
NC_002927.3,3746333,3752110,5777,sigi_hmm
NC_002927.3,4135574,4146145,10571,sigi_hmm
NC_002927.3,4225250,4229644,4394,sigi_hmm
NC_002927.3,4396129,4401682,5553,sigi_hmm
NC_002927.3,4403880,4411243,7363,sigi_hmm
NC_002927.3,4479865,4487854,7989,sigi_hmm
NC_010400.1,3069713,3078619,8906,sigi_hmm
NC_005966.1,2119958,2125659,5701,sigi_hmm
NC_005966.1,2161436,2166706,5270,sigi_hmm
NC_005966.1,2448350,2453428,5078,sigi_hmm
NC_005966.1,2663420,2668097,4677,sigi_hmm
NC_000964.2,202112,210932,8820,sigi_hmm
NC_009085.1,784871,799604,14733,sigi_hmm
NC_009085.1,1337988,1346124,8136,sigi_hmm
NC_000964.2,544587,552044,7457,sigi_hmm
NC_009085.1,3363320,3371028,7708,sigi_hmm
NC_000964.2,652979,664217,11238,sigi_hmm
NC_009085.1,3420579,3428484,7905,sigi_hmm
NC_000964.2,1124427,1128916,4489,sigi_hmm
NC_000964.2,1264369,1268896,4527,sigi_hmm
NC_000964.2,2057012,2062476,5464,sigi_hmm
NC_000964.2,2062721,2070297,7576,sigi_hmm
NC_000964.2,2195585,2199979,4394,sigi_hmm
NC_000964.2,2201577,2207724,6147,sigi_hmm
NC_000964.2,2208190,2215972,7782,sigi_hmm
NC_000964.2,2255258,2259492,4234,sigi_hmm
NC_000964.2,2264099,2268659,4560,sigi_hmm
NC_000964.2,2269603,2274893,5290,sigi_hmm
NC_000964.2,2280863,2285604,4741,sigi_hmm
NC_000964.2,3666239,3670405,4166,sigi_hmm
NC_000964.2,4017857,4022500,4643,sigi_hmm
NC_000964.2,4121643,4126464,4821,sigi_hmm
NC_000964.2,4129602,4138562,8960,sigi_hmm
NC_009348.1,1437708,1442333,4625,sigi_hmm
NC_009348.1,2371278,2375492,4214,sigi_hmm
NC_009348.1,3138760,3143390,4630,sigi_hmm
NC_009348.1,3166147,3170359,4212,sigi_hmm
NC_009348.1,3267441,3271873,4432,sigi_hmm
NC_009348.1,3951587,3956752,5165,sigi_hmm
NC_008340.1,1079918,1088080,8162,sigi_hmm
NC_008340.1,1314395,1318572,4177,sigi_hmm
NC_008340.1,1755159,1762495,7336,sigi_hmm
NC_008340.1,2049763,2055979,6216,sigi_hmm
NC_008340.1,2280445,2292278,11833,sigi_hmm
NC_008340.1,2608491,2612546,4055,sigi_hmm
NC_008340.1,2619747,2629040,9293,sigi_hmm
NC_008782.1,225908,230451,4543,sigi_hmm
NC_008782.1,854813,859154,4341,sigi_hmm
NC_008782.1,1285330,1289383,4053,sigi_hmm
NC_008782.1,1314511,1329069,14558,sigi_hmm
NC_008782.1,1341892,1346029,4137,sigi_hmm
NC_008782.1,1425179,1435363,10184,sigi_hmm
NC_008782.1,1517148,1522053,4905,sigi_hmm
NC_008782.1,1541727,1545752,4025,sigi_hmm
NC_008782.1,1596217,1600738,4521,sigi_hmm
NC_008782.1,1612250,1617459,5209,sigi_hmm
NC_008782.1,1640335,1645183,4848,sigi_hmm
NC_008782.1,1871054,1877930,6876,sigi_hmm
NC_008782.1,1946960,1955650,8690,sigi_hmm
NC_008782.1,1957134,1962671,5537,sigi_hmm
NC_008782.1,2230325,2235323,4998,sigi_hmm
NC_008782.1,2281797,2287785,5988,sigi_hmm
NC_008782.1,2321702,2333901,12199,sigi_hmm
NC_008782.1,2349262,2355448,6186,sigi_hmm
NC_008782.1,2370920,2375615,4695,sigi_hmm
NC_008782.1,2696611,2701526,4915,sigi_hmm
NC_008782.1,2703118,2709484,6366,sigi_hmm
NC_008782.1,2802598,2808416,5818,sigi_hmm
NC_008782.1,2832848,2839911,7063,sigi_hmm
NC_008782.1,2864807,2870167,5360,sigi_hmm
NC_008782.1,2873067,2879996,6929,sigi_hmm
NC_008782.1,3107725,3112142,4417,sigi_hmm
NC_008782.1,3120378,3127662,7284,sigi_hmm
NC_008782.1,3171485,3175786,4301,sigi_hmm
NC_008782.1,3176984,3181778,4794,sigi_hmm
NC_008782.1,3210200,3219667,9467,sigi_hmm
NC_008782.1,3368694,3374485,5791,sigi_hmm
NC_008782.1,3426800,3434249,7449,sigi_hmm
NC_008782.1,3791300,3795806,4506,sigi_hmm
NC_008782.1,3816001,3821677,5676,sigi_hmm
NC_002570.2,341065,348859,7794,sigi_hmm
NC_002570.2,3832789,3840552,7763,sigi_hmm
NC_009922.1,813020,817870,4850,sigi_hmm
NC_002570.2,4138766,4143789,5023,sigi_hmm
NC_006582.1,430509,435066,4557,sigi_hmm
NC_006582.1,896441,900688,4247,sigi_hmm
NC_006582.1,1148240,1157781,9541,sigi_hmm
NC_006582.1,1303544,1308528,4984,sigi_hmm
NC_006582.1,3842212,3851541,9329,sigi_hmm
NC_006582.1,3957550,3964210,6660,sigi_hmm
NC_006582.1,4264689,4272378,7689,sigi_hmm
NC_010611.1,115768,122766,6998,sigi_hmm
NC_010611.1,248835,260605,11770,sigi_hmm
NC_010611.1,960374,965235,4861,sigi_hmm
NC_010611.1,1125591,1130482,4891,sigi_hmm
NC_010611.1,1959571,1964293,4722,sigi_hmm
NC_010611.1,2277277,2282406,5129,sigi_hmm
NC_010611.1,3777514,3782184,4670,sigi_hmm
NC_006322.1,749414,756955,7541,sigi_hmm
NC_006322.1,1949797,1955181,5384,sigi_hmm
NC_006322.1,4151506,4160438,8932,sigi_hmm
NC_008578.1,599123,615468,16345,sigi_hmm
NC_008578.1,1833937,1850124,16187,sigi_hmm
NC_008578.1,1921171,1925646,4475,sigi_hmm
NC_008578.1,2210164,2214783,4619,sigi_hmm
NC_008578.1,2231921,2239861,7940,sigi_hmm
NC_008752.1,94453,100307,5854,sigi_hmm
NC_008752.1,174559,179084,4525,sigi_hmm
NC_008752.1,421403,433203,11800,sigi_hmm
NC_008752.1,531453,535541,4088,sigi_hmm
NC_008752.1,554462,558627,4165,sigi_hmm
NC_008752.1,563794,569777,5983,sigi_hmm
NC_008752.1,579653,585544,5891,sigi_hmm
NC_008752.1,598205,604010,5805,sigi_hmm
NC_008752.1,626584,633408,6824,sigi_hmm
NC_008752.1,732052,739419,7367,sigi_hmm
NC_008752.1,754681,775003,20322,sigi_hmm
NC_008752.1,1036264,1054119,17855,sigi_hmm
NC_008752.1,1843878,1849513,5635,sigi_hmm
NC_008752.1,1909657,1915684,6027,sigi_hmm
NC_008752.1,2342326,2347229,4903,sigi_hmm
NC_008752.1,2349112,2353819,4707,sigi_hmm
NC_008752.1,2523406,2527485,4079,sigi_hmm
NC_008752.1,2560512,2565011,4499,sigi_hmm
NC_008752.1,2614685,2626224,11539,sigi_hmm
NC_008752.1,2943289,2957774,14485,sigi_hmm
NC_008752.1,2969456,2982391,12935,sigi_hmm
NC_008752.1,3015676,3021907,6231,sigi_hmm
NC_008752.1,3039042,3047802,8760,sigi_hmm
NC_008752.1,3055950,3062997,7047,sigi_hmm
NC_008752.1,3227189,3235670,8481,sigi_hmm
NC_008752.1,3514951,3524444,9493,sigi_hmm
NC_008752.1,3604835,3611569,6734,sigi_hmm
NC_008752.1,3703176,3712154,8978,sigi_hmm
NC_008752.1,3713465,3722691,9226,sigi_hmm
NC_008752.1,3921112,3926105,4993,sigi_hmm
NC_008752.1,3964793,3968806,4013,sigi_hmm
NC_008752.1,4097781,4107403,9622,sigi_hmm
NC_008752.1,4152797,4157549,4752,sigi_hmm
NC_008752.1,4671138,4678167,7029,sigi_hmm
NC_008752.1,4750529,4758310,7781,sigi_hmm
NC_008600.1,1818924,1823273,4349,sigi_hmm
NC_008600.1,3540115,3544229,4114,sigi_hmm
NC_005957.1,2852799,2859387,6588,sigi_hmm
NC_009445.1,471638,486274,14636,sigi_hmm
NC_009445.1,486716,495221,8505,sigi_hmm
NC_009445.1,831451,838274,6823,sigi_hmm
NC_009445.1,841463,852099,10636,sigi_hmm
NC_009445.1,859526,868472,8946,sigi_hmm
NC_009445.1,1319826,1337186,17360,sigi_hmm
NC_009445.1,1460106,1464787,4681,sigi_hmm
NC_009445.1,2363862,2370214,6352,sigi_hmm
NC_009445.1,2573905,2578204,4299,sigi_hmm
NC_009445.1,4062238,4066448,4210,sigi_hmm
NC_009445.1,4107780,4113449,5669,sigi_hmm
NC_009445.1,4493704,4499835,6131,sigi_hmm
NC_009445.1,4574573,4579960,5387,sigi_hmm
NC_009445.1,5363746,5369865,6119,sigi_hmm
NC_009445.1,5394129,5407887,13758,sigi_hmm
NC_009445.1,5522058,5526893,4835,sigi_hmm
NC_009445.1,5542749,5546860,4111,sigi_hmm
NC_009445.1,6060057,6064080,4023,sigi_hmm
NC_009445.1,6523721,6529525,5804,sigi_hmm
NC_009445.1,6626893,6638700,11807,sigi_hmm
NC_009445.1,6640357,6671868,31511,sigi_hmm
NC_009445.1,6882855,6887477,4622,sigi_hmm
NC_009445.1,7228324,7235794,7470,sigi_hmm
NC_009445.1,7318944,7329858,10914,sigi_hmm
NC_009445.1,7334055,7338788,4733,sigi_hmm
NC_009445.1,7359802,7367362,7560,sigi_hmm
NC_009445.1,7373437,7380670,7233,sigi_hmm
NC_006274.1,4336519,4343309,6790,sigi_hmm
NC_004605.1,747659,751914,4255,sigi_hmm
NC_004460.1,984409,988673,4264,sigi_hmm
NC_004605.1,1098604,1102916,4312,sigi_hmm
NC_004605.1,1388536,1411351,22815,sigi_hmm
NC_004605.1,1414781,1425513,10732,sigi_hmm
NC_004605.1,1441503,1449484,7981,sigi_hmm
NC_004605.1,1456667,1468663,11996,sigi_hmm
NC_008710.1,8440,14724,6284,sigi_hmm
NC_008710.1,62706,77280,14574,sigi_hmm
NC_008710.1,181397,185704,4307,sigi_hmm
NC_008710.1,192275,198411,6136,sigi_hmm
NC_008710.1,201335,206661,5326,sigi_hmm
NC_008710.1,207298,216825,9527,sigi_hmm
NC_008710.1,218279,222479,4200,sigi_hmm
NC_008710.1,244234,249670,5436,sigi_hmm
NC_008710.1,253649,262560,8911,sigi_hmm
NC_008710.1,338367,346059,7692,sigi_hmm
NC_008710.1,370446,376845,6399,sigi_hmm
NC_008710.1,425143,430205,5062,sigi_hmm
NC_008710.1,467915,474690,6775,sigi_hmm
NC_008710.1,530388,534702,4314,sigi_hmm
NC_008710.1,561892,567153,5261,sigi_hmm
NC_008710.1,620078,624659,4581,sigi_hmm
NC_008710.1,653552,658151,4599,sigi_hmm
NC_008710.1,667205,677180,9975,sigi_hmm
NC_008710.1,681373,686082,4709,sigi_hmm
NC_008710.1,771264,778868,7604,sigi_hmm
NC_008710.1,801658,808211,6553,sigi_hmm
NC_008710.1,812279,824244,11965,sigi_hmm
NC_008710.1,877689,886670,8981,sigi_hmm
NC_008710.1,892546,900467,7921,sigi_hmm
NC_006156.1,10053,14569,4516,sigi_hmm
NC_006156.1,65601,76283,10682,sigi_hmm
NC_006156.1,211650,217262,5612,sigi_hmm
NC_006156.1,664534,673696,9162,sigi_hmm
NC_006156.1,795725,802154,6429,sigi_hmm
NC_006156.1,807649,818155,10506,sigi_hmm
NC_001318.1,65291,77701,12410,sigi_hmm
NC_001318.1,340062,344179,4117,sigi_hmm
NC_001318.1,662603,673212,10609,sigi_hmm
NC_008277.1,62871,77427,14556,sigi_hmm
NC_008277.1,469419,476259,6840,sigi_hmm
NC_008277.1,561193,565334,4141,sigi_hmm
NC_008277.1,666356,676972,10616,sigi_hmm
NC_008277.1,773340,778134,4794,sigi_hmm
NC_008277.1,815014,819811,4797,sigi_hmm
NC_008277.1,872987,878652,5665,sigi_hmm
NC_008277.1,883782,891715,7933,sigi_hmm
NC_010551.1,6695,24591,17896,sigi_hmm
NC_010551.1,441179,446460,5281,sigi_hmm
NC_010551.1,464096,469571,5475,sigi_hmm
NC_010551.1,854133,859186,5053,sigi_hmm
NC_010551.1,1326345,1331064,4719,sigi_hmm
NC_010551.1,1418564,1423160,4596,sigi_hmm
NC_010551.1,2015217,2021864,6647,sigi_hmm
NC_010551.1,2542723,2553059,10336,sigi_hmm
NC_002929.2,61078,68664,7586,sigi_hmm
NC_002929.2,2059885,2064376,4491,sigi_hmm
NC_002929.2,2362220,2376878,14658,sigi_hmm
NC_002929.2,2597771,2608341,10570,sigi_hmm
NC_002929.2,2659538,2674027,14489,sigi_hmm
NC_002929.2,2765350,2777632,12282,sigi_hmm
NC_002929.2,3315789,3325751,9962,sigi_hmm
NC_002929.2,3575133,3586205,11072,sigi_hmm
NC_002929.2,3596499,3601208,4709,sigi_hmm
NC_002929.2,3647084,3651478,4394,sigi_hmm
NC_002929.2,4051070,4055493,4423,sigi_hmm
NC_007511.1,287438,296161,8723,sigi_hmm
NC_007511.1,575441,582106,6665,sigi_hmm
NC_007511.1,1101550,1110122,8572,sigi_hmm
NC_007511.1,1155585,1165635,10050,sigi_hmm
NC_007511.1,1309147,1314120,4973,sigi_hmm
NC_007511.1,1687752,1695139,7387,sigi_hmm
NC_007511.1,1785703,1792247,6544,sigi_hmm
NC_007511.1,2078291,2085974,7683,sigi_hmm
NC_007511.1,3110718,3118225,7507,sigi_hmm
NC_007511.1,3376398,3387583,11185,sigi_hmm
NC_007511.1,3520674,3525771,5097,sigi_hmm
NC_007510.1,6353,28710,22357,sigi_hmm
NC_007510.1,437578,441784,4206,sigi_hmm
NC_007510.1,765430,780702,15272,sigi_hmm
NC_007510.1,919222,926000,6778,sigi_hmm
NC_007510.1,950695,954842,4147,sigi_hmm
NC_007510.1,982836,988252,5416,sigi_hmm
NC_007510.1,1940594,1945013,4419,sigi_hmm
NC_007510.1,1946513,1976672,30159,sigi_hmm
NC_007510.1,1978446,2025580,47134,sigi_hmm
NC_007510.1,2597366,2602933,5567,sigi_hmm
NC_007510.1,2812600,2819062,6462,sigi_hmm
NC_007510.1,3346006,3364336,18330,sigi_hmm
NC_006932.1,261652,281615,19963,sigi_hmm
NC_006932.1,289953,295389,5436,sigi_hmm
NC_006932.1,536932,543617,6685,sigi_hmm
NC_006932.1,732561,745219,12658,sigi_hmm
NC_006932.1,797353,801425,4072,sigi_hmm
NC_006932.1,965301,970152,4851,sigi_hmm
NC_006932.1,1065524,1072933,7409,sigi_hmm
NC_006932.1,1798653,1810045,11392,sigi_hmm
NC_006932.1,1946527,1951809,5282,sigi_hmm
NC_005955.1,1065121,1073574,8453,sigi_hmm
NC_005955.1,1352717,1358361,5644,sigi_hmm
NC_005955.1,1464105,1468117,4012,sigi_hmm
NC_005955.1,1470588,1475868,5280,sigi_hmm
NC_008618.1,15555,29057,13502,sigi_hmm
NC_008618.1,64283,68375,4092,sigi_hmm
NC_008618.1,207439,211923,4484,sigi_hmm
NC_008618.1,1091550,1097450,5900,sigi_hmm
NC_008618.1,1213113,1218042,4929,sigi_hmm
NC_008618.1,1452890,1470539,17649,sigi_hmm
NC_008618.1,1533674,1544448,10774,sigi_hmm
NC_008618.1,1555714,1559764,4050,sigi_hmm
NC_008618.1,1585071,1589784,4713,sigi_hmm
NC_008618.1,1592437,1607254,14817,sigi_hmm
NC_008618.1,1709382,1713466,4084,sigi_hmm
NC_008618.1,1718316,1747578,29262,sigi_hmm
NC_008618.1,1813271,1818929,5658,sigi_hmm
NC_008618.1,1878026,1894732,16706,sigi_hmm
NC_008618.1,1896164,1900925,4761,sigi_hmm
NC_004307.2,394218,406938,12720,sigi_hmm
NC_004307.2,427790,441398,13608,sigi_hmm
NC_004307.2,465692,476486,10794,sigi_hmm
NC_004307.2,545295,554542,9247,sigi_hmm
NC_004307.2,558478,562507,4029,sigi_hmm
NC_004307.2,584178,599518,15340,sigi_hmm
NC_004307.2,620303,625174,4871,sigi_hmm
NC_004307.2,685516,692089,6573,sigi_hmm
NC_004307.2,790091,796481,6390,sigi_hmm
NC_004307.2,917596,922633,5037,sigi_hmm
NC_004307.2,1116544,1144618,28074,sigi_hmm
NC_004307.2,1146734,1156356,9622,sigi_hmm
NC_004307.2,1295940,1301343,5403,sigi_hmm
NC_004307.2,1310172,1315374,5202,sigi_hmm
NC_004307.2,1506902,1512741,5839,sigi_hmm
NC_004307.2,1533182,1541678,8496,sigi_hmm
NC_004307.2,1544630,1549675,5045,sigi_hmm
NC_004307.2,1588046,1592631,4585,sigi_hmm
NC_004307.2,1825562,1845894,20332,sigi_hmm
NC_004307.2,1947141,1951229,4088,sigi_hmm
NC_004463.1,484,4750,4266,sigi_hmm
NC_004463.1,8380,13804,5424,sigi_hmm
NC_004463.1,23634,36432,12798,sigi_hmm
NC_004463.1,47732,52930,5198,sigi_hmm
NC_004463.1,66173,70776,4603,sigi_hmm
NC_004463.1,932292,940670,8378,sigi_hmm
NC_004463.1,942084,954314,12230,sigi_hmm
NC_004463.1,1374460,1383392,8932,sigi_hmm
NC_004463.1,1685438,1709636,24198,sigi_hmm
NC_004463.1,1735819,1744345,8526,sigi_hmm
NC_004463.1,1749064,1757574,8510,sigi_hmm
NC_004463.1,1773989,1784063,10074,sigi_hmm
NC_004463.1,1793790,1799336,5546,sigi_hmm
NC_004463.1,1806183,1820282,14099,sigi_hmm
NC_004463.1,1848702,1857411,8709,sigi_hmm
NC_004463.1,1866351,1870676,4325,sigi_hmm
NC_004463.1,1892543,1897540,4997,sigi_hmm
NC_004463.1,1914101,1921771,7670,sigi_hmm
NC_004463.1,1923369,1937313,13944,sigi_hmm
NC_004463.1,1943953,1951160,7207,sigi_hmm
NC_004463.1,1953199,1960515,7316,sigi_hmm
NC_004463.1,1964052,1975472,11420,sigi_hmm
NC_004463.1,1992182,1996658,4476,sigi_hmm
NC_004463.1,1997576,2008767,11191,sigi_hmm
NC_004463.1,2013292,2036909,23617,sigi_hmm
NC_004463.1,2039816,2048127,8311,sigi_hmm
NC_004463.1,2071304,2079175,7871,sigi_hmm
NC_004463.1,2109300,2114114,4814,sigi_hmm
NC_004463.1,2123522,2127958,4436,sigi_hmm
NC_004463.1,2133016,2139897,6881,sigi_hmm
NC_004463.1,2149439,2154967,5528,sigi_hmm
NC_004463.1,2162744,2187446,24702,sigi_hmm
NC_004463.1,2190095,2202418,12323,sigi_hmm
NC_004463.1,2204108,2211543,7435,sigi_hmm
NC_004463.1,2222683,2244716,22033,sigi_hmm
NC_004463.1,2246226,2256636,10410,sigi_hmm
NC_004463.1,2260446,2265103,4657,sigi_hmm
NC_004463.1,2270636,2276790,6154,sigi_hmm
NC_004463.1,2288403,2292821,4418,sigi_hmm
NC_004463.1,2293910,2302826,8916,sigi_hmm
NC_004463.1,2304035,2311742,7707,sigi_hmm
NC_004463.1,2327979,2332176,4197,sigi_hmm
NC_004463.1,2349733,2356150,6417,sigi_hmm
NC_004463.1,2481308,2488603,7295,sigi_hmm
NC_004463.1,3860927,3870311,9384,sigi_hmm
NC_004463.1,4525853,4531265,5412,sigi_hmm
NC_004463.1,5016006,5022881,6875,sigi_hmm
NC_004463.1,5116345,5128844,12499,sigi_hmm
NC_004463.1,5536349,5540790,4441,sigi_hmm
NC_004463.1,5545812,5554608,8796,sigi_hmm
NC_004463.1,5732121,5747846,15725,sigi_hmm
NC_004463.1,5749594,5756681,7087,sigi_hmm
NC_004463.1,5781583,5786995,5412,sigi_hmm
NC_004463.1,6935029,6945977,10948,sigi_hmm
NC_004463.1,6948395,6952864,4469,sigi_hmm
NC_004463.1,7674016,7678228,4212,sigi_hmm
NC_004463.1,7691654,7701505,9851,sigi_hmm
NC_004463.1,8236227,8240540,4313,sigi_hmm
NC_004463.1,8402387,8414827,12440,sigi_hmm
NC_004463.1,8427807,8432427,4620,sigi_hmm
NC_004463.1,8438280,8447306,9026,sigi_hmm
NC_004463.1,8449789,8456359,6570,sigi_hmm
NC_004463.1,8463807,8469303,5496,sigi_hmm
NC_004463.1,8982634,8990384,7750,sigi_hmm
NC_004463.1,8995713,9001680,5967,sigi_hmm
NC_004463.1,9004347,9012509,8162,sigi_hmm
NC_004463.1,9031686,9042349,10663,sigi_hmm
NC_004463.1,9043933,9050794,6861,sigi_hmm
NC_004463.1,9053385,9060751,7366,sigi_hmm
NC_004463.1,9063445,9067746,4301,sigi_hmm
NC_004463.1,9094349,9098731,4382,sigi_hmm
NC_005363.1,1614108,1619271,5163,sigi_hmm
NC_005363.1,1621012,1629381,8369,sigi_hmm
NC_005363.1,1686838,1693820,6982,sigi_hmm
NC_005363.1,2594436,2605797,11361,sigi_hmm
NC_005363.1,3570869,3576689,5820,sigi_hmm
NC_010581.1,713653,726759,13106,sigi_hmm
NC_010581.1,854051,860192,6141,sigi_hmm
NC_010581.1,1687070,1697721,10651,sigi_hmm
NC_010581.1,2077073,2084772,7699,sigi_hmm
NC_010581.1,2946956,2952786,5830,sigi_hmm
NC_010581.1,2956510,2961330,4820,sigi_hmm
NC_010581.1,2971437,2978685,7248,sigi_hmm
NC_010581.1,2985374,2999895,14521,sigi_hmm
NC_010581.1,3007211,3030240,23029,sigi_hmm
NC_010581.1,3291967,3299552,7585,sigi_hmm
NC_010581.1,3382004,3389057,7053,sigi_hmm
NC_010581.1,3396603,3400999,4396,sigi_hmm
NC_010816.1,31490,40803,9313,sigi_hmm
NC_010816.1,389015,396319,7304,sigi_hmm
NC_010816.1,425737,437581,11844,sigi_hmm
NC_010816.1,458755,471012,12257,sigi_hmm
NC_010816.1,498579,507967,9388,sigi_hmm
NC_010816.1,577119,586499,9380,sigi_hmm
NC_010816.1,593174,599451,6277,sigi_hmm
NC_010816.1,625132,629733,4601,sigi_hmm
NC_010816.1,721690,728263,6573,sigi_hmm
NC_010816.1,808412,817307,8895,sigi_hmm
NC_010816.1,831942,841241,9299,sigi_hmm
NC_010816.1,960939,965204,4265,sigi_hmm
NC_010816.1,1159541,1167735,8194,sigi_hmm
NC_010816.1,1322472,1329801,7329,sigi_hmm
NC_010816.1,1333550,1347133,13583,sigi_hmm
NC_010816.1,1348894,1361273,12379,sigi_hmm
NC_010816.1,1516630,1521961,5331,sigi_hmm
NC_010816.1,1540393,1549087,8694,sigi_hmm
NC_010816.1,1571669,1576048,4379,sigi_hmm
NC_010816.1,1623603,1628075,4472,sigi_hmm
NC_010816.1,1636476,1641071,4595,sigi_hmm
NC_010816.1,1870080,1879629,9549,sigi_hmm
NC_010816.1,1975326,1982937,7611,sigi_hmm
NC_010816.1,1989298,2002406,13108,sigi_hmm
NC_010816.1,2142906,2185043,42137,sigi_hmm
NC_010816.1,2257993,2265889,7896,sigi_hmm
NC_010816.1,2331690,2336153,4463,sigi_hmm
NC_009614.1,625115,629754,4639,sigi_hmm
NC_009614.1,927852,948440,20588,sigi_hmm
NC_009614.1,985997,996876,10879,sigi_hmm
NC_009614.1,1216151,1221832,5681,sigi_hmm
NC_009614.1,1222862,1236534,13672,sigi_hmm
NC_009614.1,1269264,1282792,13528,sigi_hmm
NC_009614.1,2003778,2013603,9825,sigi_hmm
NC_009614.1,2047580,2075690,28110,sigi_hmm
NC_009614.1,2209100,2213227,4127,sigi_hmm
NC_009614.1,2220339,2225750,5411,sigi_hmm
NC_009614.1,2752505,2758897,6392,sigi_hmm
NC_009614.1,2819161,2825572,6411,sigi_hmm
NC_009614.1,3154612,3168756,14144,sigi_hmm
NC_009614.1,3375188,3386014,10826,sigi_hmm
NC_009614.1,3756197,3762751,6554,sigi_hmm
NC_009614.1,4216340,4221499,5159,sigi_hmm
NC_009614.1,4222870,4251476,28606,sigi_hmm
NC_009614.1,4260689,4269261,8572,sigi_hmm
NC_009614.1,4295518,4301544,6026,sigi_hmm
NC_009614.1,4328958,4334971,6013,sigi_hmm
NC_009614.1,4567646,4575216,7570,sigi_hmm
NC_009614.1,4587390,4607459,20069,sigi_hmm
NC_009614.1,4625684,4630843,5159,sigi_hmm
NC_009614.1,4808698,4816902,8204,sigi_hmm
NC_009614.1,4819340,4830069,10729,sigi_hmm
NC_009614.1,4837396,4841912,4516,sigi_hmm
NC_009614.1,4927429,4931466,4037,sigi_hmm
NC_003228.3,902779,907129,4350,sigi_hmm
NC_003228.3,1265534,1270186,4652,sigi_hmm
NC_003228.3,1351881,1361568,9687,sigi_hmm
NC_003228.3,1636011,1642918,6907,sigi_hmm
NC_003228.3,1734607,1758559,23952,sigi_hmm
NC_003228.3,1777187,1786861,9674,sigi_hmm
NC_003228.3,1791195,1798302,7107,sigi_hmm
NC_003228.3,2017103,2024989,7886,sigi_hmm
NC_003228.3,2025629,2035315,9686,sigi_hmm
NC_003228.3,2044242,2078504,34262,sigi_hmm
NC_003228.3,2224350,2228662,4312,sigi_hmm
NC_003228.3,2398525,2403873,5348,sigi_hmm
NC_003228.3,2796621,2805953,9332,sigi_hmm
NC_003228.3,2806897,2831956,25059,sigi_hmm
NC_003228.3,3240154,3246672,6518,sigi_hmm
NC_003228.3,3261435,3267555,6120,sigi_hmm
NC_003228.3,3383343,3388488,5145,sigi_hmm
NC_003228.3,4085595,4096815,11220,sigi_hmm
NC_003228.3,4348232,4353839,5607,sigi_hmm
NC_003228.3,4354527,4358697,4170,sigi_hmm
NC_004663.1,8075,18168,10093,sigi_hmm
NC_004663.1,53288,58894,5606,sigi_hmm
NC_004663.1,61621,66571,4950,sigi_hmm
NC_004663.1,76823,83359,6536,sigi_hmm
NC_004663.1,299864,303976,4112,sigi_hmm
NC_004663.1,577559,590655,13096,sigi_hmm
NC_004663.1,745425,752769,7344,sigi_hmm
NC_004663.1,814865,821680,6815,sigi_hmm
NC_004663.1,1148954,1156624,7670,sigi_hmm
NC_004663.1,1414451,1419936,5485,sigi_hmm
NC_004663.1,1456971,1464553,7582,sigi_hmm
NC_004663.1,1663708,1680617,16909,sigi_hmm
NC_004663.1,2033844,2040641,6797,sigi_hmm
NC_004663.1,2104512,2109871,5359,sigi_hmm
NC_004663.1,2110471,2119622,9151,sigi_hmm
NC_004663.1,2518622,2523312,4690,sigi_hmm
NC_004663.1,2532274,2544833,12559,sigi_hmm
NC_004663.1,2558790,2563161,4371,sigi_hmm
NC_004663.1,2862765,2871208,8443,sigi_hmm
NC_004663.1,2873493,2885211,11718,sigi_hmm
NC_004663.1,2899352,2917369,18017,sigi_hmm
NC_004663.1,2931543,2942085,10542,sigi_hmm
NC_004663.1,3063566,3070863,7297,sigi_hmm
NC_004663.1,3270036,3277448,7412,sigi_hmm
NC_004663.1,3290711,3304638,13927,sigi_hmm
NC_004663.1,3325360,3331946,6586,sigi_hmm
NC_004663.1,4002186,4008003,5817,sigi_hmm
NC_004663.1,4111576,4115645,4069,sigi_hmm
NC_004663.1,4344314,4350307,5993,sigi_hmm
NC_004663.1,4426284,4431730,5446,sigi_hmm
NC_004663.1,4977635,4983382,5747,sigi_hmm
NC_004663.1,5328036,5334048,6012,sigi_hmm
NC_004663.1,5640703,5646934,6231,sigi_hmm
NC_004663.1,5905655,5910131,4476,sigi_hmm
NC_004663.1,6025064,6033428,8364,sigi_hmm
NC_004663.1,6237974,6243225,5251,sigi_hmm
NC_004663.1,6250448,6255842,5394,sigi_hmm
NC_006270.3,752996,757149,4153,sigi_hmm
NC_006270.3,1951253,1955329,4076,sigi_hmm
NC_006347.1,114772,137495,22723,sigi_hmm
NC_006347.1,150091,165855,15764,sigi_hmm
NC_006347.1,217385,222184,4799,sigi_hmm
NC_006347.1,593135,598801,5666,sigi_hmm
NC_006347.1,750565,762504,11939,sigi_hmm
NC_006347.1,964749,971266,6517,sigi_hmm
NC_006347.1,1316575,1329280,12705,sigi_hmm
NC_004310.3,1581658,1588124,6466,sigi_hmm
NC_004310.3,1697972,1702415,4443,sigi_hmm
NC_004310.3,1781793,1793186,11393,sigi_hmm
NC_004310.3,1929792,1940044,10252,sigi_hmm
NC_007618.1,258752,277940,19188,sigi_hmm
NC_007618.1,286320,291756,5436,sigi_hmm
NC_007618.1,533326,548904,15578,sigi_hmm
NC_007618.1,728856,740019,11163,sigi_hmm
NC_007618.1,952859,969481,16622,sigi_hmm
NC_007618.1,1062675,1070066,7391,sigi_hmm
NC_007618.1,1795781,1802952,7171,sigi_hmm
NC_007618.1,1943649,1948928,5279,sigi_hmm
NC_010103.1,265419,273412,7993,sigi_hmm
NC_010103.1,511235,529682,18447,sigi_hmm
NC_010103.1,709196,720361,11165,sigi_hmm
NC_010103.1,935896,942207,6311,sigi_hmm
NC_010103.1,943449,949601,6152,sigi_hmm
NC_010103.1,1046420,1054520,8100,sigi_hmm
NC_010103.1,1779776,1788164,8388,sigi_hmm
NC_010103.1,1927967,1932899,4932,sigi_hmm
NC_010742.1,260551,279999,19448,sigi_hmm
NC_010742.1,534866,550925,16059,sigi_hmm
NC_010742.1,732573,742042,9469,sigi_hmm
NC_010742.1,962309,968249,5940,sigi_hmm
NC_010742.1,1063854,1068320,4466,sigi_hmm
NC_010742.1,1796753,1805136,8383,sigi_hmm
NC_010742.1,1945506,1952964,7458,sigi_hmm
NC_009079.1,299162,303977,4815,sigi_hmm
NC_009079.1,711709,716026,4317,sigi_hmm
NC_007509.1,75652,101069,25417,sigi_hmm
NC_007509.1,315944,324103,8159,sigi_hmm
NC_007509.1,333297,341135,7838,sigi_hmm
NC_007509.1,684329,689004,4675,sigi_hmm
NC_007509.1,824022,831309,7287,sigi_hmm
NC_007509.1,837000,842441,5441,sigi_hmm
NC_007509.1,844458,854227,9769,sigi_hmm
NC_007509.1,936422,940851,4429,sigi_hmm
NC_007509.1,961825,967195,5370,sigi_hmm
NC_007509.1,973024,979938,6914,sigi_hmm
NC_007509.1,1050210,1058587,8377,sigi_hmm
NC_010084.1,10913,20246,9333,sigi_hmm
NC_010084.1,541878,547023,5145,sigi_hmm
NC_010084.1,548844,553101,4257,sigi_hmm
NC_010084.1,703873,709458,5585,sigi_hmm
NC_010084.1,996796,1001246,4450,sigi_hmm
NC_010084.1,1061869,1066074,4205,sigi_hmm
NC_010084.1,1305463,1310512,5049,sigi_hmm
NC_010084.1,1993655,1997945,4290,sigi_hmm
NC_010084.1,2490154,2499157,9003,sigi_hmm
NC_010084.1,2510764,2522587,11823,sigi_hmm
NC_010084.1,2541602,2552951,11349,sigi_hmm
NC_010084.1,2682560,2687330,4770,sigi_hmm
NC_010084.1,2722549,2729952,7403,sigi_hmm
NC_010084.1,2731645,2737287,5642,sigi_hmm
NC_010084.1,2831636,2847643,16007,sigi_hmm
NC_010084.1,3057430,3065882,8452,sigi_hmm
NC_010084.1,3136343,3140503,4160,sigi_hmm
NC_010084.1,3179821,3192632,12811,sigi_hmm
NC_008785.1,520449,535468,15019,sigi_hmm
NC_008785.1,536507,543170,6663,sigi_hmm
NC_008785.1,925968,931378,5410,sigi_hmm
NC_008785.1,2799149,2803675,4526,sigi_hmm
NC_009504.1,506227,510230,4003,sigi_hmm
NC_009504.1,532748,537529,4781,sigi_hmm
NC_004311.2,343695,358038,14343,sigi_hmm
NC_004311.2,1100515,1109699,9184,sigi_hmm
NC_003318.1,189042,198894,9852,sigi_hmm
NC_010104.1,343809,357967,14158,sigi_hmm
NC_010104.1,1100142,1107095,6953,sigi_hmm
NC_008836.1,1080364,1087027,6663,sigi_hmm
NC_008836.1,1088756,1103085,14329,sigi_hmm
NC_008836.1,2559892,2565778,5886,sigi_hmm
NC_008836.1,2791896,2797306,5410,sigi_hmm
NC_006933.1,395117,399249,4132,sigi_hmm
NC_009505.1,264222,280439,16217,sigi_hmm
NC_009505.1,538209,552540,14331,sigi_hmm
NC_009505.1,733390,744195,10805,sigi_hmm
NC_009505.1,1933868,1939001,5133,sigi_hmm
NC_003317.1,53789,64030,10241,sigi_hmm
NC_003317.1,935275,940766,5491,sigi_hmm
NC_003317.1,1037172,1043801,6629,sigi_hmm
NC_003317.1,1263121,1275608,12487,sigi_hmm
NC_003317.1,1452056,1470058,18002,sigi_hmm
NC_003317.1,1708913,1717305,8392,sigi_hmm
NC_003317.1,1722807,1734790,11983,sigi_hmm
NC_010167.1,345048,359233,14185,sigi_hmm
NC_010167.1,1089167,1096120,6953,sigi_hmm
NC_010167.1,1289708,1301293,11585,sigi_hmm
NC_004310.3,267186,273980,6794,sigi_hmm
NC_004310.3,514927,531039,16112,sigi_hmm
NC_004310.3,710856,722020,11164,sigi_hmm
NC_004310.3,775673,779745,4072,sigi_hmm
NC_004310.3,942604,951151,8547,sigi_hmm
NC_004310.3,1048355,1055568,7213,sigi_hmm
NC_008544.1,826049,830853,4804,sigi_hmm
NC_010805.1,548511,554626,6115,sigi_hmm
NC_010805.1,558639,563441,4802,sigi_hmm
NC_010805.1,564934,577256,12322,sigi_hmm
NC_010805.1,580159,595921,15762,sigi_hmm
NC_010805.1,600392,618070,17678,sigi_hmm
NC_010805.1,634326,652416,18090,sigi_hmm
NC_010805.1,1584211,1592206,7995,sigi_hmm
NC_010805.1,1620691,1625724,5033,sigi_hmm
NC_010805.1,1650019,1665257,15238,sigi_hmm
NC_010805.1,2146451,2151547,5096,sigi_hmm
NC_010805.1,2440770,2453414,12644,sigi_hmm
NC_010086.1,810047,825285,15238,sigi_hmm
NC_010086.1,849586,854736,5150,sigi_hmm
NC_010086.1,883098,891093,7995,sigi_hmm
NC_010086.1,1822888,1841146,18258,sigi_hmm
NC_010086.1,1857234,1875005,17771,sigi_hmm
NC_010086.1,1879383,1895935,16552,sigi_hmm
NC_010086.1,1897189,1910370,13181,sigi_hmm
NC_010086.1,1912435,1917347,4912,sigi_hmm
NC_010086.1,1920021,1926889,6868,sigi_hmm
NC_010086.1,1988776,1992869,4093,sigi_hmm
NC_006349.2,556918,561648,4730,sigi_hmm
NC_006349.2,886094,893548,7454,sigi_hmm
NC_006349.2,1570117,1574550,4433,sigi_hmm
NC_008391.1,115836,132217,16381,sigi_hmm
NC_008391.1,278884,286103,7219,sigi_hmm
NC_008391.1,414836,419267,4431,sigi_hmm
NC_008391.1,703002,708325,5323,sigi_hmm
NC_008391.1,872368,876757,4389,sigi_hmm
NC_008391.1,1221119,1230417,9298,sigi_hmm
NC_008391.1,1255784,1263081,7297,sigi_hmm
NC_008391.1,1724476,1729939,5463,sigi_hmm
NC_008391.1,1773757,1780004,6247,sigi_hmm
NC_008391.1,2054009,2066615,12606,sigi_hmm
NC_008391.1,2259975,2267156,7181,sigi_hmm
NC_008391.1,2291154,2295443,4289,sigi_hmm
NC_008391.1,2408440,2414779,6339,sigi_hmm
NC_008390.1,6098,17558,11460,sigi_hmm
NC_008390.1,240397,246995,6598,sigi_hmm
NC_008390.1,415101,421844,6743,sigi_hmm
NC_008390.1,825948,832264,6316,sigi_hmm
NC_008390.1,838208,843509,5301,sigi_hmm
NC_008390.1,991833,1003299,11466,sigi_hmm
NC_008390.1,1300257,1309944,9687,sigi_hmm
NC_008390.1,1320695,1326133,5438,sigi_hmm
NC_008390.1,2024037,2035207,11170,sigi_hmm
NC_008390.1,2063647,2072760,9113,sigi_hmm
NC_008390.1,2164671,2174397,9726,sigi_hmm
NC_008390.1,2185032,2190824,5792,sigi_hmm
NC_008390.1,2456231,2460532,4301,sigi_hmm
NC_008390.1,2658677,2669646,10969,sigi_hmm
NC_008390.1,2673128,2677359,4231,sigi_hmm
NC_008543.1,57495,61530,4035,sigi_hmm
NC_008543.1,68351,73708,5357,sigi_hmm
NC_008543.1,98806,110002,11196,sigi_hmm
NC_008543.1,133809,165010,31201,sigi_hmm
NC_008543.1,311568,316517,4949,sigi_hmm
NC_008543.1,331685,335962,4277,sigi_hmm
NC_008543.1,590762,596748,5986,sigi_hmm
NC_008543.1,601218,611045,9827,sigi_hmm
NC_008543.1,1947951,1952492,4541,sigi_hmm
NC_008543.1,2039589,2046314,6725,sigi_hmm
NC_008543.1,2228948,2242096,13148,sigi_hmm
NC_008543.1,2254263,2278796,24533,sigi_hmm
NC_008543.1,2475141,2486393,11252,sigi_hmm
NC_008543.1,2673313,2677725,4412,sigi_hmm
NC_008543.1,2707556,2712382,4826,sigi_hmm
NC_008543.1,2877773,2888626,10853,sigi_hmm
NC_010515.1,684896,692610,7714,sigi_hmm
NC_010515.1,1122208,1141704,19496,sigi_hmm
NC_010515.1,1208638,1237138,28500,sigi_hmm
NC_010515.1,1387254,1399672,12418,sigi_hmm
NC_010515.1,1403954,1417151,13197,sigi_hmm
NC_010515.1,1418354,1428667,10313,sigi_hmm
NC_010515.1,1436119,1444753,8634,sigi_hmm
NC_010515.1,1490032,1503092,13060,sigi_hmm
NC_010515.1,1624257,1629357,5100,sigi_hmm
NC_010515.1,1643029,1678490,35461,sigi_hmm
NC_010515.1,1680438,1692227,11789,sigi_hmm
NC_010515.1,1695268,1724209,28941,sigi_hmm
NC_010515.1,1907912,1919164,11252,sigi_hmm
NC_010515.1,2045978,2052758,6780,sigi_hmm
NC_010515.1,2122530,2149724,27194,sigi_hmm
NC_010515.1,2161891,2176374,14483,sigi_hmm
NC_010515.1,2458349,2464157,5808,sigi_hmm
NC_010515.1,2696943,2702637,5694,sigi_hmm
NC_010515.1,2704975,2716646,11671,sigi_hmm
NC_010169.1,260702,277051,16349,sigi_hmm
NC_010169.1,284940,290941,6001,sigi_hmm
NC_010169.1,533398,549025,15627,sigi_hmm
NC_010169.1,729770,741495,11725,sigi_hmm
NC_010169.1,964763,970915,6152,sigi_hmm
NC_010169.1,1067557,1072851,5294,sigi_hmm
NC_010169.1,1745790,1751082,5292,sigi_hmm
NC_009080.1,1820918,1826328,5410,sigi_hmm
NC_009080.1,2131630,2150961,19331,sigi_hmm
NC_009080.1,2299632,2304617,4985,sigi_hmm
NC_009080.1,3037185,3041946,4761,sigi_hmm
NC_008061.1,200868,225403,24535,sigi_hmm
NC_008061.1,237573,250723,13150,sigi_hmm
NC_008061.1,433352,440077,6725,sigi_hmm
NC_008061.1,527218,531714,4496,sigi_hmm
NC_008061.1,1872170,1879900,7730,sigi_hmm
NC_008061.1,1884369,1890353,5984,sigi_hmm
NC_008061.1,2104758,2135962,31204,sigi_hmm
NC_008061.1,2159771,2170967,11196,sigi_hmm
NC_008061.1,2195539,2199966,4427,sigi_hmm
NC_008061.1,2206787,2210822,4035,sigi_hmm
NC_008061.1,2382228,2389212,6984,sigi_hmm
NC_008061.1,2554606,2559432,4826,sigi_hmm
NC_008061.1,2589264,2593676,4412,sigi_hmm
NC_008061.1,2780614,2786123,5509,sigi_hmm
NC_008784.1,638013,643177,5164,sigi_hmm
NC_010552.1,64875,90617,25742,sigi_hmm
NC_010552.1,301941,311267,9326,sigi_hmm
NC_010552.1,341950,350040,8090,sigi_hmm
NC_010552.1,601178,607141,5963,sigi_hmm
NC_010552.1,759721,769719,9998,sigi_hmm
NC_010552.1,901792,910822,9030,sigi_hmm
NC_010552.1,1024757,1030124,5367,sigi_hmm
NC_010552.1,1221265,1225489,4224,sigi_hmm
NC_010552.1,1717333,1725325,7992,sigi_hmm
NC_010552.1,1757159,1761364,4205,sigi_hmm
NC_010552.1,1986538,1991156,4618,sigi_hmm
NC_010552.1,2094856,2102374,7518,sigi_hmm
NC_010552.1,2137415,2142908,5493,sigi_hmm
NC_010552.1,2271580,2276706,5126,sigi_hmm
NC_010552.1,2339047,2344360,5313,sigi_hmm
NC_010552.1,2460369,2476373,16004,sigi_hmm
NC_010552.1,2546424,2551769,5345,sigi_hmm
NC_010508.1,6207,46201,39994,sigi_hmm
NC_010508.1,459267,464247,4980,sigi_hmm
NC_010508.1,474269,478979,4710,sigi_hmm
NC_010508.1,815552,824922,9370,sigi_hmm
NC_010508.1,830090,836866,6776,sigi_hmm
NC_010508.1,939401,951587,12186,sigi_hmm
NC_010508.1,988981,993360,4379,sigi_hmm
NC_010508.1,1214938,1220442,5504,sigi_hmm
NC_010508.1,1406086,1410299,4213,sigi_hmm
NC_010508.1,1715088,1719312,4224,sigi_hmm
NC_010508.1,1875873,1879992,4119,sigi_hmm
NC_010508.1,1909509,1913537,4028,sigi_hmm
NC_010508.1,2669498,2673917,4419,sigi_hmm
NC_010508.1,2784086,2793125,9039,sigi_hmm
NC_010508.1,3242336,3247289,4953,sigi_hmm
NC_008060.1,317117,327181,10064,sigi_hmm
NC_008060.1,441794,447666,5872,sigi_hmm
NC_008060.1,484198,495012,10814,sigi_hmm
NC_008060.1,1191392,1196808,5416,sigi_hmm
NC_008060.1,1353137,1357941,4804,sigi_hmm
NC_008060.1,1550387,1558533,8146,sigi_hmm
NC_008060.1,1697877,1702085,4208,sigi_hmm
NC_008060.1,1952577,1963576,10999,sigi_hmm
NC_008060.1,2922322,2932468,10146,sigi_hmm
NC_008060.1,3160897,3192773,31876,sigi_hmm
NC_010557.1,214945,220253,5308,sigi_hmm
NC_010557.1,322419,335518,13099,sigi_hmm
NC_010557.1,402994,410035,7041,sigi_hmm
NC_010557.1,502717,507469,4752,sigi_hmm
NC_010557.1,685120,691946,6826,sigi_hmm
NC_010557.1,702640,745146,42506,sigi_hmm
NC_010557.1,955138,960941,5803,sigi_hmm
NC_010557.1,1035405,1043562,8157,sigi_hmm
NC_010557.1,1045371,1053198,7827,sigi_hmm
NC_008542.1,168700,172761,4061,sigi_hmm
NC_008542.1,208321,213036,4715,sigi_hmm
NC_008542.1,213578,219466,5888,sigi_hmm
NC_008542.1,221226,225457,4231,sigi_hmm
NC_008542.1,227557,265804,38247,sigi_hmm
NC_008542.1,491220,503174,11954,sigi_hmm
NC_008542.1,866291,875313,9022,sigi_hmm
NC_008542.1,985418,992058,6640,sigi_hmm
NC_008542.1,1027520,1039659,12139,sigi_hmm
NC_008542.1,1736077,1741493,5416,sigi_hmm
NC_008542.1,2637736,2642377,4641,sigi_hmm
NC_008542.1,2643439,2649117,5678,sigi_hmm
NC_008062.1,84817,91442,6625,sigi_hmm
NC_010804.1,56850,65393,8543,sigi_hmm
NC_010804.1,332140,344951,12811,sigi_hmm
NC_010804.1,384270,388430,4160,sigi_hmm
NC_010804.1,458813,467343,8530,sigi_hmm
NC_010804.1,677130,693368,16238,sigi_hmm
NC_010804.1,787952,793128,5176,sigi_hmm
NC_010804.1,796233,802224,5991,sigi_hmm
NC_010804.1,972124,982123,9999,sigi_hmm
NC_010804.1,1002186,1008280,6094,sigi_hmm
NC_010804.1,1009133,1013219,4086,sigi_hmm
NC_010804.1,1025616,1034619,9003,sigi_hmm
NC_010804.1,2214261,2219310,5049,sigi_hmm
NC_010804.1,2458699,2465030,6331,sigi_hmm
NC_010804.1,2815315,2822021,6706,sigi_hmm
NC_010804.1,2977750,2982895,5145,sigi_hmm
NC_008835.1,115,7906,7791,sigi_hmm
NC_008835.1,1727049,1731864,4815,sigi_hmm
NC_008835.1,2139489,2143797,4308,sigi_hmm
NC_007951.1,577235,591590,14355,sigi_hmm
NC_007951.1,752028,761598,9570,sigi_hmm
NC_007951.1,778096,782818,4722,sigi_hmm
NC_007951.1,783942,791770,7828,sigi_hmm
NC_007951.1,796817,812301,15484,sigi_hmm
NC_007951.1,928883,935776,6893,sigi_hmm
NC_007951.1,992834,997735,4901,sigi_hmm
NC_007951.1,1048673,1057645,8972,sigi_hmm
NC_007951.1,1543447,1548378,4931,sigi_hmm
NC_007951.1,1934199,1943249,9050,sigi_hmm
NC_007951.1,1953017,1957378,4361,sigi_hmm
NC_007951.1,1975278,1985358,10080,sigi_hmm
NC_007951.1,2021031,2026255,5224,sigi_hmm
NC_007951.1,2048505,2053729,5224,sigi_hmm
NC_007951.1,2076580,2086690,10110,sigi_hmm
NC_007951.1,2092042,2102202,10160,sigi_hmm
NC_007951.1,2107586,2116706,9120,sigi_hmm
NC_007951.1,2211429,2219296,7867,sigi_hmm
NC_007951.1,2237307,2245571,8264,sigi_hmm
NC_007951.1,2910508,2916005,5497,sigi_hmm
NC_007951.1,2935447,2940444,4997,sigi_hmm
NC_007951.1,3007938,3014461,6523,sigi_hmm
NC_007951.1,3501115,3507147,6032,sigi_hmm
NC_007951.1,3556532,3560980,4448,sigi_hmm
NC_007951.1,3576051,3583637,7586,sigi_hmm
NC_007951.1,3588812,3597116,8304,sigi_hmm
NC_007951.1,3610949,3616487,5538,sigi_hmm
NC_007951.1,3620732,3626974,6242,sigi_hmm
NC_007951.1,3631331,3635595,4264,sigi_hmm
NC_007951.1,3640179,3650111,9932,sigi_hmm
NC_007951.1,3652199,3658011,5812,sigi_hmm
NC_007951.1,3661186,3674772,13586,sigi_hmm
NC_007951.1,3912975,3918771,5796,sigi_hmm
NC_007951.1,3922174,3927646,5472,sigi_hmm
NC_007951.1,4581781,4594501,12720,sigi_hmm
NC_007951.1,4598516,4606652,8136,sigi_hmm
NC_007951.1,4614567,4624054,9487,sigi_hmm
NC_007951.1,4759164,4773210,14046,sigi_hmm
NC_007509.1,10402,31769,21367,sigi_hmm
NC_007509.1,62157,66238,4081,sigi_hmm
NC_007435.1,2211385,2215678,4293,sigi_hmm
NC_007435.1,2357719,2363981,6262,sigi_hmm
NC_007435.1,2711530,2721489,9959,sigi_hmm
NC_009075.1,21983,34188,12205,sigi_hmm
NC_009075.1,98908,107903,8995,sigi_hmm
NC_009075.1,120466,126872,6406,sigi_hmm
NC_009075.1,224784,229592,4808,sigi_hmm
NC_009075.1,591907,596834,4927,sigi_hmm
NC_009075.1,599284,604990,5706,sigi_hmm
NC_009075.1,947874,959605,11731,sigi_hmm
NC_009075.1,1647435,1656906,9471,sigi_hmm
NC_009075.1,1910485,1918653,8168,sigi_hmm
NC_009075.1,2297487,2303182,5695,sigi_hmm
NC_009256.1,6157,10223,4066,sigi_hmm
NC_009256.1,14191,23414,9223,sigi_hmm
NC_009256.1,180950,199233,18283,sigi_hmm
NC_009256.1,203998,209066,5068,sigi_hmm
NC_009256.1,217828,223037,5209,sigi_hmm
NC_009256.1,279205,300875,21670,sigi_hmm
NC_009256.1,469212,479768,10556,sigi_hmm
NC_009256.1,897474,901884,4410,sigi_hmm
NC_009256.1,932526,936562,4036,sigi_hmm
NC_009256.1,1250775,1255542,4767,sigi_hmm
NC_009256.1,1260835,1267811,6976,sigi_hmm
NC_009256.1,1289516,1302883,13367,sigi_hmm
NC_009256.1,1789777,1796482,6705,sigi_hmm
NC_009256.1,1801660,1806394,4734,sigi_hmm
NC_009256.1,2175110,2183663,8553,sigi_hmm
NC_009256.1,2188621,2193688,5067,sigi_hmm
NC_009256.1,2211669,2216824,5155,sigi_hmm
NC_009256.1,2259771,2264982,5211,sigi_hmm
NC_009256.1,2289479,2302373,12894,sigi_hmm
NC_009256.1,2306094,2312878,6784,sigi_hmm
NC_009256.1,2326444,2333846,7402,sigi_hmm
NC_009256.1,2335507,2339653,4146,sigi_hmm
NC_009256.1,2341849,2346612,4763,sigi_hmm
NC_009256.1,2349117,2354182,5065,sigi_hmm
NC_009256.1,2364374,2374481,10107,sigi_hmm
NC_009256.1,2382002,2388880,6878,sigi_hmm
NC_009256.1,2516538,2522267,5729,sigi_hmm
NC_009256.1,2727128,2746050,18922,sigi_hmm
NC_009256.1,2911814,2921503,9689,sigi_hmm
NC_009256.1,2952802,2983206,30404,sigi_hmm
NC_009256.1,3548599,3574510,25911,sigi_hmm
NC_009256.1,3576223,3583100,6877,sigi_hmm
NC_009256.1,3584205,3596872,12667,sigi_hmm
NC_009256.1,3599868,3616061,16193,sigi_hmm
NC_006350.1,99409,104915,5506,sigi_hmm
NC_006350.1,150805,155388,4583,sigi_hmm
NC_006350.1,602532,638611,36079,sigi_hmm
NC_006350.1,644090,653193,9103,sigi_hmm
NC_006350.1,851785,856495,4710,sigi_hmm
NC_006350.1,859567,898423,38856,sigi_hmm
NC_006350.1,1090254,1112763,22509,sigi_hmm
NC_006350.1,1615048,1619650,4602,sigi_hmm
NC_006350.1,1901631,1906620,4989,sigi_hmm
NC_006350.1,1914372,1923109,8737,sigi_hmm
NC_006350.1,1944518,1952071,7553,sigi_hmm
NC_006350.1,1972586,1982252,9666,sigi_hmm
NC_006350.1,2431505,2438556,7051,sigi_hmm
NC_006350.1,3200555,3212054,11499,sigi_hmm
NC_006350.1,3337120,3361667,24547,sigi_hmm
NC_006350.1,3718434,3724717,6283,sigi_hmm
NC_006350.1,3873083,3887254,14171,sigi_hmm
NC_006350.1,3963415,3967651,4236,sigi_hmm
NC_006350.1,3968968,3977124,8156,sigi_hmm
NC_007651.1,79206,83782,4576,sigi_hmm
NC_007651.1,100027,113489,13462,sigi_hmm
NC_007651.1,115321,122153,6832,sigi_hmm
NC_007651.1,124305,128789,4484,sigi_hmm
NC_007651.1,130914,147248,16334,sigi_hmm
NC_007651.1,1627057,1652567,25510,sigi_hmm
NC_007651.1,1672706,1680140,7434,sigi_hmm
NC_007651.1,1734399,1739348,4949,sigi_hmm
NC_007651.1,3072327,3080322,7995,sigi_hmm
NC_007651.1,3108623,3119268,10645,sigi_hmm
NC_007651.1,3145443,3152675,7232,sigi_hmm
NC_007651.1,3678322,3684706,6384,sigi_hmm
NC_009078.1,80843,88026,7183,sigi_hmm
NC_009078.1,100546,107015,6469,sigi_hmm
NC_009078.1,151144,161037,9893,sigi_hmm
NC_009078.1,520091,525501,5410,sigi_hmm
NC_009078.1,871765,885432,13667,sigi_hmm
NC_009078.1,1585986,1590213,4227,sigi_hmm
NC_009078.1,1844750,1852761,8011,sigi_hmm
NC_009078.1,1904035,1909785,5750,sigi_hmm
NC_009078.1,2722030,2726765,4735,sigi_hmm
NC_009078.1,2738764,2744475,5711,sigi_hmm
NC_009078.1,2751109,2764091,12982,sigi_hmm
NC_010623.1,104657,112618,7961,sigi_hmm
NC_010623.1,127913,133138,5225,sigi_hmm
NC_010623.1,192872,204793,11921,sigi_hmm
NC_010623.1,1879553,1887587,8034,sigi_hmm
NC_010623.1,1893191,1907810,14619,sigi_hmm
NC_010623.1,1909602,1916262,6660,sigi_hmm
NC_010623.1,1929731,1933849,4118,sigi_hmm
NC_010623.1,1936838,1945349,8511,sigi_hmm
NC_010623.1,1947295,1956960,9665,sigi_hmm
NC_010623.1,1986313,1996189,9876,sigi_hmm
NC_010623.1,2010979,2020929,9950,sigi_hmm
NC_010801.1,430962,455068,24106,sigi_hmm
NC_010801.1,484277,499925,15648,sigi_hmm
NC_010801.1,512341,526008,13667,sigi_hmm
NC_010801.1,555470,562939,7469,sigi_hmm
NC_010801.1,566764,587219,20455,sigi_hmm
NC_010801.1,590298,596634,6336,sigi_hmm
NC_010801.1,612553,630018,17465,sigi_hmm
NC_010801.1,635669,651116,15447,sigi_hmm
NC_007434.1,118253,122805,4552,sigi_hmm
NC_007434.1,644691,648710,4019,sigi_hmm
NC_007434.1,796892,803966,7074,sigi_hmm
NC_007434.1,1006638,1015116,8478,sigi_hmm
NC_007434.1,1166664,1170730,4066,sigi_hmm
NC_007434.1,1334880,1346297,11417,sigi_hmm
NC_007434.1,1644238,1648476,4238,sigi_hmm
NC_007434.1,1715407,1729717,14310,sigi_hmm
NC_007434.1,1734880,1741699,6819,sigi_hmm
NC_007434.1,1758105,1765516,7411,sigi_hmm
NC_007434.1,1768413,1778878,10465,sigi_hmm
NC_007434.1,1791577,1797523,5946,sigi_hmm
NC_007434.1,1820212,1825069,4857,sigi_hmm
NC_007434.1,1836567,1857840,21273,sigi_hmm
NC_007434.1,1863047,1867355,4308,sigi_hmm
NC_007434.1,1927087,1933377,6290,sigi_hmm
NC_007434.1,2295521,2300845,5324,sigi_hmm
NC_007434.1,2404002,2411985,7983,sigi_hmm
NC_007434.1,2432702,2440028,7326,sigi_hmm
NC_007434.1,2460495,2467992,7497,sigi_hmm
NC_007434.1,2815517,2824223,8706,sigi_hmm
NC_007434.1,3113888,3118123,4235,sigi_hmm
NC_007434.1,3459431,3469459,10028,sigi_hmm
NC_007434.1,3598043,3618445,20402,sigi_hmm
NC_007434.1,3981844,4018249,36405,sigi_hmm
NC_009076.1,81137,96527,15390,sigi_hmm
NC_009076.1,115252,120605,5353,sigi_hmm
NC_009076.1,785043,791775,6732,sigi_hmm
NC_009076.1,1399693,1404869,5176,sigi_hmm
NC_009076.1,1571305,1578344,7039,sigi_hmm
NC_009076.1,2033402,2040895,7493,sigi_hmm
NC_009076.1,2086594,2091097,4503,sigi_hmm
NC_009076.1,2349122,2355127,6005,sigi_hmm
NC_009076.1,2400041,2410422,10381,sigi_hmm
NC_009076.1,3050529,3062028,11499,sigi_hmm
NC_009076.1,3187305,3210025,22720,sigi_hmm
NC_009076.1,3574186,3579688,5502,sigi_hmm
NC_009076.1,3583686,3593241,9555,sigi_hmm
NC_009076.1,3597115,3606719,9604,sigi_hmm
NC_009076.1,3609075,3614393,5318,sigi_hmm
NC_009076.1,3787047,3805138,18091,sigi_hmm
NC_009076.1,3881826,3888692,6866,sigi_hmm
NC_009437.1,174977,179295,4318,sigi_hmm
NC_009437.1,627088,632261,5173,sigi_hmm
NC_009437.1,721659,728035,6376,sigi_hmm
NC_009437.1,1282107,1286618,4511,sigi_hmm
NC_009437.1,1641242,1645781,4539,sigi_hmm
NC_009437.1,2059133,2063146,4013,sigi_hmm
NC_009437.1,2940342,2945769,5427,sigi_hmm
NC_010622.1,256256,299122,42866,sigi_hmm
NC_010622.1,1221727,1228515,6788,sigi_hmm
NC_010622.1,1281952,1287900,5948,sigi_hmm
NC_010622.1,2288052,2297586,9534,sigi_hmm
NC_010622.1,2393721,2400992,7271,sigi_hmm
NC_010622.1,2583062,2595154,12092,sigi_hmm
NC_010622.1,2663399,2695656,32257,sigi_hmm
NC_006348.1,2075659,2081108,5449,sigi_hmm
NC_006348.1,2388290,2403309,15019,sigi_hmm
NC_009074.1,99342,107375,8033,sigi_hmm
NC_009074.1,1478529,1487830,9301,sigi_hmm
NC_009074.1,1560272,1569017,8745,sigi_hmm
NC_009074.1,2123479,2138588,15109,sigi_hmm
NC_009074.1,2315488,2321513,6025,sigi_hmm
NC_009074.1,2923683,2930444,6761,sigi_hmm
NC_009074.1,2977132,2984228,7096,sigi_hmm
NC_009074.1,2987057,3000337,13280,sigi_hmm
NC_009074.1,3035105,3046614,11509,sigi_hmm
NC_009074.1,3171005,3193726,22721,sigi_hmm
NC_009074.1,3416395,3422643,6248,sigi_hmm
NC_009074.1,3422998,3430703,7705,sigi_hmm
NC_009074.1,3566772,3573827,7055,sigi_hmm
NC_009074.1,3798158,3804816,6658,sigi_hmm
NC_010087.1,273741,289189,15448,sigi_hmm
NC_010087.1,292882,312305,19423,sigi_hmm
NC_010087.1,326844,334786,7942,sigi_hmm
NC_010087.1,337422,358418,20996,sigi_hmm
NC_010087.1,361829,369421,7592,sigi_hmm
NC_010087.1,400993,412517,11524,sigi_hmm
NC_010087.1,424933,438159,13226,sigi_hmm
NC_010087.1,469790,496180,26390,sigi_hmm
NC_010087.1,503062,508700,5638,sigi_hmm
NC_009255.1,183834,191336,7502,sigi_hmm
NC_009255.1,221625,228743,7118,sigi_hmm
NC_009255.1,360754,365109,4355,sigi_hmm
NC_009255.1,742650,747480,4830,sigi_hmm
NC_009255.1,1089499,1097925,8426,sigi_hmm
NC_009255.1,1101364,1126017,24653,sigi_hmm
NC_009255.1,1133416,1144304,10888,sigi_hmm
NC_009255.1,1149346,1171105,21759,sigi_hmm
NC_009255.1,1174889,1192619,17730,sigi_hmm
NC_009255.1,1266379,1271733,5354,sigi_hmm
NC_009255.1,1281400,1290619,9219,sigi_hmm
NC_009255.1,1342342,1347131,4789,sigi_hmm
NC_009255.1,1349406,1357100,7694,sigi_hmm
NC_009255.1,1375735,1381264,5529,sigi_hmm
NC_009255.1,1385704,1393714,8010,sigi_hmm
NC_009255.1,1571389,1579567,8178,sigi_hmm
NC_009255.1,1897576,1908450,10874,sigi_hmm
NC_009255.1,2050728,2056221,5493,sigi_hmm
NC_010338.1,367848,372277,4429,sigi_hmm
NC_010338.1,375317,381645,6328,sigi_hmm
NC_010338.1,432277,440998,8721,sigi_hmm
NC_010338.1,444124,450157,6033,sigi_hmm
NC_010338.1,496757,506386,9629,sigi_hmm
NC_010338.1,554586,562778,8192,sigi_hmm
NC_010338.1,576571,593620,17049,sigi_hmm
NC_010338.1,595083,600112,5029,sigi_hmm
NC_010338.1,605239,614445,9206,sigi_hmm
NC_010338.1,616905,638512,21607,sigi_hmm
NC_010338.1,641898,649685,7787,sigi_hmm
NC_010338.1,653273,667800,14527,sigi_hmm
NC_010338.1,945331,949996,4665,sigi_hmm
NC_010338.1,1220838,1229560,8722,sigi_hmm
NC_010338.1,1401072,1409940,8868,sigi_hmm
NC_010338.1,2103871,2108615,4744,sigi_hmm
NC_010338.1,2141204,2148318,7114,sigi_hmm
NC_010338.1,2149110,2155240,6130,sigi_hmm
NC_010338.1,2440725,2445866,5141,sigi_hmm
NC_010338.1,2452342,2466131,13789,sigi_hmm
NC_010338.1,2475291,2479763,4472,sigi_hmm
NC_010338.1,2558870,2566914,8044,sigi_hmm
NC_010338.1,2577858,2584406,6548,sigi_hmm
NC_010338.1,3750178,3754182,4004,sigi_hmm
NC_010338.1,3755093,3759464,4371,sigi_hmm
NC_010338.1,3768465,3782780,14315,sigi_hmm
NC_010338.1,3782998,3787437,4439,sigi_hmm
NC_010338.1,4111503,4129941,18438,sigi_hmm
NC_010338.1,4136085,4142404,6319,sigi_hmm
NC_010338.1,4151902,4161964,10062,sigi_hmm
NC_010338.1,4271736,4277714,5978,sigi_hmm
NC_010338.1,4486243,4494039,7796,sigi_hmm
NC_010338.1,4532986,4537184,4198,sigi_hmm
NC_010338.1,4539670,4544711,5041,sigi_hmm
NC_010338.1,4619932,4627820,7888,sigi_hmm
NC_010338.1,5325043,5329543,4500,sigi_hmm
NC_008392.1,141953,152472,10519,sigi_hmm
NC_008392.1,669413,681031,11618,sigi_hmm
NC_008392.1,821172,826630,5458,sigi_hmm
NC_008392.1,1034210,1044942,10732,sigi_hmm
NC_008392.1,1048581,1077605,29024,sigi_hmm
NC_008392.1,1078751,1084108,5357,sigi_hmm
NC_008392.1,1192699,1196730,4031,sigi_hmm
NC_008392.1,1203408,1209546,6138,sigi_hmm
NC_010512.1,117074,125430,8356,sigi_hmm
NC_010512.1,474063,478171,4108,sigi_hmm
NC_010512.1,870845,896547,25702,sigi_hmm
NC_010512.1,906520,917812,11292,sigi_hmm
NC_010512.1,1012983,1019224,6241,sigi_hmm
NC_010512.1,1024697,1029057,4360,sigi_hmm
NC_010512.1,1031871,1041467,9596,sigi_hmm
NC_010512.1,1043446,1049558,6112,sigi_hmm
NC_008544.1,62636,69261,6625,sigi_hmm
NC_009480.1,103428,117137,13709,sigi_hmm
NC_009480.1,118888,126968,8080,sigi_hmm
NC_009480.1,128542,139557,11015,sigi_hmm
NC_009480.1,139748,158506,18758,sigi_hmm
NC_009480.1,709446,717177,7731,sigi_hmm
NC_009480.1,744239,748628,4389,sigi_hmm
NC_009480.1,1270661,1274689,4028,sigi_hmm
NC_009480.1,2587139,2604280,17141,sigi_hmm
NC_009480.1,3224825,3229398,4573,sigi_hmm
NC_008610.1,955226,961820,6594,sigi_hmm
NC_009697.1,354978,360377,5399,sigi_hmm
NC_009697.1,487712,494234,6522,sigi_hmm
NC_009697.1,706640,711552,4912,sigi_hmm
NC_009697.1,760212,766863,6651,sigi_hmm
NC_009697.1,792971,799832,6861,sigi_hmm
NC_009697.1,925028,936425,11397,sigi_hmm
NC_009697.1,949234,953911,4677,sigi_hmm
NC_009697.1,969334,975711,6377,sigi_hmm
NC_009697.1,2007714,2013179,5465,sigi_hmm
NC_009697.1,2017703,2025095,7392,sigi_hmm
NC_009697.1,2115862,2133807,17945,sigi_hmm
NC_009697.1,2257719,2262383,4664,sigi_hmm
NC_009697.1,2944646,2951579,6933,sigi_hmm
NC_007963.1,41655,46141,4486,sigi_hmm
NC_007963.1,352834,358389,5555,sigi_hmm
NC_007963.1,821857,843092,21235,sigi_hmm
NC_007963.1,1220644,1233525,12881,sigi_hmm
NC_007963.1,1590497,1604230,13733,sigi_hmm
NC_007963.1,1918082,1926418,8336,sigi_hmm
NC_007963.1,2239021,2243268,4247,sigi_hmm
NC_007963.1,2526600,2531084,4484,sigi_hmm
NC_007963.1,2651858,2660832,8974,sigi_hmm
NC_007963.1,2662290,2667416,5126,sigi_hmm
NC_007963.1,3118764,3122931,4167,sigi_hmm
NC_007963.1,3232997,3241568,8571,sigi_hmm
NC_007963.1,3581992,3586888,4896,sigi_hmm
NC_010482.1,708048,715333,7285,sigi_hmm
NC_010424.1,424319,434698,10379,sigi_hmm
NC_010424.1,721610,727301,5691,sigi_hmm
NC_010424.1,738954,745595,6641,sigi_hmm
NC_010424.1,770498,777303,6805,sigi_hmm
NC_010424.1,844326,849316,4990,sigi_hmm
NC_010424.1,1362881,1368652,5771,sigi_hmm
NC_010424.1,1785465,1793822,8357,sigi_hmm
NC_010424.1,1799954,1804172,4218,sigi_hmm
NC_010424.1,1863440,1869032,5592,sigi_hmm
NC_010424.1,1915914,1921300,5386,sigi_hmm
NC_010424.1,1922303,1929844,7541,sigi_hmm
NC_009712.1,340785,353067,12282,sigi_hmm
NC_009712.1,354537,359085,4548,sigi_hmm
NC_009712.1,1194804,1199731,4927,sigi_hmm
NC_009712.1,1832698,1841544,8846,sigi_hmm
NC_007953.1,320623,330758,10135,sigi_hmm
NC_007953.1,361551,366163,4612,sigi_hmm
NC_007953.1,509292,518230,8938,sigi_hmm
NC_007953.1,577952,587303,9351,sigi_hmm
NC_003030.1,3424074,3430034,5960,sigi_hmm
NC_003030.1,3670837,3675775,4938,sigi_hmm
NC_009495.1,361882,367281,5399,sigi_hmm
NC_009495.1,514108,518943,4835,sigi_hmm
NC_009495.1,732223,737941,5718,sigi_hmm
NC_009495.1,786602,793253,6651,sigi_hmm
NC_009495.1,819361,826222,6861,sigi_hmm
NC_009495.1,952701,964099,11398,sigi_hmm
NC_009495.1,976908,981585,4677,sigi_hmm
NC_009495.1,997008,1003385,6377,sigi_hmm
NC_009495.1,2079073,2083493,4420,sigi_hmm
NC_009495.1,2089062,2096284,7222,sigi_hmm
NC_009495.1,2187221,2205525,18304,sigi_hmm
NC_009495.1,2328994,2333658,4664,sigi_hmm
NC_009495.1,3597342,3601768,4426,sigi_hmm
NC_009943.1,279465,284631,5166,sigi_hmm
NC_009943.1,328431,332584,4153,sigi_hmm
NC_009943.1,498097,503460,5363,sigi_hmm
NC_009943.1,756499,763269,6770,sigi_hmm
NC_009943.1,948229,952765,4536,sigi_hmm
NC_009943.1,973670,985268,11598,sigi_hmm
NC_009943.1,1049841,1055351,5510,sigi_hmm
NC_009943.1,1272716,1276879,4163,sigi_hmm
NC_009943.1,1370216,1381832,11616,sigi_hmm
NC_009943.1,1412105,1417406,5301,sigi_hmm
NC_009943.1,1504531,1512979,8448,sigi_hmm
NC_009943.1,1647210,1651392,4182,sigi_hmm
NC_009943.1,1929341,1933470,4129,sigi_hmm
NC_009943.1,2177044,2181285,4241,sigi_hmm
NC_009943.1,2212338,2221138,8800,sigi_hmm
NC_009943.1,2630753,2638006,7253,sigi_hmm
NC_009943.1,3033723,3038533,4810,sigi_hmm
NC_009943.1,3097036,3101308,4272,sigi_hmm
NC_009943.1,3144767,3150503,5736,sigi_hmm
NC_009943.1,3262117,3274812,12695,sigi_hmm
NC_009943.1,3276074,3287115,11041,sigi_hmm
NC_009943.1,3293339,3301465,8126,sigi_hmm
NC_009943.1,3493451,3502155,8704,sigi_hmm
NC_009943.1,3516990,3547434,30444,sigi_hmm
NC_009943.1,3581073,3588721,7648,sigi_hmm
NC_009943.1,3694910,3699953,5043,sigi_hmm
NC_009943.1,3764915,3778560,13645,sigi_hmm
NC_002696.2,625313,629489,4176,sigi_hmm
NC_002696.2,655801,667472,11671,sigi_hmm
NC_002696.2,743785,748211,4426,sigi_hmm
NC_002696.2,1083931,1088039,4108,sigi_hmm
NC_002696.2,1161043,1165135,4092,sigi_hmm
NC_002696.2,1559622,1565554,5932,sigi_hmm
NC_002696.2,1886251,1891098,4847,sigi_hmm
NC_002696.2,2581915,2587701,5786,sigi_hmm
NC_002696.2,2895783,2908451,12668,sigi_hmm
NC_002696.2,2910227,2914474,4247,sigi_hmm
NC_002696.2,2916277,2920702,4425,sigi_hmm
NC_002696.2,2930239,2935024,4785,sigi_hmm
NC_002696.2,2945587,2956542,10955,sigi_hmm
NC_002696.2,3759551,3764732,5181,sigi_hmm
NC_009839.1,1087684,1091956,4272,sigi_hmm
NC_009617.1,2592598,2598551,5953,sigi_hmm
NC_009617.1,3005110,3012345,7235,sigi_hmm
NC_009954.1,1516951,1529743,12792,sigi_hmm
NC_008599.1,441794,446250,4456,sigi_hmm
NC_009254.1,23053,29919,6866,sigi_hmm
NC_009254.1,77418,119971,42553,sigi_hmm
NC_009254.1,335710,350529,14819,sigi_hmm
NC_009254.1,352239,365810,13571,sigi_hmm
NC_009254.1,371871,384813,12942,sigi_hmm
NC_009254.1,604860,611393,6533,sigi_hmm
NC_009254.1,629665,635864,6199,sigi_hmm
NC_009254.1,644638,650171,5533,sigi_hmm
NC_009254.1,663671,671054,7383,sigi_hmm
NC_009254.1,676595,682908,6313,sigi_hmm
NC_009254.1,690820,695635,4815,sigi_hmm
NC_009254.1,702250,706551,4301,sigi_hmm
NC_009254.1,709095,719866,10771,sigi_hmm
NC_009254.1,721478,726474,4996,sigi_hmm
NC_009254.1,749444,755355,5911,sigi_hmm
NC_009254.1,762549,769251,6702,sigi_hmm
NC_009254.1,771167,777019,5852,sigi_hmm
NC_009254.1,779495,787315,7820,sigi_hmm
NC_009254.1,817434,832001,14567,sigi_hmm
NC_009254.1,1123099,1135848,12749,sigi_hmm
NC_007952.1,127591,131633,4042,sigi_hmm
NC_007952.1,448829,453286,4457,sigi_hmm
NC_007952.1,502153,508388,6235,sigi_hmm
NC_007952.1,1282979,1287655,4676,sigi_hmm
NC_007952.1,1422467,1427886,5419,sigi_hmm
NC_007952.1,1592536,1599641,7105,sigi_hmm
NC_007952.1,1941837,1945881,4044,sigi_hmm
NC_007952.1,2159627,2164695,5068,sigi_hmm
NC_007952.1,2822588,2827689,5101,sigi_hmm
NC_007952.1,3040851,3045673,4822,sigi_hmm
NC_007952.1,3088388,3093284,4896,sigi_hmm
NC_007952.1,3206741,3218747,12006,sigi_hmm
NC_007952.1,3231281,3246777,15496,sigi_hmm
NC_007952.1,3288646,3298950,10304,sigi_hmm
NC_007952.1,3320919,3326055,5136,sigi_hmm
NC_006351.1,890647,895400,4753,sigi_hmm
NC_006351.1,901100,905245,4145,sigi_hmm
NC_006351.1,1948688,1956592,7904,sigi_hmm
NC_006351.1,2799869,2804364,4495,sigi_hmm
NC_006351.1,2814054,2820309,6255,sigi_hmm
NC_006351.1,2821619,2826375,4756,sigi_hmm
NC_007435.1,212267,257213,44946,sigi_hmm
NC_007435.1,569684,580051,10367,sigi_hmm
NC_007435.1,628976,637249,8273,sigi_hmm
NC_007435.1,746775,751795,5020,sigi_hmm
NC_007435.1,933257,939214,5957,sigi_hmm
NC_007435.1,1467992,1472623,4631,sigi_hmm
NC_007435.1,1476122,1494839,18717,sigi_hmm
NC_007435.1,1547507,1552708,5201,sigi_hmm
NC_007435.1,1989401,1999473,10072,sigi_hmm
NC_007435.1,2006700,2010962,4262,sigi_hmm
NC_009706.1,3916581,3940267,23686,sigi_hmm
NC_010520.1,299279,305349,6070,sigi_hmm
NC_010520.1,760918,765451,4533,sigi_hmm
NC_010520.1,824564,828605,4041,sigi_hmm
NC_010520.1,842928,850993,8065,sigi_hmm
NC_010520.1,896933,901533,4600,sigi_hmm
NC_010520.1,925768,930843,5075,sigi_hmm
NC_010520.1,935007,942285,7278,sigi_hmm
NC_010520.1,985605,998780,13175,sigi_hmm
NC_010520.1,1012913,1022143,9230,sigi_hmm
NC_010520.1,1035919,1042183,6264,sigi_hmm
NC_010520.1,2196413,2202258,5845,sigi_hmm
NC_010520.1,2278610,2283430,4820,sigi_hmm
NC_010520.1,2307478,2325316,17838,sigi_hmm
NC_010520.1,2443105,2447158,4053,sigi_hmm
NC_010520.1,2528625,2534556,5931,sigi_hmm
NC_010520.1,2576216,2583495,7279,sigi_hmm
NC_010520.1,3085089,3089354,4265,sigi_hmm
NC_010520.1,3102074,3108409,6335,sigi_hmm
NC_010520.1,3674379,3692356,17977,sigi_hmm
NC_010407.1,55177,60116,4939,sigi_hmm
NC_010407.1,510666,523948,13282,sigi_hmm
NC_010407.1,855373,863698,8325,sigi_hmm
NC_010407.1,1124426,1128755,4329,sigi_hmm
NC_010407.1,2412488,2417888,5400,sigi_hmm
NC_010407.1,2616348,2622374,6026,sigi_hmm
NC_010407.1,3046366,3051483,5117,sigi_hmm
NC_010407.1,3182780,3189852,7072,sigi_hmm
NC_010407.1,3253648,3258007,4359,sigi_hmm
NC_009480.1,42124,83772,41648,sigi_hmm
NC_010175.1,3878160,3882445,4285,sigi_hmm
NC_010175.1,4575374,4580278,4904,sigi_hmm
NC_010175.1,4923292,4932432,9140,sigi_hmm
NC_005085.1,8092,18704,10612,sigi_hmm
NC_005085.1,32111,36329,4218,sigi_hmm
NC_005085.1,665836,671955,6119,sigi_hmm
NC_005085.1,705929,712359,6430,sigi_hmm
NC_005085.1,793530,799510,5980,sigi_hmm
NC_005085.1,823682,828951,5269,sigi_hmm
NC_005085.1,843219,847620,4401,sigi_hmm
NC_005085.1,1101290,1106800,5510,sigi_hmm
NC_005085.1,1276735,1287536,10801,sigi_hmm
NC_005085.1,1303614,1309116,5502,sigi_hmm
NC_005085.1,1309853,1314722,4869,sigi_hmm
NC_005085.1,1875793,1886615,10822,sigi_hmm
NC_005085.1,2021688,2030293,8605,sigi_hmm
NC_005085.1,2048795,2056074,7279,sigi_hmm
NC_005085.1,2308646,2314008,5362,sigi_hmm
NC_005085.1,2443440,2455713,12273,sigi_hmm
NC_005085.1,2457295,2463893,6598,sigi_hmm
NC_005085.1,2507359,2511413,4054,sigi_hmm
NC_005085.1,2611860,2631082,19222,sigi_hmm
NC_005085.1,2778934,2783774,4840,sigi_hmm
NC_005085.1,2793608,2803661,10053,sigi_hmm
NC_005085.1,2806402,2811208,4806,sigi_hmm
NC_005085.1,2877335,2883179,5844,sigi_hmm
NC_005085.1,3032432,3036447,4015,sigi_hmm
NC_005085.1,3123083,3127201,4118,sigi_hmm
NC_005085.1,3494266,3498493,4227,sigi_hmm
NC_005085.1,4345871,4364751,18880,sigi_hmm
NC_005085.1,4628418,4634976,6558,sigi_hmm
NC_004547.2,172396,178294,5898,sigi_hmm
NC_004547.2,179476,183544,4068,sigi_hmm
NC_004547.2,466558,473673,7115,sigi_hmm
NC_004547.2,588090,604091,16001,sigi_hmm
NC_004547.2,616235,626204,9969,sigi_hmm
NC_004547.2,644070,650702,6632,sigi_hmm
NC_004547.2,677579,682903,5324,sigi_hmm
NC_004547.2,738654,743797,5143,sigi_hmm
NC_004547.2,848523,852633,4110,sigi_hmm
NC_004547.2,922585,926821,4236,sigi_hmm
NC_004547.2,1069781,1075132,5351,sigi_hmm
NC_004547.2,1180862,1199129,18267,sigi_hmm
NC_004547.2,1606718,1636204,29486,sigi_hmm
NC_004547.2,1881482,1901848,20366,sigi_hmm
NC_004547.2,1905154,1914683,9529,sigi_hmm
NC_004547.2,1930301,1937376,7075,sigi_hmm
NC_004547.2,1940069,1944643,4574,sigi_hmm
NC_004547.2,1976824,1985590,8766,sigi_hmm
NC_004547.2,2291856,2297000,5144,sigi_hmm
NC_004547.2,2354962,2359305,4343,sigi_hmm
NC_004547.2,1,2499375,2499374,sigi_hmm
NC_004547.2,2612727,2617060,4333,sigi_hmm
NC_004547.2,3215245,3225771,10526,sigi_hmm
NC_004547.2,3237701,3248980,11279,sigi_hmm
NC_004547.2,3250922,3265660,14738,sigi_hmm
NC_004547.2,3874253,3881191,6938,sigi_hmm
NC_004547.2,4081395,4085824,4429,sigi_hmm
NC_010674.1,1380229,1385175,4946,sigi_hmm
NC_009706.1,61365,66073,4708,sigi_hmm
NC_009706.1,233943,238206,4263,sigi_hmm
NC_009706.1,243295,263366,20071,sigi_hmm
NC_009706.1,2682975,2687982,5007,sigi_hmm
NC_009706.1,2711262,2720941,9679,sigi_hmm
NC_009706.1,2930126,2936841,6715,sigi_hmm
NC_009706.1,2946792,2950903,4111,sigi_hmm
NC_009706.1,3574913,3587001,12088,sigi_hmm
NC_009706.1,3887188,3913920,26732,sigi_hmm
NC_007776.1,1349487,1355057,5570,sigi_hmm
NC_008255.1,42373,54609,12236,sigi_hmm
NC_008255.1,577955,584193,6238,sigi_hmm
NC_008255.1,1351547,1356258,4711,sigi_hmm
NC_008255.1,2688180,2693115,4935,sigi_hmm
NC_008255.1,2847642,2855697,8055,sigi_hmm
NC_008255.1,3357227,3363091,5864,sigi_hmm
NC_008255.1,3365739,3377486,11747,sigi_hmm
NC_008255.1,3377725,3391078,13353,sigi_hmm
NC_008255.1,3393346,3397879,4533,sigi_hmm
NC_008255.1,3398187,3402199,4012,sigi_hmm
NC_009441.1,3151204,3156584,5380,sigi_hmm
NC_009441.1,3163106,3167973,4867,sigi_hmm
NC_009441.1,3199267,3203590,4323,sigi_hmm
NC_009441.1,3531151,3536352,5201,sigi_hmm
NC_009441.1,3544917,3554139,9222,sigi_hmm
NC_009441.1,3566329,3583014,16685,sigi_hmm
NC_009441.1,3605357,3623113,17756,sigi_hmm
NC_009441.1,4255183,4264218,9035,sigi_hmm
NC_009441.1,4273951,4277971,4020,sigi_hmm
NC_009441.1,4313729,4317974,4245,sigi_hmm
NC_009441.1,4334278,4340426,6148,sigi_hmm
NC_009441.1,4365480,4369864,4384,sigi_hmm
NC_009441.1,4387196,4398080,10884,sigi_hmm
NC_009441.1,4401086,4412259,11173,sigi_hmm
NC_009441.1,4453724,4461000,7276,sigi_hmm
NC_009441.1,4462632,4475012,12380,sigi_hmm
NC_009441.1,5257944,5262373,4429,sigi_hmm
NC_009441.1,5285413,5294529,9116,sigi_hmm
NC_009441.1,5310465,5314563,4098,sigi_hmm
AC_000091.1,149715,156201,6486,sigi_hmm
AC_000091.1,234027,239378,5351,sigi_hmm
AC_000091.1,267321,274341,7020,sigi_hmm
AC_000091.1,279248,297015,17767,sigi_hmm
AC_000091.1,308582,320305,11723,sigi_hmm
AC_000091.1,561565,584856,23291,sigi_hmm
AC_000091.1,1088261,1095563,7302,sigi_hmm
AC_000091.1,1198444,1204801,6357,sigi_hmm
AC_000091.1,1209709,1220778,11069,sigi_hmm
AC_000091.1,1425114,1430440,5326,sigi_hmm
AC_000091.1,1581347,1585401,4054,sigi_hmm
AC_000091.1,1588534,1594156,5622,sigi_hmm
AC_000091.1,1637512,1654422,16910,sigi_hmm
AC_000091.1,2058995,2066604,7609,sigi_hmm
AC_000091.1,2067356,2072641,5285,sigi_hmm
AC_000091.1,2104032,2115198,11166,sigi_hmm
AC_000091.1,2190294,2196130,5836,sigi_hmm
AC_000091.1,2387383,2394634,7251,sigi_hmm
AC_000091.1,2471991,2477508,5517,sigi_hmm
AC_000091.1,2486084,2495632,9548,sigi_hmm
AC_000091.1,2754815,2766011,11196,sigi_hmm
AC_000091.1,2771492,2776438,4946,sigi_hmm
AC_000091.1,2782294,2787305,5011,sigi_hmm
AC_000091.1,2877225,2885875,8650,sigi_hmm
AC_000091.1,2986192,2997484,11292,sigi_hmm
AC_000091.1,3184798,3191493,6695,sigi_hmm
AC_000091.1,3361031,3367497,6466,sigi_hmm
AC_000091.1,3832317,3843467,11150,sigi_hmm
AC_000091.1,3984123,3989124,5001,sigi_hmm
AC_000091.1,4477079,4481931,4852,sigi_hmm
AC_000091.1,4501430,4506269,4839,sigi_hmm
AC_000091.1,4508738,4516137,7399,sigi_hmm
AC_000091.1,4537919,4549709,11790,sigi_hmm
AC_000091.1,4576431,4586142,9711,sigi_hmm
NC_007298.1,226740,233448,6708,sigi_hmm
NC_007298.1,535456,544360,8904,sigi_hmm
NC_007298.1,575807,580174,4367,sigi_hmm
NC_007298.1,720727,728205,7478,sigi_hmm
NC_007298.1,754988,762622,7634,sigi_hmm
NC_007298.1,789117,793560,4443,sigi_hmm
NC_007298.1,815338,821022,5684,sigi_hmm
NC_007298.1,852971,878523,25552,sigi_hmm
NC_007298.1,1344695,1350226,5531,sigi_hmm
NC_007298.1,1372652,1383410,10758,sigi_hmm
NC_007298.1,1425086,1431432,6346,sigi_hmm
NC_007298.1,1440346,1460276,19930,sigi_hmm
NC_007298.1,1461548,1466932,5384,sigi_hmm
NC_007298.1,1498653,1511258,12605,sigi_hmm
NC_007298.1,1511917,1517810,5893,sigi_hmm
NC_007298.1,1590539,1596627,6088,sigi_hmm
NC_007298.1,1762589,1769699,7110,sigi_hmm
NC_007298.1,1783620,1796211,12591,sigi_hmm
NC_007298.1,1829943,1839223,9280,sigi_hmm
NC_007298.1,2391527,2405788,14261,sigi_hmm
NC_007298.1,2420489,2436041,15552,sigi_hmm
NC_007298.1,2469628,2485992,16364,sigi_hmm
NC_007298.1,2487750,2492479,4729,sigi_hmm
NC_007298.1,2513899,2518416,4517,sigi_hmm
NC_007298.1,2574215,2579108,4893,sigi_hmm
NC_007298.1,2580680,2597035,16355,sigi_hmm
NC_007298.1,2600168,2646875,46707,sigi_hmm
NC_007298.1,2696355,2709334,12979,sigi_hmm
NC_007298.1,2720857,2733583,12726,sigi_hmm
NC_007298.1,2772418,2790393,17975,sigi_hmm
NC_007298.1,2861235,2866825,5590,sigi_hmm
NC_007298.1,2876374,2885129,8755,sigi_hmm
NC_007298.1,2892161,2897737,5576,sigi_hmm
NC_007298.1,2954681,2959927,5246,sigi_hmm
NC_007298.1,3278079,3286624,8545,sigi_hmm
NC_007298.1,3502983,3507720,4737,sigi_hmm
NC_007298.1,3680916,3685612,4696,sigi_hmm
NC_007298.1,3770094,3778154,8060,sigi_hmm
NC_007298.1,3923753,3928860,5107,sigi_hmm
NC_007298.1,4116293,4120657,4364,sigi_hmm
NC_007298.1,4249835,4255550,5715,sigi_hmm
NC_007946.1,15454,19880,4426,sigi_hmm
NC_007946.1,238995,243089,4094,sigi_hmm
NC_007946.1,264479,271647,7168,sigi_hmm
NC_007946.1,295228,312291,17063,sigi_hmm
NC_007946.1,321340,328719,7379,sigi_hmm
NC_007946.1,335558,339967,4409,sigi_hmm
NC_007946.1,344375,351500,7125,sigi_hmm
NC_007946.1,1074453,1089686,15233,sigi_hmm
NC_007946.1,1093070,1101242,8172,sigi_hmm
NC_007946.1,1118244,1126775,8531,sigi_hmm
NC_007946.1,1127725,1133280,5555,sigi_hmm
NC_007946.1,1246208,1251706,5498,sigi_hmm
NC_007946.1,1289039,1293761,4722,sigi_hmm
NC_007946.1,1392556,1400703,8147,sigi_hmm
NC_007946.1,1595689,1601383,5694,sigi_hmm
NC_007946.1,1639251,1643577,4326,sigi_hmm
NC_007946.1,1646443,1664286,17843,sigi_hmm
NC_007946.1,1676704,1683154,6450,sigi_hmm
NC_007946.1,2108524,2113597,5073,sigi_hmm
NC_007946.1,2165689,2170520,4831,sigi_hmm
NC_007946.1,2171969,2179560,7591,sigi_hmm
NC_007946.1,2182495,2191708,9213,sigi_hmm
NC_007946.1,2239903,2250444,10541,sigi_hmm
NC_007946.1,2303015,2307730,4715,sigi_hmm
NC_007946.1,2328138,2333555,5417,sigi_hmm
NC_007946.1,2597497,2611645,14148,sigi_hmm
NC_007946.1,2621274,2626702,5428,sigi_hmm
NC_007946.1,2629985,2637775,7790,sigi_hmm
NC_007946.1,2641906,2651454,9548,sigi_hmm
NC_007946.1,2865673,2875666,9993,sigi_hmm
NC_007946.1,2900045,2907482,7437,sigi_hmm
NC_007946.1,2938850,2943212,4362,sigi_hmm
NC_007946.1,3114339,3119040,4701,sigi_hmm
NC_007946.1,3131590,3138183,6593,sigi_hmm
NC_007946.1,3297254,3306778,9524,sigi_hmm
NC_007946.1,3816387,3825802,9415,sigi_hmm
NC_007946.1,3861904,3866144,4240,sigi_hmm
NC_007946.1,4057522,4063670,6148,sigi_hmm
NC_007946.1,4409359,4413509,4150,sigi_hmm
NC_007946.1,4786359,4792406,6047,sigi_hmm
NC_007946.1,4795817,4810828,15011,sigi_hmm
NC_007946.1,4817050,4842429,25379,sigi_hmm
NC_007946.1,4881012,4889591,8579,sigi_hmm
NC_007946.1,4901347,4909777,8430,sigi_hmm
NC_007946.1,4931982,4938501,6519,sigi_hmm
NC_007946.1,4951258,4955461,4203,sigi_hmm
NC_007946.1,5002533,5007176,4643,sigi_hmm
NC_007946.1,5026576,5033143,6567,sigi_hmm
NC_007907.1,14748,27316,12568,sigi_hmm
NC_007907.1,45771,50541,4770,sigi_hmm
NC_007907.1,462549,467032,4483,sigi_hmm
NC_007907.1,772435,779220,6785,sigi_hmm
NC_007907.1,787152,793419,6267,sigi_hmm
NC_007907.1,820088,824249,4161,sigi_hmm
NC_007907.1,838368,847597,9229,sigi_hmm
NC_007907.1,969363,973742,4379,sigi_hmm
NC_007907.1,975310,983257,7947,sigi_hmm
NC_007907.1,1001987,1015357,13370,sigi_hmm
NC_007907.1,1016996,1022699,5703,sigi_hmm
NC_007907.1,1035925,1039935,4010,sigi_hmm
NC_007907.1,1557464,1565064,7600,sigi_hmm
NC_007907.1,2000184,2004982,4798,sigi_hmm
NC_007907.1,2329399,2334576,5177,sigi_hmm
NC_007907.1,2468785,2474627,5842,sigi_hmm
NC_007907.1,2551549,2558480,6931,sigi_hmm
NC_007907.1,2889590,2896727,7137,sigi_hmm
NC_007907.1,3013521,3017618,4097,sigi_hmm
NC_007907.1,3166995,3172926,5931,sigi_hmm
NC_007907.1,3176228,3180368,4140,sigi_hmm
NC_007907.1,3244826,3250413,5587,sigi_hmm
NC_007907.1,3730512,3740769,10257,sigi_hmm
NC_007907.1,3744772,3750377,5605,sigi_hmm
NC_007907.1,3880057,3887779,7722,sigi_hmm
NC_007907.1,4209984,4214263,4279,sigi_hmm
NC_007907.1,4284002,4288685,4683,sigi_hmm
NC_007907.1,4722952,4727599,4647,sigi_hmm
NC_007907.1,4936649,4940842,4193,sigi_hmm
NC_007907.1,4967142,4982902,15760,sigi_hmm
NC_007907.1,5123466,5127720,4254,sigi_hmm
NC_007907.1,5129366,5136569,7203,sigi_hmm
NC_007907.1,5165595,5171617,6022,sigi_hmm
NC_007907.1,5178196,5184782,6586,sigi_hmm
NC_007907.1,5193267,5197527,4260,sigi_hmm
NC_007907.1,5203908,5210632,6724,sigi_hmm
NC_007907.1,5268982,5275243,6261,sigi_hmm
NC_007907.1,5288833,5294844,6011,sigi_hmm
NC_007907.1,5410602,5415744,5142,sigi_hmm
NC_009455.1,58582,66757,8175,sigi_hmm
NC_009455.1,70367,75611,5244,sigi_hmm
NC_009455.1,111488,119136,7648,sigi_hmm
NC_009455.1,178952,192447,13495,sigi_hmm
NC_009455.1,195367,204203,8836,sigi_hmm
NC_009455.1,828813,839619,10806,sigi_hmm
NC_009455.1,1038026,1042695,4669,sigi_hmm
NC_007356.1,58960,63279,4319,sigi_hmm
NC_007356.1,80419,108350,27931,sigi_hmm
NC_007356.1,1173967,1182774,8807,sigi_hmm
NC_007356.1,1201240,1213894,12654,sigi_hmm
NC_009952.1,379683,390658,10975,sigi_hmm
NC_009952.1,433725,438434,4709,sigi_hmm
NC_009952.1,444897,448983,4086,sigi_hmm
NC_009952.1,449446,458197,8751,sigi_hmm
NC_009952.1,464118,469130,5012,sigi_hmm
NC_009952.1,492087,500836,8749,sigi_hmm
NC_009952.1,503182,508898,5716,sigi_hmm
NC_009952.1,537246,544927,7681,sigi_hmm
NC_009952.1,596472,604418,7946,sigi_hmm
NC_009952.1,949418,953553,4135,sigi_hmm
NC_009952.1,1009203,1020436,11233,sigi_hmm
NC_009952.1,1685275,1690143,4868,sigi_hmm
NC_009952.1,1998356,2004421,6065,sigi_hmm
NC_009952.1,2223872,2229521,5649,sigi_hmm
NC_009952.1,2405034,2410660,5626,sigi_hmm
NC_009952.1,2427999,2433371,5372,sigi_hmm
NC_009952.1,2761173,2767594,6421,sigi_hmm
NC_009952.1,3544233,3564349,20116,sigi_hmm
NC_009952.1,3565730,3569746,4016,sigi_hmm
NC_009952.1,3577175,3586958,9783,sigi_hmm
NC_009952.1,3635603,3643582,7979,sigi_hmm
NC_010002.1,488992,494086,5094,sigi_hmm
NC_010002.1,508255,516524,8269,sigi_hmm
NC_010002.1,668623,678158,9535,sigi_hmm
NC_010002.1,1460023,1465815,5792,sigi_hmm
NC_010002.1,1596010,1601584,5574,sigi_hmm
NC_010002.1,1838957,1843703,4746,sigi_hmm
NC_010002.1,1886229,1901318,15089,sigi_hmm
NC_010002.1,1902189,1907436,5247,sigi_hmm
NC_010002.1,1912670,1919389,6719,sigi_hmm
NC_010002.1,1927084,1933228,6144,sigi_hmm
NC_010002.1,1933806,1938064,4258,sigi_hmm
NC_010002.1,1938874,1951898,13024,sigi_hmm
NC_010002.1,2120323,2124655,4332,sigi_hmm
NC_010002.1,2137862,2142918,5056,sigi_hmm
NC_010002.1,2504594,2508958,4364,sigi_hmm
NC_010002.1,2525674,2534992,9318,sigi_hmm
NC_010002.1,2796462,2800988,4526,sigi_hmm
NC_010002.1,2806087,2810944,4857,sigi_hmm
NC_010002.1,2945745,2953353,7608,sigi_hmm
NC_010002.1,2953842,2959062,5220,sigi_hmm
NC_010002.1,2971590,2977035,5445,sigi_hmm
NC_010002.1,2992818,3000611,7793,sigi_hmm
NC_010002.1,3006701,3011141,4440,sigi_hmm
NC_010002.1,3281992,3287001,5009,sigi_hmm
NC_010002.1,3362974,3372043,9069,sigi_hmm
NC_010002.1,3405759,3410547,4788,sigi_hmm
NC_010002.1,3413273,3420337,7064,sigi_hmm
NC_010002.1,3470953,3477962,7009,sigi_hmm
NC_010002.1,3515861,3521243,5382,sigi_hmm
NC_010002.1,3755997,3766424,10427,sigi_hmm
NC_010002.1,3775330,3787958,12628,sigi_hmm
NC_010002.1,3986133,3991240,5107,sigi_hmm
NC_010002.1,4045257,4056409,11152,sigi_hmm
NC_010002.1,4083534,4095689,12155,sigi_hmm
NC_010002.1,4140009,4144052,4043,sigi_hmm
NC_010002.1,4182008,4187589,5581,sigi_hmm
NC_010002.1,4266195,4274181,7986,sigi_hmm
NC_010002.1,4295821,4301936,6115,sigi_hmm
NC_010002.1,4334499,4339804,5305,sigi_hmm
NC_010002.1,4484421,4489635,5214,sigi_hmm
NC_010002.1,4516060,4521861,5801,sigi_hmm
NC_010002.1,4529025,4533646,4621,sigi_hmm
NC_010002.1,4554031,4558910,4879,sigi_hmm
NC_010002.1,4579413,4587271,7858,sigi_hmm
NC_010002.1,4589202,4593922,4720,sigi_hmm
NC_010002.1,4594628,4602439,7811,sigi_hmm
NC_010002.1,5119203,5125607,6404,sigi_hmm
NC_010002.1,5700427,5707468,7041,sigi_hmm
NC_010002.1,6113481,6119063,5582,sigi_hmm
NC_010498.1,306879,320577,13698,sigi_hmm
NC_010498.1,327120,334572,7452,sigi_hmm
NC_010498.1,341410,346902,5492,sigi_hmm
NC_010498.1,948221,954061,5840,sigi_hmm
NC_010498.1,955827,959897,4070,sigi_hmm
NC_010498.1,1043457,1051446,7989,sigi_hmm
NC_010498.1,1083827,1089231,5404,sigi_hmm
NC_010498.1,1093426,1108251,14825,sigi_hmm
NC_010498.1,1121526,1134887,13361,sigi_hmm
NC_010498.1,1137015,1144767,7752,sigi_hmm
NC_010498.1,1210145,1218024,7879,sigi_hmm
NC_010498.1,1622692,1627404,4712,sigi_hmm
NC_010498.1,1656724,1665313,8589,sigi_hmm
NC_010498.1,1668179,1672504,4325,sigi_hmm
NC_010498.1,1903541,1909569,6028,sigi_hmm
NC_010498.1,2002274,2009008,6734,sigi_hmm
NC_010498.1,2273721,2279298,5577,sigi_hmm
NC_010498.1,2283048,2291850,8802,sigi_hmm
NC_010498.1,2292408,2302908,10500,sigi_hmm
NC_010498.1,2471894,2476856,4962,sigi_hmm
NC_010498.1,2564222,2568449,4227,sigi_hmm
NC_010498.1,2571458,2581006,9548,sigi_hmm
NC_010498.1,2856313,2862264,5951,sigi_hmm
NC_010498.1,2977437,2988395,10958,sigi_hmm
NC_010498.1,3030901,3036378,5477,sigi_hmm
NC_010498.1,3202040,3207804,5764,sigi_hmm
NC_010498.1,3245598,3252087,6489,sigi_hmm
NC_010498.1,3270859,3280390,9531,sigi_hmm
NC_010498.1,3299836,3306993,7157,sigi_hmm
NC_010498.1,3862110,3866836,4726,sigi_hmm
NC_010498.1,3993788,4005732,11944,sigi_hmm
NC_010498.1,4037015,4043163,6148,sigi_hmm
NC_010498.1,4097155,4104138,6983,sigi_hmm
NC_010498.1,4174246,4181374,7128,sigi_hmm
NC_010498.1,4424900,4429124,4224,sigi_hmm
NC_010498.1,4471015,4476733,5718,sigi_hmm
NC_010498.1,4864046,4868083,4037,sigi_hmm
NC_010498.1,4871104,4880102,8998,sigi_hmm
NC_010498.1,4907642,4916328,8686,sigi_hmm
NC_010498.1,4939615,4947257,7642,sigi_hmm
NC_010498.1,4970675,4980913,10238,sigi_hmm
NC_010117.1,216634,228525,11891,sigi_hmm
NC_010117.1,713227,719384,6157,sigi_hmm
NC_010117.1,990976,996637,5661,sigi_hmm
NC_010117.1,1127666,1133673,6007,sigi_hmm
NC_010117.1,1639180,1644510,5330,sigi_hmm
NC_009727.1,681237,687394,6157,sigi_hmm
NC_009727.1,1904992,1918371,13379,sigi_hmm
NC_010545.1,15947,25629,9682,sigi_hmm
NC_010545.1,94336,98379,4043,sigi_hmm
NC_010545.1,243967,248583,4616,sigi_hmm
NC_010545.1,628790,633278,4488,sigi_hmm
NC_010545.1,757145,762394,5249,sigi_hmm
NC_010545.1,1482342,1487758,5416,sigi_hmm
NC_010545.1,1497196,1506155,8959,sigi_hmm
NC_010545.1,1699177,1709791,10614,sigi_hmm
NC_010545.1,1738994,1743800,4806,sigi_hmm
NC_010545.1,1786947,1799166,12219,sigi_hmm
NC_010545.1,1862361,1868702,6341,sigi_hmm
NC_010545.1,1911275,1925186,13911,sigi_hmm
NC_010545.1,2121048,2125733,4685,sigi_hmm
NC_010545.1,2175864,2180189,4325,sigi_hmm
NC_010545.1,2214820,2218905,4085,sigi_hmm
NC_010545.1,2235356,2240907,5551,sigi_hmm
NC_010545.1,2241123,2247993,6870,sigi_hmm
NC_010545.1,2284931,2294488,9557,sigi_hmm
NC_008025.1,346997,354035,7038,sigi_hmm
NC_008025.1,1159883,1164199,4316,sigi_hmm
NC_008025.1,2218073,2223758,5685,sigi_hmm
NC_009436.1,533304,537759,4455,sigi_hmm
NC_009436.1,881600,893274,11674,sigi_hmm
NC_009436.1,910657,915379,4722,sigi_hmm
NC_009436.1,1104605,1130441,25836,sigi_hmm
NC_009436.1,1139587,1146724,7137,sigi_hmm
NC_009436.1,1147740,1155064,7324,sigi_hmm
NC_009436.1,1472316,1478183,5867,sigi_hmm
NC_009436.1,1804662,1808668,4006,sigi_hmm
NC_009436.1,2043161,2047433,4272,sigi_hmm
NC_009436.1,2063251,2070181,6930,sigi_hmm
NC_009436.1,2401381,2409955,8574,sigi_hmm
NC_009436.1,2434497,2439078,4581,sigi_hmm
NC_009436.1,2441856,2446747,4891,sigi_hmm
NC_009436.1,2784850,2789980,5130,sigi_hmm
NC_009436.1,2804141,2813860,9719,sigi_hmm
NC_009436.1,2843464,2854793,11329,sigi_hmm
NC_009436.1,3125655,3147342,21687,sigi_hmm
NC_009436.1,3812877,3817852,4975,sigi_hmm
NC_009436.1,4029503,4033816,4313,sigi_hmm
NC_004369.1,264452,271553,7101,sigi_hmm
NC_004369.1,284851,295343,10492,sigi_hmm
NC_004369.1,378076,382913,4837,sigi_hmm
NC_004369.1,389742,415876,26134,sigi_hmm
NC_004369.1,539353,552855,13502,sigi_hmm
NC_004369.1,874547,880018,5471,sigi_hmm
NC_004369.1,883112,888800,5688,sigi_hmm
NC_004369.1,911101,917103,6002,sigi_hmm
NC_004369.1,931402,935744,4342,sigi_hmm
NC_004369.1,1471325,1476944,5619,sigi_hmm
NC_004369.1,1556928,1561468,4540,sigi_hmm
NC_004369.1,1610921,1615220,4299,sigi_hmm
NC_004369.1,2055357,2060020,4663,sigi_hmm
NC_004369.1,2596016,2600696,4680,sigi_hmm
NC_004369.1,2978532,2983687,5155,sigi_hmm
NC_004369.1,2985589,2992094,6505,sigi_hmm
NC_004369.1,3035276,3042785,7509,sigi_hmm
NC_002935.2,51491,56047,4556,sigi_hmm
NC_002935.2,149323,154000,4677,sigi_hmm
NC_002935.2,187501,192626,5125,sigi_hmm
NC_002935.2,206740,213949,7209,sigi_hmm
NC_002935.2,249276,257048,7772,sigi_hmm
NC_002935.2,259003,263482,4479,sigi_hmm
NC_002935.2,299461,305310,5849,sigi_hmm
NC_002935.2,327293,333034,5741,sigi_hmm
NC_002935.2,373884,382931,9047,sigi_hmm
NC_002935.2,421023,430317,9294,sigi_hmm
NC_002935.2,460091,464955,4864,sigi_hmm
NC_002935.2,786230,796081,9851,sigi_hmm
NC_002935.2,933397,938851,5454,sigi_hmm
NC_002935.2,1182927,1187397,4470,sigi_hmm
NC_002935.2,1650846,1656735,5889,sigi_hmm
NC_002935.2,1861303,1867234,5931,sigi_hmm
NC_002935.2,1998063,2002345,4282,sigi_hmm
NC_002935.2,2009462,2013708,4246,sigi_hmm
NC_002935.2,2092824,2097183,4359,sigi_hmm
NC_002935.2,2292835,2297805,4970,sigi_hmm
NC_002935.2,2324605,2329938,5333,sigi_hmm
NC_002935.2,2472392,2480174,7782,sigi_hmm
NC_009012.1,627359,632387,5028,sigi_hmm
NC_009012.1,1323045,1327291,4246,sigi_hmm
NC_009012.1,1864928,1876556,11628,sigi_hmm
NC_009012.1,1904117,1911138,7021,sigi_hmm
NC_009012.1,2935643,2945665,10022,sigi_hmm
NC_004557.1,1602895,1608088,5193,sigi_hmm
NC_004557.1,2017897,2029771,11874,sigi_hmm
NC_004557.1,2043201,2053541,10340,sigi_hmm
NC_006958.1,211533,218837,7304,sigi_hmm
NC_006958.1,369795,387607,17812,sigi_hmm
NC_006958.1,639775,646242,6467,sigi_hmm
NC_006958.1,836391,842077,5686,sigi_hmm
NC_006958.1,955517,965112,9595,sigi_hmm
NC_006958.1,1086968,1091209,4241,sigi_hmm
NC_006958.1,1402348,1412891,10543,sigi_hmm
NC_006958.1,1792303,1800881,8578,sigi_hmm
NC_006958.1,1819275,1831372,12097,sigi_hmm
NC_006958.1,1916194,1922748,6554,sigi_hmm
NC_006958.1,1927728,1940536,12808,sigi_hmm
NC_006958.1,1946077,1950122,4045,sigi_hmm
NC_006958.1,1959919,1965342,5423,sigi_hmm
NC_006958.1,2222050,2229345,7295,sigi_hmm
NC_006958.1,2918942,2923188,4246,sigi_hmm
NC_006958.1,3128124,3144202,16078,sigi_hmm
NC_006958.1,3144561,3150990,6429,sigi_hmm
NC_007775.1,1009528,1013966,4438,sigi_hmm
NC_002971.3,143025,155276,12251,sigi_hmm
NC_002971.3,632485,638642,6157,sigi_hmm
NC_002971.3,1552010,1558389,6379,sigi_hmm
NC_009698.1,354977,360376,5399,sigi_hmm
NC_009698.1,508100,514622,6522,sigi_hmm
NC_009698.1,706808,711720,4912,sigi_hmm
NC_009698.1,760379,767030,6651,sigi_hmm
NC_009698.1,793138,799999,6861,sigi_hmm
NC_009698.1,919743,927126,7383,sigi_hmm
NC_009698.1,929521,936606,7085,sigi_hmm
NC_009698.1,949415,954092,4677,sigi_hmm
NC_009698.1,970773,976279,5506,sigi_hmm
NC_009698.1,2007931,2013396,5465,sigi_hmm
NC_009698.1,2017920,2025312,7392,sigi_hmm
NC_009698.1,2116081,2134027,17946,sigi_hmm
NC_009698.1,2256103,2262449,6346,sigi_hmm
NC_009698.1,2881571,2888504,6933,sigi_hmm
NC_007164.1,18228,27221,8993,sigi_hmm
NC_007164.1,52425,56441,4016,sigi_hmm
NC_007164.1,66128,72226,6098,sigi_hmm
NC_007164.1,106698,119697,12999,sigi_hmm
NC_007164.1,382734,388543,5809,sigi_hmm
NC_007164.1,518737,527393,8656,sigi_hmm
NC_007164.1,635115,645879,10764,sigi_hmm
NC_007164.1,749256,756285,7029,sigi_hmm
NC_007164.1,760214,764908,4694,sigi_hmm
NC_007164.1,769435,779800,10365,sigi_hmm
NC_007164.1,781639,787500,5861,sigi_hmm
NC_007164.1,829326,835763,6437,sigi_hmm
NC_007164.1,1097487,1104452,6965,sigi_hmm
NC_007164.1,1439777,1452973,13196,sigi_hmm
NC_007164.1,1460986,1469854,8868,sigi_hmm
NC_007164.1,1477840,1483501,5661,sigi_hmm
NC_007164.1,1603159,1607487,4328,sigi_hmm
NC_007164.1,1843275,1848204,4929,sigi_hmm
NC_007164.1,1850103,1875427,25324,sigi_hmm
NC_007164.1,2084671,2091988,7317,sigi_hmm
NC_007164.1,2098473,2102756,4283,sigi_hmm
NC_007164.1,2268721,2275513,6792,sigi_hmm
NC_010001.1,238298,244052,5754,sigi_hmm
NC_010001.1,857904,874098,16194,sigi_hmm
NC_010001.1,908541,913960,5419,sigi_hmm
NC_010001.1,992375,1000940,8565,sigi_hmm
NC_010001.1,1781737,1785742,4005,sigi_hmm
NC_010001.1,1808433,1814313,5880,sigi_hmm
NC_010001.1,2054043,2059531,5488,sigi_hmm
NC_009699.1,276781,281599,4818,sigi_hmm
NC_009699.1,525397,530234,4837,sigi_hmm
NC_009699.1,746139,750235,4096,sigi_hmm
NC_009699.1,814412,834246,19834,sigi_hmm
NC_009699.1,973522,981789,8267,sigi_hmm
NC_009699.1,995322,1001404,6082,sigi_hmm
NC_009699.1,1025503,1031011,5508,sigi_hmm
NC_009699.1,2137337,2142803,5466,sigi_hmm
NC_009699.1,2147406,2154624,7218,sigi_hmm
NC_009699.1,2242707,2259428,16721,sigi_hmm
NC_009699.1,2351369,2356586,5217,sigi_hmm
NC_009699.1,2377900,2383534,5634,sigi_hmm
NC_009699.1,3045263,3049528,4265,sigi_hmm
NC_009699.1,3694192,3705392,11200,sigi_hmm
NC_010516.1,285213,290377,5164,sigi_hmm
NC_010516.1,756597,762001,5404,sigi_hmm
NC_010516.1,803834,811509,7675,sigi_hmm
NC_010516.1,825368,835017,9649,sigi_hmm
NC_010516.1,838835,848379,9544,sigi_hmm
NC_010516.1,906284,911309,5025,sigi_hmm
NC_010516.1,949783,967077,17294,sigi_hmm
NC_010516.1,980675,988995,8320,sigi_hmm
NC_010516.1,1008643,1014899,6256,sigi_hmm
NC_010516.1,2087269,2092735,5466,sigi_hmm
NC_010516.1,2097167,2104390,7223,sigi_hmm
NC_010516.1,2197765,2212645,14880,sigi_hmm
NC_010516.1,2366117,2372433,6316,sigi_hmm
NC_010516.1,2882463,2893466,11003,sigi_hmm
NC_010516.1,3043810,3048075,4265,sigi_hmm
NC_010516.1,3063495,3073465,9970,sigi_hmm
NC_010516.1,3075306,3087997,12691,sigi_hmm
NC_010516.1,3657584,3671669,14085,sigi_hmm
NC_003910.7,2596620,2601579,4959,sigi_hmm
NC_003910.7,4240251,4245210,4959,sigi_hmm
NC_003910.7,4251552,4261126,9574,sigi_hmm
NC_003910.7,4263652,4271591,7939,sigi_hmm
NC_009089.1,383016,387936,4920,sigi_hmm
NC_009089.1,428851,456610,27759,sigi_hmm
NC_009089.1,480432,516637,36205,sigi_hmm
NC_009089.1,567177,571611,4434,sigi_hmm
NC_009089.1,695005,701234,6229,sigi_hmm
NC_009089.1,725037,743222,18185,sigi_hmm
NC_009089.1,995689,999930,4241,sigi_hmm
NC_009089.1,1049252,1055636,6384,sigi_hmm
NC_009089.1,1284507,1314481,29974,sigi_hmm
NC_009089.1,2139742,2165876,26134,sigi_hmm
NC_009089.1,2350231,2356296,6065,sigi_hmm
NC_009089.1,3890925,3915444,24519,sigi_hmm
NC_009089.1,3935041,3967244,32203,sigi_hmm
NC_009089.1,4183531,4188508,4977,sigi_hmm
NC_010528.1,270849,277639,6790,sigi_hmm
NC_010528.1,631938,644019,12081,sigi_hmm
NC_010528.1,852044,858467,6423,sigi_hmm
NC_010528.1,874337,881636,7299,sigi_hmm
NC_010528.1,937399,941425,4026,sigi_hmm
NC_010528.1,1658287,1671799,13512,sigi_hmm
NC_010528.1,1885044,1890210,5166,sigi_hmm
NC_010528.1,2497681,2514569,16888,sigi_hmm
NC_010528.1,2515589,2522892,7303,sigi_hmm
NC_010528.1,2523234,2528247,5013,sigi_hmm
NC_010528.1,2828287,2834249,5962,sigi_hmm
NC_003450.3,211532,218845,7313,sigi_hmm
NC_003450.3,369794,387203,17409,sigi_hmm
NC_003450.3,638314,644781,6467,sigi_hmm
NC_003450.3,834927,840745,5818,sigi_hmm
NC_003450.3,953040,963642,10602,sigi_hmm
NC_003450.3,1400926,1411424,10498,sigi_hmm
NC_003450.3,1790458,1799409,8951,sigi_hmm
NC_003450.3,1817821,1829900,12079,sigi_hmm
NC_003450.3,1887685,1894632,6947,sigi_hmm
NC_003450.3,1914722,1921276,6554,sigi_hmm
NC_003450.3,1926256,1939010,12754,sigi_hmm
NC_003450.3,1942519,1948650,6131,sigi_hmm
NC_003450.3,1958447,1966240,7793,sigi_hmm
NC_003450.3,1985439,1995294,9855,sigi_hmm
NC_003450.3,2252018,2259313,7295,sigi_hmm
NC_003450.3,2945637,2949883,4246,sigi_hmm
NC_003450.3,3154818,3177566,22748,sigi_hmm
NC_009342.1,36883,41435,4552,sigi_hmm
NC_009342.1,138656,187968,49312,sigi_hmm
NC_009342.1,300896,311721,10825,sigi_hmm
NC_009342.1,592977,604178,11201,sigi_hmm
NC_009342.1,618743,627478,8735,sigi_hmm
NC_009342.1,819266,824943,5677,sigi_hmm
NC_009342.1,1003497,1009244,5747,sigi_hmm
NC_009342.1,1228024,1232039,4015,sigi_hmm
NC_009342.1,1236707,1242000,5293,sigi_hmm
NC_009342.1,1506618,1512096,5478,sigi_hmm
NC_009342.1,1547074,1555233,8159,sigi_hmm
NC_009342.1,2075689,2082059,6370,sigi_hmm
NC_009342.1,2092990,2101172,8182,sigi_hmm
NC_009342.1,2102333,2107732,5399,sigi_hmm
NC_009342.1,2217238,2223315,6077,sigi_hmm
NC_009342.1,3040851,3044997,4146,sigi_hmm
NC_002932.3,447088,453843,6755,sigi_hmm
NC_002932.3,455327,462405,7078,sigi_hmm
NC_002932.3,809626,815479,5853,sigi_hmm
NC_002932.3,854256,858849,4593,sigi_hmm
NC_002932.3,1051238,1059922,8684,sigi_hmm
NC_002932.3,1381006,1385288,4282,sigi_hmm
NC_002932.3,1493076,1497208,4132,sigi_hmm
NC_002932.3,1641449,1647756,6307,sigi_hmm
NC_002932.3,1656247,1661191,4944,sigi_hmm
NC_002932.3,1774783,1782117,7334,sigi_hmm
NC_002932.3,1789147,1794491,5344,sigi_hmm
NC_002932.3,1806260,1813455,7195,sigi_hmm
NC_002932.3,1854950,1877302,22352,sigi_hmm
NC_002932.3,1967230,1971456,4226,sigi_hmm
NC_002932.3,2108734,2113763,5029,sigi_hmm
NC_011027.1,26324,31072,4748,sigi_hmm
NC_011027.1,92598,98453,5855,sigi_hmm
NC_011027.1,140424,145119,4695,sigi_hmm
NC_011027.1,310892,321080,10188,sigi_hmm
NC_011027.1,334782,340128,5346,sigi_hmm
NC_011027.1,366489,371217,4728,sigi_hmm
NC_011027.1,536052,541908,5856,sigi_hmm
NC_011027.1,824365,830518,6153,sigi_hmm
NC_011027.1,837191,841235,4044,sigi_hmm
NC_011027.1,865874,871901,6027,sigi_hmm
NC_011027.1,921481,926125,4644,sigi_hmm
NC_011027.1,1160277,1164329,4052,sigi_hmm
NC_011027.1,1301656,1309030,7374,sigi_hmm
NC_011027.1,1493231,1498331,5100,sigi_hmm
NC_011027.1,1547691,1553659,5968,sigi_hmm
NC_011027.1,1576554,1580589,4035,sigi_hmm
NC_011027.1,1591442,1608712,17270,sigi_hmm
NC_011027.1,1713224,1717509,4285,sigi_hmm
NC_011027.1,1979958,1989130,9172,sigi_hmm
NC_011027.1,1991144,1996924,5780,sigi_hmm
NC_008639.1,319399,323612,4213,sigi_hmm
NC_008639.1,1590428,1599065,8637,sigi_hmm
NC_008639.1,1674997,1679879,4882,sigi_hmm
NC_008639.1,1840159,1845635,5476,sigi_hmm
NC_008639.1,2585800,2589943,4143,sigi_hmm
NC_008639.1,3053818,3058409,4591,sigi_hmm
NC_010831.1,773484,780496,7012,sigi_hmm
NC_010831.1,791152,801001,9849,sigi_hmm
NC_010831.1,1811539,1828586,17047,sigi_hmm
NC_010175.1,454251,460283,6032,sigi_hmm
NC_010175.1,708756,732482,23726,sigi_hmm
NC_010175.1,1833081,1843504,10423,sigi_hmm
NC_010175.1,3120646,3130548,9902,sigi_hmm
NC_009801.1,2234684,2242294,7610,sigi_hmm
NC_009801.1,2284294,2296309,12015,sigi_hmm
NC_009801.1,2368282,2373723,5441,sigi_hmm
NC_009801.1,2644147,2653695,9548,sigi_hmm
NC_009801.1,2906374,2911302,4928,sigi_hmm
NC_009801.1,2919333,2949173,29840,sigi_hmm
NC_009801.1,3020717,3032808,12091,sigi_hmm
NC_009801.1,3184169,3202568,18399,sigi_hmm
NC_009801.1,3344319,3353235,8916,sigi_hmm
NC_009801.1,3381237,3389169,7932,sigi_hmm
NC_009801.1,3402233,3406544,4311,sigi_hmm
NC_009801.1,3408553,3413378,4825,sigi_hmm
NC_009801.1,3517046,3522522,5476,sigi_hmm
NC_009801.1,4114930,4121078,6148,sigi_hmm
NC_009801.1,4843821,4848206,4385,sigi_hmm
NC_009801.1,4890592,4897097,6505,sigi_hmm
NC_006831.1,18637,24745,6108,sigi_hmm
NC_006831.1,348666,353004,4338,sigi_hmm
NC_006831.1,363923,374219,10296,sigi_hmm
NC_006831.1,382596,390804,8208,sigi_hmm
NC_006831.1,430150,435837,5687,sigi_hmm
NC_006831.1,510562,517358,6796,sigi_hmm
NC_006831.1,522361,528750,6389,sigi_hmm
NC_006831.1,813673,820270,6597,sigi_hmm
NC_006831.1,1206877,1213626,6749,sigi_hmm
NC_006831.1,1290467,1295725,5258,sigi_hmm
NC_006831.1,1429963,1435960,5997,sigi_hmm
NC_001264.1,33474,46746,13272,sigi_hmm
NC_009446.1,181552,207969,26417,sigi_hmm
NC_002936.3,60943,70914,9971,sigi_hmm
NC_002936.3,79177,83621,4444,sigi_hmm
NC_002936.3,156341,164207,7866,sigi_hmm
NC_002936.3,245933,250371,4438,sigi_hmm
NC_002936.3,268291,272729,4438,sigi_hmm
NC_002936.3,802933,811589,8656,sigi_hmm
NC_002936.3,815703,820141,4438,sigi_hmm
NC_002936.3,968488,975179,6691,sigi_hmm
NC_002936.3,980863,986459,5596,sigi_hmm
NC_002936.3,987763,1003719,15956,sigi_hmm
NC_002936.3,1014691,1024119,9428,sigi_hmm
NC_002936.3,1326822,1332937,6115,sigi_hmm
NC_002936.3,1403346,1409306,5960,sigi_hmm
NC_002937.3,622064,629875,7811,sigi_hmm
NC_002937.3,1239484,1245966,6482,sigi_hmm
NC_002937.3,1555168,1562741,7573,sigi_hmm
NC_002937.3,1582050,1586924,4874,sigi_hmm
NC_002937.3,1720950,1725775,4825,sigi_hmm
NC_002937.3,1811183,1820334,9151,sigi_hmm
NC_002937.3,2074975,2079515,4540,sigi_hmm
NC_002937.3,2082654,2092329,9675,sigi_hmm
NC_002937.3,2098260,2106303,8043,sigi_hmm
NC_002937.3,2109863,2116900,7037,sigi_hmm
NC_002937.3,2122572,2128941,6369,sigi_hmm
NC_002937.3,2799302,2806282,6980,sigi_hmm
NC_002937.3,2819718,2831590,11872,sigi_hmm
NC_002937.3,2942313,2949770,7457,sigi_hmm
NC_002937.3,3464004,3469339,5335,sigi_hmm
NC_001263.1,139302,143571,4269,sigi_hmm
NC_001263.1,534930,541438,6508,sigi_hmm
NC_001263.1,1235582,1242036,6454,sigi_hmm
NC_010530.1,124485,128817,4332,sigi_hmm
NC_010530.1,176436,183960,7524,sigi_hmm
NC_010530.1,276453,287721,11268,sigi_hmm
NC_010530.1,470764,476735,5971,sigi_hmm
NC_010530.1,478268,498681,20413,sigi_hmm
NC_010530.1,744006,755291,11285,sigi_hmm
NC_010530.1,1014883,1022613,7730,sigi_hmm
NC_010530.1,1025063,1029405,4342,sigi_hmm
NC_010530.1,1045056,1050246,5190,sigi_hmm
NC_010530.1,1068771,1075713,6942,sigi_hmm
NC_010530.1,1088979,1097380,8401,sigi_hmm
NC_010530.1,1149016,1156513,7497,sigi_hmm
NC_010530.1,1505178,1509448,4270,sigi_hmm
NC_010530.1,1764202,1770491,6289,sigi_hmm
NC_010530.1,1833759,1846574,12815,sigi_hmm
NC_006138.1,189756,195353,5597,sigi_hmm
NC_006138.1,665004,670336,5332,sigi_hmm
NC_006138.1,814238,828532,14294,sigi_hmm
NC_006138.1,1329337,1336204,6867,sigi_hmm
NC_006138.1,1343651,1349443,5792,sigi_hmm
NC_006138.1,1457094,1464762,7668,sigi_hmm
NC_006138.1,1758846,1765861,7015,sigi_hmm
NC_006138.1,2294558,2298967,4409,sigi_hmm
NC_006138.1,2300058,2304781,4723,sigi_hmm
NC_006138.1,2325861,2330632,4771,sigi_hmm
NC_006138.1,2348105,2355103,6998,sigi_hmm
NC_006138.1,2356042,2363133,7091,sigi_hmm
NC_006138.1,2380450,2392101,11651,sigi_hmm
NC_006138.1,2468686,2472833,4147,sigi_hmm
NC_006138.1,2588821,2595584,6763,sigi_hmm
NC_006138.1,2719449,2724491,5042,sigi_hmm
NC_006138.1,2779349,2783466,4117,sigi_hmm
NC_006138.1,2795492,2800050,4558,sigi_hmm
NC_006138.1,3391675,3397114,5439,sigi_hmm
NC_009253.1,400651,405455,4804,sigi_hmm
NC_008751.1,122738,127872,5134,sigi_hmm
NC_008751.1,1049047,1061855,12808,sigi_hmm
NC_008751.1,1079609,1092838,13229,sigi_hmm
NC_008751.1,1769160,1774453,5293,sigi_hmm
NC_008751.1,2784782,2790917,6135,sigi_hmm
NC_008751.1,2993664,3002035,8371,sigi_hmm
NC_008751.1,3004804,3041738,36934,sigi_hmm
NC_008751.1,3218631,3225710,7079,sigi_hmm
NC_007519.1,797768,804903,7135,sigi_hmm
NC_007519.1,918480,922847,4367,sigi_hmm
NC_007519.1,937131,943560,6429,sigi_hmm
NC_007519.1,945183,950631,5448,sigi_hmm
NC_007519.1,954407,958523,4116,sigi_hmm
NC_007519.1,959016,964266,5250,sigi_hmm
NC_007519.1,967741,974604,6863,sigi_hmm
NC_007519.1,980915,984983,4068,sigi_hmm
NC_007519.1,1248495,1255236,6741,sigi_hmm
NC_007519.1,1309096,1319412,10316,sigi_hmm
NC_007519.1,1796162,1803212,7050,sigi_hmm
NC_007519.1,1922234,1931285,9051,sigi_hmm
NC_007519.1,1940504,1944751,4247,sigi_hmm
NC_007519.1,1947618,1952256,4638,sigi_hmm
NC_007519.1,1956049,1961482,5433,sigi_hmm
NC_007519.1,1963105,1967913,4808,sigi_hmm
NC_007519.1,1968287,1977553,9266,sigi_hmm
NC_007519.1,1978039,1988571,10532,sigi_hmm
NC_007519.1,2511559,2516789,5230,sigi_hmm
NC_007519.1,2602740,2609617,6877,sigi_hmm
NC_007519.1,2776921,2785308,8387,sigi_hmm
NC_007519.1,2852952,2898122,45170,sigi_hmm
NC_007519.1,2903508,2908064,4556,sigi_hmm
NC_007519.1,3248345,3253640,5295,sigi_hmm
NC_007519.1,3321832,3326906,5074,sigi_hmm
NC_007519.1,3332671,3337428,4757,sigi_hmm
NC_007519.1,3361901,3368296,6395,sigi_hmm
NC_007519.1,3370884,3378432,7548,sigi_hmm
NC_007519.1,3381706,3395762,14056,sigi_hmm
NC_007519.1,3401148,3405156,4008,sigi_hmm
NC_007519.1,3699623,3703850,4227,sigi_hmm
NC_007776.1,483699,489457,5758,sigi_hmm
NC_010125.1,7082,12762,5680,sigi_hmm
NC_010125.1,387942,392813,4871,sigi_hmm
NC_010125.1,769574,774193,4619,sigi_hmm
NC_010125.1,1062475,1070697,8222,sigi_hmm
NC_010125.1,1578890,1583259,4369,sigi_hmm
NC_010125.1,1584094,1589486,5392,sigi_hmm
NC_010125.1,1605468,1609485,4017,sigi_hmm
NC_010125.1,2177083,2182313,5230,sigi_hmm
NC_010125.1,2299498,2305064,5566,sigi_hmm
NC_010125.1,2497099,2503612,6513,sigi_hmm
NC_010125.1,2816400,2823464,7064,sigi_hmm
NC_010125.1,2906571,2911733,5162,sigi_hmm
NC_010125.1,2928234,2935244,7010,sigi_hmm
NC_010125.1,3090950,3098189,7239,sigi_hmm
NC_010125.1,3513956,3520461,6505,sigi_hmm
NC_002939.4,819967,829048,9081,sigi_hmm
NC_005125.1,189511,194344,4833,sigi_hmm
NC_005125.1,198027,204197,6170,sigi_hmm
NC_005125.1,368398,372821,4423,sigi_hmm
NC_005125.1,1167290,1174000,6710,sigi_hmm
NC_005125.1,1198490,1204192,5702,sigi_hmm
NC_005125.1,1525718,1530582,4864,sigi_hmm
NC_005125.1,2279806,2284198,4392,sigi_hmm
NC_005125.1,2463986,2469453,5467,sigi_hmm
NC_005125.1,2820214,2825106,4892,sigi_hmm
NC_005125.1,2893456,2900012,6556,sigi_hmm
NC_005125.1,2902343,2908446,6103,sigi_hmm
NC_005125.1,3166314,3170907,4593,sigi_hmm
NC_005125.1,3576348,3583638,7290,sigi_hmm
NC_005125.1,3989446,3999377,9931,sigi_hmm
NC_005125.1,4098056,4105396,7340,sigi_hmm
NC_005125.1,4532700,4538226,5526,sigi_hmm
NC_009483.1,200916,208446,7530,sigi_hmm
NC_009483.1,211922,216475,4553,sigi_hmm
NC_009483.1,295857,301490,5633,sigi_hmm
NC_009483.1,1766291,1771061,4770,sigi_hmm
NC_009483.1,2961724,2966759,5035,sigi_hmm
NC_009483.1,3958342,3962935,4593,sigi_hmm
NC_009483.1,4053427,4058282,4855,sigi_hmm
NC_009483.1,4092445,4098282,5837,sigi_hmm
NC_009483.1,4170444,4174979,4535,sigi_hmm
NC_009483.1,4199102,4206712,7610,sigi_hmm
NC_007799.1,38281,47151,8870,sigi_hmm
NC_007799.1,208547,214620,6073,sigi_hmm
NC_007799.1,231601,240220,8619,sigi_hmm
NC_007799.1,339625,346844,7219,sigi_hmm
NC_007799.1,502109,506163,4054,sigi_hmm
NC_007799.1,532032,536918,4886,sigi_hmm
NC_007799.1,671986,676594,4608,sigi_hmm
NC_007799.1,789445,796179,6734,sigi_hmm
NC_007799.1,798754,804358,5604,sigi_hmm
NC_007799.1,849663,856140,6477,sigi_hmm
NC_007799.1,898360,902753,4393,sigi_hmm
NC_007799.1,1026178,1031415,5237,sigi_hmm
NC_007799.1,1167512,1171776,4264,sigi_hmm
NC_007722.1,33987,38116,4129,sigi_hmm
NC_007722.1,176200,185093,8893,sigi_hmm
NC_007722.1,546686,552540,5854,sigi_hmm
NC_007722.1,835458,839720,4262,sigi_hmm
NC_007722.1,859983,864600,4617,sigi_hmm
NC_007722.1,2147481,2151874,4393,sigi_hmm
NC_007722.1,2178719,2185671,6952,sigi_hmm
NC_007722.1,2937805,2941873,4068,sigi_hmm
NC_007722.1,2954876,2959381,4505,sigi_hmm
NC_007722.1,2962829,2980975,18146,sigi_hmm
NC_007722.1,3000005,3006781,6776,sigi_hmm
NC_004668.1,484016,488093,4077,sigi_hmm
NC_004668.1,562902,573031,10129,sigi_hmm
NC_004668.1,1804204,1819745,15541,sigi_hmm
NC_004668.1,1948190,1952420,4230,sigi_hmm
NC_004668.1,2204960,2258320,53360,sigi_hmm
NC_010473.1,123819,130305,6486,sigi_hmm
NC_010473.1,208131,212224,4093,sigi_hmm
NC_010473.1,236656,248445,11789,sigi_hmm
NC_010473.1,253352,272565,19213,sigi_hmm
NC_010473.1,284132,295855,11723,sigi_hmm
NC_010473.1,328452,333684,5232,sigi_hmm
NC_010473.1,500891,524188,23297,sigi_hmm
NC_010473.1,626552,637448,10896,sigi_hmm
NC_010473.1,1140990,1149628,8638,sigi_hmm
NC_010473.1,1251144,1258665,7521,sigi_hmm
NC_010473.1,1349759,1354828,5069,sigi_hmm
NC_010473.1,1356756,1370183,13427,sigi_hmm
NC_010473.1,1391119,1398285,7166,sigi_hmm
NC_010473.1,1510820,1516146,5326,sigi_hmm
NC_010473.1,1614866,1621904,7038,sigi_hmm
NC_010473.1,1668252,1672306,4054,sigi_hmm
NC_010473.1,1675439,1680091,4652,sigi_hmm
NC_010473.1,1723447,1738647,15200,sigi_hmm
NC_010473.1,2125826,2133480,7654,sigi_hmm
NC_010473.1,2145890,2153499,7609,sigi_hmm
NC_010473.1,2154251,2159257,5006,sigi_hmm
NC_010473.1,2190927,2202093,11166,sigi_hmm
NC_010473.1,2472500,2479751,7251,sigi_hmm
NC_010473.1,2556332,2561849,5517,sigi_hmm
NC_010473.1,2570425,2579973,9548,sigi_hmm
NC_010473.1,2648558,2655119,6561,sigi_hmm
NC_010473.1,2847431,2857142,9711,sigi_hmm
NC_010473.1,2862623,2867569,4946,sigi_hmm
NC_010473.1,2969133,2977783,8650,sigi_hmm
NC_010473.1,3079428,3089537,10109,sigi_hmm
NC_010473.1,3281909,3288604,6695,sigi_hmm
NC_010473.1,3456943,3463409,6466,sigi_hmm
NC_010473.1,3892548,3903698,11150,sigi_hmm
NC_010473.1,4572230,4577082,4852,sigi_hmm
NC_010473.1,4596581,4601420,4839,sigi_hmm
NC_010473.1,4603889,4611288,7399,sigi_hmm
NC_010473.1,4633070,4638596,5526,sigi_hmm
NC_008563.1,238973,243067,4094,sigi_hmm
NC_008563.1,264457,271625,7168,sigi_hmm
NC_008563.1,295178,301912,6734,sigi_hmm
NC_008563.1,303266,308816,5550,sigi_hmm
NC_008563.1,322930,330309,7379,sigi_hmm
NC_008563.1,337148,342638,5490,sigi_hmm
NC_008563.1,346254,353092,6838,sigi_hmm
NC_008563.1,942338,946996,4658,sigi_hmm
NC_008563.1,1073410,1079815,6405,sigi_hmm
NC_008563.1,1183703,1189093,5390,sigi_hmm
NC_008563.1,1224679,1233413,8734,sigi_hmm
NC_008563.1,1330934,1339099,8165,sigi_hmm
NC_008563.1,1472559,1476870,4311,sigi_hmm
NC_008563.1,1478423,1486966,8543,sigi_hmm
NC_008563.1,1496270,1504799,8529,sigi_hmm
NC_008563.1,1511910,1519706,7796,sigi_hmm
NC_008563.1,1584798,1589980,5182,sigi_hmm
NC_008563.1,1628169,1632223,4054,sigi_hmm
NC_008563.1,1635361,1645495,10134,sigi_hmm
NC_008563.1,2048927,2054491,5564,sigi_hmm
NC_008563.1,2080232,2085585,5353,sigi_hmm
NC_008563.1,2129278,2134357,5079,sigi_hmm
NC_008563.1,2140861,2150429,9568,sigi_hmm
NC_008563.1,2152251,2157656,5405,sigi_hmm
NC_008563.1,2195479,2200222,4743,sigi_hmm
NC_008563.1,2252521,2257235,4714,sigi_hmm
NC_008563.1,2300914,2306332,5418,sigi_hmm
NC_008563.1,2570223,2584871,14648,sigi_hmm
NC_008563.1,2592839,2600206,7367,sigi_hmm
NC_008563.1,2602924,2608503,5579,sigi_hmm
NC_008563.1,2614443,2623991,9548,sigi_hmm
NC_008563.1,2740535,2755139,14604,sigi_hmm
NC_008563.1,2767327,2774596,7269,sigi_hmm
NC_008563.1,2878082,2884941,6859,sigi_hmm
NC_008563.1,2915071,2922506,7435,sigi_hmm
NC_008563.1,2953901,2958239,4338,sigi_hmm
NC_008563.1,3149801,3155087,5286,sigi_hmm
NC_008563.1,3313919,3319298,5379,sigi_hmm
NC_008563.1,3322709,3329094,6385,sigi_hmm
NC_008563.1,3344416,3351405,6989,sigi_hmm
NC_008563.1,3370161,3379685,9524,sigi_hmm
NC_008563.1,3849163,3858586,9423,sigi_hmm
NC_008563.1,3894691,3898939,4248,sigi_hmm
NC_008563.1,4090318,4096466,6148,sigi_hmm
NC_008563.1,4441373,4445523,4150,sigi_hmm
NC_008563.1,4668244,4672769,4525,sigi_hmm
NC_008563.1,4704808,4710401,5593,sigi_hmm
NC_008563.1,4743291,4754570,11279,sigi_hmm
NC_008563.1,4763708,4770189,6481,sigi_hmm
NC_008563.1,4917576,4926006,8430,sigi_hmm
NC_008563.1,4948211,4954730,6519,sigi_hmm
NC_008563.1,4967505,4971690,4185,sigi_hmm
NC_008563.1,5043500,5048584,5084,sigi_hmm
NC_005295.2,37641,43711,6070,sigi_hmm
NC_005295.2,371039,375386,4347,sigi_hmm
NC_005295.2,386285,397020,10735,sigi_hmm
NC_005295.2,405858,413471,7613,sigi_hmm
NC_005295.2,452753,458433,5680,sigi_hmm
NC_005295.2,533283,540948,7665,sigi_hmm
NC_005295.2,543760,552547,8787,sigi_hmm
NC_005295.2,837890,844509,6619,sigi_hmm
NC_005295.2,1090582,1099665,9083,sigi_hmm
NC_005295.2,1241384,1248126,6742,sigi_hmm
NC_005295.2,1323939,1329204,5265,sigi_hmm
NC_005295.2,1467707,1475524,7817,sigi_hmm
NC_010694.1,8670,18806,10136,sigi_hmm
NC_010694.1,725703,731639,5936,sigi_hmm
NC_010694.1,898327,904941,6614,sigi_hmm
NC_010694.1,1060997,1065235,4238,sigi_hmm
NC_010694.1,1075834,1081208,5374,sigi_hmm
NC_010694.1,1256831,1265265,8434,sigi_hmm
NC_010694.1,1300193,1304372,4179,sigi_hmm
NC_010694.1,1329620,1336118,6498,sigi_hmm
NC_010694.1,2146840,2154386,7546,sigi_hmm
NC_010694.1,2155428,2159611,4183,sigi_hmm
NC_010694.1,2160056,2167577,7521,sigi_hmm
NC_010694.1,2195753,2202696,6943,sigi_hmm
NC_010694.1,2499526,2505036,5510,sigi_hmm
NC_010694.1,2571660,2582062,10402,sigi_hmm
NC_010694.1,2978046,2984632,6586,sigi_hmm
NC_010694.1,3184256,3188717,4461,sigi_hmm
NC_006832.1,18590,24660,6070,sigi_hmm
NC_006832.1,350895,355242,4347,sigi_hmm
NC_006832.1,366141,376876,10735,sigi_hmm
NC_006832.1,385714,393327,7613,sigi_hmm
NC_006832.1,432609,438289,5680,sigi_hmm
NC_006832.1,513141,520806,7665,sigi_hmm
NC_006832.1,523618,532406,8788,sigi_hmm
NC_006832.1,1219478,1226220,6742,sigi_hmm
NC_006832.1,1302026,1307291,5265,sigi_hmm
NC_006832.1,1443418,1449558,6140,sigi_hmm
NC_009800.1,291831,302090,10259,sigi_hmm
NC_009800.1,305919,312147,6228,sigi_hmm
NC_009800.1,320115,341500,21385,sigi_hmm
NC_009800.1,366188,371678,5490,sigi_hmm
NC_009800.1,375293,382898,7605,sigi_hmm
NC_009800.1,1150138,1158922,8784,sigi_hmm
NC_009800.1,1259921,1269570,9649,sigi_hmm
NC_009800.1,1596456,1600510,4054,sigi_hmm
NC_009800.1,1603643,1609283,5640,sigi_hmm
NC_009800.1,1665089,1675155,10066,sigi_hmm
NC_009800.1,2060475,2065612,5137,sigi_hmm
NC_009800.1,2081355,2091931,10576,sigi_hmm
NC_009800.1,2095461,2103069,7608,sigi_hmm
NC_009800.1,2115758,2119793,4035,sigi_hmm
NC_009800.1,2163469,2176357,12888,sigi_hmm
NC_009800.1,2229129,2234571,5442,sigi_hmm
NC_009800.1,2427431,2431535,4104,sigi_hmm
NC_009800.1,2512043,2521591,9548,sigi_hmm
NC_009800.1,2651055,2668518,17463,sigi_hmm
NC_009800.1,2796878,2801225,4347,sigi_hmm
NC_009800.1,2895086,2904452,9366,sigi_hmm
NC_009800.1,3005797,3026302,20505,sigi_hmm
NC_009800.1,3828575,3834723,6148,sigi_hmm
NC_009800.1,4541617,4547636,6019,sigi_hmm
NC_000913.2,149715,156201,6486,sigi_hmm
NC_000913.2,234027,239378,5351,sigi_hmm
NC_000913.2,262374,274341,11967,sigi_hmm
NC_000913.2,279338,297015,17677,sigi_hmm
NC_000913.2,308582,320305,11723,sigi_hmm
NC_000913.2,573960,584856,10896,sigi_hmm
NC_000913.2,1087062,1095069,8007,sigi_hmm
NC_000913.2,1196090,1202447,6357,sigi_hmm
NC_000913.2,1210903,1221471,10568,sigi_hmm
NC_000913.2,1421424,1426750,5326,sigi_hmm
NC_000913.2,1577657,1581983,4326,sigi_hmm
NC_000913.2,1633864,1646365,12501,sigi_hmm
NC_000913.2,2054882,2062491,7609,sigi_hmm
NC_000913.2,2099919,2111085,11166,sigi_hmm
NC_000913.2,2184982,2190818,5836,sigi_hmm
NC_000913.2,2380735,2387986,7251,sigi_hmm
NC_000913.2,2464567,2470144,5577,sigi_hmm
NC_000913.2,2478660,2488208,9548,sigi_hmm
NC_000913.2,2556880,2563354,6474,sigi_hmm
NC_000913.2,2754181,2765377,11196,sigi_hmm
NC_000913.2,2771340,2775804,4464,sigi_hmm
NC_000913.2,2781087,2786671,5584,sigi_hmm
NC_000913.2,2876591,2885241,8650,sigi_hmm
NC_000913.2,3184083,3190859,6776,sigi_hmm
NC_000913.2,3359198,3365664,6466,sigi_hmm
NC_000913.2,3794971,3806121,11150,sigi_hmm
NC_000913.2,4470422,4475274,4852,sigi_hmm
NC_000913.2,4502081,4509480,7399,sigi_hmm
NC_000913.2,4532453,4543052,10599,sigi_hmm
NC_000913.2,4574935,4579485,4550,sigi_hmm
NC_007354.1,26023,30819,4796,sigi_hmm
NC_007354.1,151677,155978,4301,sigi_hmm
NC_007354.1,158034,162148,4114,sigi_hmm
NC_007354.1,327012,332469,5457,sigi_hmm
NC_007354.1,338795,351341,12546,sigi_hmm
NC_007354.1,377146,384648,7502,sigi_hmm
NC_007354.1,388484,393205,4721,sigi_hmm
NC_007354.1,439307,449293,9986,sigi_hmm
NC_007354.1,487980,494100,6120,sigi_hmm
NC_007354.1,566033,572678,6645,sigi_hmm
NC_007354.1,601469,606475,5006,sigi_hmm
NC_007354.1,725639,730752,5113,sigi_hmm
NC_007354.1,758290,762564,4274,sigi_hmm
NC_007354.1,919318,926707,7389,sigi_hmm
NC_007354.1,981708,986661,4953,sigi_hmm
NC_007354.1,1095154,1104102,8948,sigi_hmm
NC_007354.1,1134906,1139916,5010,sigi_hmm
NC_007354.1,1192026,1199185,7159,sigi_hmm
NC_007354.1,1252905,1257385,4480,sigi_hmm
NC_007354.1,1266805,1281903,15098,sigi_hmm
NC_010468.1,86633,92781,6148,sigi_hmm
NC_010468.1,703069,708545,5476,sigi_hmm
NC_010468.1,788190,792878,4688,sigi_hmm
NC_010468.1,924530,933167,8637,sigi_hmm
NC_010468.1,1014123,1018383,4260,sigi_hmm
NC_010468.1,1036180,1047303,11123,sigi_hmm
NC_010468.1,1135932,1141103,5171,sigi_hmm
NC_010468.1,1420897,1430445,9548,sigi_hmm
NC_010468.1,1702201,1708037,5836,sigi_hmm
NC_010468.1,1823065,1835798,12733,sigi_hmm
NC_010468.1,1846408,1851483,5075,sigi_hmm
NC_010468.1,2267993,2286983,18990,sigi_hmm
NC_010468.1,2351424,2357046,5622,sigi_hmm
NC_010468.1,2359907,2364233,4326,sigi_hmm
NC_010468.1,2707171,2714692,7521,sigi_hmm
NC_010468.1,2813885,2821892,8007,sigi_hmm
NC_010468.1,2906406,2912491,6085,sigi_hmm
NC_010468.1,3216264,3220651,4387,sigi_hmm
NC_010468.1,3635960,3640756,4796,sigi_hmm
NC_010468.1,3722286,3727291,5005,sigi_hmm
NC_010468.1,4066582,4075067,8485,sigi_hmm
NC_010468.1,4262336,4274071,11735,sigi_hmm
NC_002695.1,18326,24750,6424,sigi_hmm
NC_002695.1,237577,244012,6435,sigi_hmm
NC_002695.1,300072,315949,15877,sigi_hmm
NC_002695.1,341766,345829,4063,sigi_hmm
NC_002695.1,348573,352597,4024,sigi_hmm
NC_002695.1,358305,362715,4410,sigi_hmm
NC_002695.1,367122,373221,6099,sigi_hmm
NC_002695.1,756929,761575,4646,sigi_hmm
NC_002695.1,892240,903807,11567,sigi_hmm
NC_002695.1,924136,929292,5156,sigi_hmm
NC_002695.1,1127331,1133961,6630,sigi_hmm
NC_002695.1,1165169,1169814,4645,sigi_hmm
NC_002695.1,1245217,1250241,5024,sigi_hmm
NC_002695.1,1251496,1259407,7911,sigi_hmm
NC_002695.1,1260833,1268205,7372,sigi_hmm
NC_002695.1,1330790,1343939,13149,sigi_hmm
NC_002695.1,1368957,1381171,12214,sigi_hmm
NC_002695.1,1383860,1390362,6502,sigi_hmm
NC_002695.1,1421859,1429350,7491,sigi_hmm
NC_002695.1,1439736,1443778,4042,sigi_hmm
NC_002695.1,1575357,1589842,14485,sigi_hmm
NC_002695.1,1621203,1630628,9425,sigi_hmm
NC_002695.1,1761534,1770294,8760,sigi_hmm
NC_002695.1,1800245,1806239,5994,sigi_hmm
NC_002695.1,1809137,1817055,7918,sigi_hmm
NC_002695.1,1926959,1931253,4294,sigi_hmm
NC_002695.1,1933334,1938488,5154,sigi_hmm
NC_002695.1,2100877,2105204,4327,sigi_hmm
NC_002695.1,2108065,2115960,7895,sigi_hmm
NC_002695.1,2593128,2598108,4980,sigi_hmm
NC_002695.1,2665913,2670959,5046,sigi_hmm
NC_002695.1,2726332,2731404,5072,sigi_hmm
NC_002695.1,2776834,2787274,10440,sigi_hmm
NC_002695.1,2862689,2868527,5838,sigi_hmm
NC_002695.1,2924490,2936720,12230,sigi_hmm
NC_002695.1,3193144,3204208,11064,sigi_hmm
NC_002695.1,3208775,3223425,14650,sigi_hmm
NC_002695.1,3486346,3499897,13551,sigi_hmm
NC_002695.1,3505846,3510835,4989,sigi_hmm
NC_002695.1,3709877,3737122,27245,sigi_hmm
NC_002695.1,3857829,3865326,7497,sigi_hmm
NC_002695.1,4543801,4548974,5173,sigi_hmm
NC_002695.1,4588589,4624528,35939,sigi_hmm
NC_002695.1,4686286,4693604,7318,sigi_hmm
NC_002695.1,5048997,5053367,4370,sigi_hmm
NC_002695.1,5327937,5332747,4810,sigi_hmm
NC_002695.1,5350719,5355298,4579,sigi_hmm
NC_002695.1,5359645,5367243,7598,sigi_hmm
NC_002695.1,5390981,5397541,6560,sigi_hmm
NC_002695.1,5434891,5439607,4716,sigi_hmm
NC_010556.1,324841,334266,9425,sigi_hmm
NC_010556.1,1297087,1301736,4649,sigi_hmm
NC_010556.1,2335257,2339442,4185,sigi_hmm
NC_010556.1,2603084,2613102,10018,sigi_hmm
NC_002655.2,18326,24751,6425,sigi_hmm
NC_002655.2,237578,244013,6435,sigi_hmm
NC_002655.2,300073,315950,15877,sigi_hmm
NC_002655.2,322025,326246,4221,sigi_hmm
NC_002655.2,341767,345830,4063,sigi_hmm
NC_002655.2,348575,352759,4184,sigi_hmm
NC_002655.2,358308,362718,4410,sigi_hmm
NC_002655.2,367125,373223,6098,sigi_hmm
NC_002655.2,756710,761356,4646,sigi_hmm
NC_002655.2,892845,905295,12450,sigi_hmm
NC_002655.2,925787,930943,5156,sigi_hmm
NC_002655.2,1058795,1069767,10972,sigi_hmm
NC_002655.2,1072481,1078278,5797,sigi_hmm
NC_002655.2,1108760,1117272,8512,sigi_hmm
NC_002655.2,1254393,1258900,4507,sigi_hmm
NC_002655.2,1338496,1344351,5855,sigi_hmm
NC_002655.2,1347651,1353530,5879,sigi_hmm
NC_002655.2,1414562,1427711,13149,sigi_hmm
NC_002655.2,1454402,1465374,10972,sigi_hmm
NC_002655.2,1468088,1473885,5797,sigi_hmm
NC_002655.2,1504367,1512879,8512,sigi_hmm
NC_002655.2,1660546,1673485,12939,sigi_hmm
NC_002655.2,1705548,1714603,9055,sigi_hmm
NC_002655.2,1741797,1746874,5077,sigi_hmm
NC_002655.2,1853473,1858076,4603,sigi_hmm
NC_002655.2,1973409,1980407,6998,sigi_hmm
NC_002655.2,1983268,1987595,4327,sigi_hmm
NC_002655.2,2146736,2154359,7623,sigi_hmm
NC_002655.2,2270098,2278040,7942,sigi_hmm
NC_002655.2,2280634,2286932,6298,sigi_hmm
NC_002655.2,2668339,2672829,4490,sigi_hmm
NC_002655.2,2708333,2712476,4143,sigi_hmm
NC_002655.2,2741128,2746317,5189,sigi_hmm
NC_002655.2,2790411,2799167,8756,sigi_hmm
NC_002655.2,2802696,2807768,5072,sigi_hmm
NC_002655.2,2847048,2857488,10440,sigi_hmm
NC_002655.2,2933340,2938758,5418,sigi_hmm
NC_002655.2,2995754,3008359,12605,sigi_hmm
NC_002655.2,3263064,3274167,11103,sigi_hmm
NC_002655.2,3287334,3293384,6050,sigi_hmm
NC_002655.2,3553836,3558610,4774,sigi_hmm
NC_002655.2,3559338,3567187,7849,sigi_hmm
NC_002655.2,3572539,3578125,5586,sigi_hmm
NC_002655.2,3777176,3804427,27251,sigi_hmm
NC_002655.2,3924862,3932639,7777,sigi_hmm
NC_002655.2,4612784,4617957,5173,sigi_hmm
NC_002655.2,4658240,4692545,34305,sigi_hmm
NC_002655.2,4755267,4762016,6749,sigi_hmm
NC_002655.2,5199943,5204446,4503,sigi_hmm
NC_002655.2,5358036,5362750,4714,sigi_hmm
NC_002655.2,5380722,5385301,4579,sigi_hmm
NC_002655.2,5389648,5397246,7598,sigi_hmm
NC_002655.2,5420489,5427544,7055,sigi_hmm
NC_002655.2,5464884,5469600,4716,sigi_hmm
NC_008253.1,238317,243251,4934,sigi_hmm
NC_008253.1,263804,270972,7168,sigi_hmm
NC_008253.1,301428,313170,11742,sigi_hmm
NC_008253.1,330479,339026,8547,sigi_hmm
NC_008253.1,342066,351055,8989,sigi_hmm
NC_008253.1,359668,363924,4256,sigi_hmm
NC_008253.1,378039,385417,7378,sigi_hmm
NC_008253.1,392253,397743,5490,sigi_hmm
NC_008253.1,401189,408194,7005,sigi_hmm
NC_008253.1,1080203,1088340,8137,sigi_hmm
NC_008253.1,1235677,1242755,7078,sigi_hmm
NC_008253.1,1498503,1504488,5985,sigi_hmm
NC_008253.1,1542066,1546393,4327,sigi_hmm
NC_008253.1,1756437,1762054,5617,sigi_hmm
NC_008253.1,1946169,1966326,20157,sigi_hmm
NC_008253.1,1966955,1970980,4025,sigi_hmm
NC_008253.1,2073594,2080872,7278,sigi_hmm
NC_008253.1,2088872,2093645,4773,sigi_hmm
NC_008253.1,2141235,2150521,9286,sigi_hmm
NC_008253.1,2202754,2207469,4715,sigi_hmm
NC_008253.1,2227456,2233294,5838,sigi_hmm
NC_008253.1,2504073,2513621,9548,sigi_hmm
NC_008253.1,2729362,2733881,4519,sigi_hmm
NC_008253.1,2834899,2849725,14826,sigi_hmm
NC_008253.1,2889019,2899991,10972,sigi_hmm
NC_008253.1,2972904,2978133,5229,sigi_hmm
NC_008253.1,3128357,3134254,5897,sigi_hmm
NC_008253.1,3147160,3157216,10056,sigi_hmm
NC_008253.1,3163449,3168438,4989,sigi_hmm
NC_008253.1,3184216,3197909,13693,sigi_hmm
NC_008253.1,3670112,3679538,9426,sigi_hmm
NC_008253.1,3903464,3909612,6148,sigi_hmm
NC_008253.1,3948173,3955068,6895,sigi_hmm
NC_008253.1,3958381,3987241,28860,sigi_hmm
NC_008253.1,3992418,4001511,9093,sigi_hmm
NC_008253.1,4003655,4009678,6023,sigi_hmm
NC_008253.1,4331765,4335912,4147,sigi_hmm
NC_008253.1,4745087,4750210,5123,sigi_hmm
NC_008253.1,4752850,4781047,28197,sigi_hmm
NC_008253.1,4794562,4798579,4017,sigi_hmm
NC_008253.1,4824756,4830089,5333,sigi_hmm
NC_008253.1,4841845,4850267,8422,sigi_hmm
NC_008253.1,4871883,4876399,4516,sigi_hmm
NC_009778.1,265948,277291,11343,sigi_hmm
NC_009778.1,571545,579479,7934,sigi_hmm
NC_009778.1,595508,603739,8231,sigi_hmm
NC_009778.1,967688,973294,5606,sigi_hmm
NC_009778.1,1076055,1081628,5573,sigi_hmm
NC_009778.1,1150997,1159894,8897,sigi_hmm
NC_009778.1,1563753,1569793,6040,sigi_hmm
NC_009778.1,1584144,1588557,4413,sigi_hmm
NC_009778.1,1720535,1726008,5473,sigi_hmm
NC_009778.1,1729071,1736279,7208,sigi_hmm
NC_009778.1,1963699,1968098,4399,sigi_hmm
NC_009778.1,2258819,2263737,4918,sigi_hmm
NC_009778.1,2694978,2701447,6469,sigi_hmm
NC_009778.1,2776059,2780110,4051,sigi_hmm
NC_009778.1,2963034,2967422,4388,sigi_hmm
NC_009778.1,2973942,2979088,5146,sigi_hmm
NC_009778.1,2983624,2988452,4828,sigi_hmm
NC_009778.1,3011527,3017664,6137,sigi_hmm
NC_009778.1,3372505,3377556,5051,sigi_hmm
NC_009778.1,4035405,4044233,8828,sigi_hmm
NC_009778.1,4194006,4198216,4210,sigi_hmm
NC_009778.1,4209979,4217688,7709,sigi_hmm
NC_004431.1,245650,250564,4914,sigi_hmm
NC_004431.1,268880,273530,4650,sigi_hmm
NC_004431.1,287365,305020,17655,sigi_hmm
NC_004431.1,330391,340773,10382,sigi_hmm
NC_004431.1,388835,393247,4412,sigi_hmm
NC_004431.1,400086,404495,4409,sigi_hmm
NC_004431.1,409190,415022,5832,sigi_hmm
NC_004431.1,1121018,1136269,15251,sigi_hmm
NC_004431.1,1168463,1190101,21638,sigi_hmm
NC_004431.1,1193363,1198136,4773,sigi_hmm
NC_004431.1,1219723,1225279,5556,sigi_hmm
NC_004431.1,1233320,1239935,6615,sigi_hmm
NC_004431.1,1331937,1339112,7175,sigi_hmm
NC_004431.1,1408460,1413858,5398,sigi_hmm
NC_004431.1,1452493,1458327,5834,sigi_hmm
NC_004431.1,1714907,1727437,12530,sigi_hmm
NC_004431.1,1765305,1769632,4327,sigi_hmm
NC_004431.1,1772498,1783475,10977,sigi_hmm
NC_004431.1,1795894,1802345,6451,sigi_hmm
NC_004431.1,1997614,2002124,4510,sigi_hmm
NC_004431.1,2193014,2213170,20156,sigi_hmm
NC_004431.1,2213797,2217821,4024,sigi_hmm
NC_004431.1,2314524,2319355,4831,sigi_hmm
NC_004431.1,2320804,2330164,9360,sigi_hmm
NC_004431.1,2331944,2339100,7156,sigi_hmm
NC_004431.1,2391027,2400331,9304,sigi_hmm
NC_004431.1,2452221,2456936,4715,sigi_hmm
NC_004431.1,2478052,2484182,6130,sigi_hmm
NC_004431.1,2763026,2772574,9548,sigi_hmm
NC_004431.1,3020745,3026897,6152,sigi_hmm
NC_004431.1,3248464,3255067,6603,sigi_hmm
NC_004431.1,3413218,3432897,19679,sigi_hmm
NC_004431.1,3454615,3460642,6027,sigi_hmm
NC_004431.1,3469679,3480615,10936,sigi_hmm
NC_004431.1,3520204,3528519,8315,sigi_hmm
NC_004431.1,3990197,3999624,9427,sigi_hmm
NC_004431.1,4229992,4236140,6148,sigi_hmm
NC_004431.1,4274702,4284084,9382,sigi_hmm
NC_004431.1,4294099,4305537,11438,sigi_hmm
NC_004431.1,4652055,4656205,4150,sigi_hmm
NC_004431.1,4738830,4745310,6480,sigi_hmm
NC_004431.1,5122193,5139760,17567,sigi_hmm
NC_004431.1,5162553,5167150,4597,sigi_hmm
NC_009801.1,19588,24008,4420,sigi_hmm
NC_009801.1,151132,157753,6621,sigi_hmm
NC_009801.1,332874,337974,5100,sigi_hmm
NC_009801.1,342246,347736,5490,sigi_hmm
NC_009801.1,593119,599393,6274,sigi_hmm
NC_009801.1,832204,837054,4850,sigi_hmm
NC_009801.1,845942,850460,4518,sigi_hmm
NC_009801.1,998188,1004039,5851,sigi_hmm
NC_009801.1,1162363,1173499,11136,sigi_hmm
NC_009801.1,1303367,1310870,7503,sigi_hmm
NC_009801.1,1399430,1410006,10576,sigi_hmm
NC_009801.1,1425368,1431506,6138,sigi_hmm
NC_009801.1,1689469,1693523,4054,sigi_hmm
NC_009801.1,1704475,1710249,5774,sigi_hmm
NC_009801.1,1760967,1774505,13538,sigi_hmm
NC_009801.1,2170841,2185913,15072,sigi_hmm
NC_009801.1,2196342,2206544,10202,sigi_hmm
NC_009328.1,2185270,2191614,6344,sigi_hmm
NC_009328.1,2392437,2396819,4382,sigi_hmm
NC_009328.1,2815431,2821090,5659,sigi_hmm
NC_009328.1,2945333,2951266,5933,sigi_hmm
NC_009328.1,3245044,3266466,21422,sigi_hmm
NC_009328.1,3330853,3338722,7869,sigi_hmm
NC_009328.1,3367026,3374542,7516,sigi_hmm
NC_006510.1,171770,176003,4233,sigi_hmm
NC_006510.1,331436,339851,8415,sigi_hmm
NC_006510.1,434051,438251,4200,sigi_hmm
NC_006510.1,538154,547287,9133,sigi_hmm
NC_006510.1,547771,558442,10671,sigi_hmm
NC_006510.1,562303,578240,15937,sigi_hmm
NC_006510.1,598127,603019,4892,sigi_hmm
NC_006510.1,604869,614643,9774,sigi_hmm
NC_006510.1,615235,628182,12947,sigi_hmm
NC_006510.1,753849,761779,7930,sigi_hmm
NC_006510.1,889984,908071,18087,sigi_hmm
NC_006510.1,912222,917245,5023,sigi_hmm
NC_006510.1,918589,923057,4468,sigi_hmm
NC_006510.1,1019616,1026989,7373,sigi_hmm
NC_006510.1,1033818,1041903,8085,sigi_hmm
NC_006510.1,1404581,1418195,13614,sigi_hmm
NC_006510.1,1452378,1461796,9418,sigi_hmm
NC_006510.1,1507176,1511807,4631,sigi_hmm
NC_006510.1,1739924,1757717,17793,sigi_hmm
NC_006510.1,1999092,2008822,9730,sigi_hmm
NC_006510.1,2051152,2056437,5285,sigi_hmm
NC_006510.1,2058546,2066832,8286,sigi_hmm
NC_006510.1,2127052,2131931,4879,sigi_hmm
NC_006510.1,2185266,2192973,7707,sigi_hmm
NC_006510.1,2783976,2790928,6952,sigi_hmm
NC_006510.1,2919678,2924445,4767,sigi_hmm
NC_006510.1,2931510,2940323,8813,sigi_hmm
NC_006510.1,3139399,3154545,15146,sigi_hmm
NC_006510.1,3330613,3336998,6385,sigi_hmm
NC_006510.1,3349516,3356371,6855,sigi_hmm
NC_006510.1,3359123,3365826,6703,sigi_hmm
NC_009664.1,873486,878123,4637,sigi_hmm
NC_009664.1,1106111,1118101,11990,sigi_hmm
NC_009664.1,1811324,1815508,4184,sigi_hmm
NC_009664.1,2296593,2303016,6423,sigi_hmm
NC_009664.1,2310030,2314222,4192,sigi_hmm
NC_009664.1,2315398,2323808,8410,sigi_hmm
NC_009664.1,2331474,2356794,25320,sigi_hmm
NC_009664.1,2357369,2369076,11707,sigi_hmm
NC_009664.1,2369749,2378577,8828,sigi_hmm
NC_009664.1,2387892,2392578,4686,sigi_hmm
NC_009664.1,2395111,2405906,10795,sigi_hmm
NC_009664.1,2414754,2428718,13964,sigi_hmm
NC_009664.1,2434958,2451046,16088,sigi_hmm
NC_009664.1,2452929,2498838,45909,sigi_hmm
NC_009664.1,2503114,2511238,8124,sigi_hmm
NC_009664.1,2517575,2528704,11129,sigi_hmm
NC_009664.1,2533997,2540217,6220,sigi_hmm
NC_009664.1,2542127,2546220,4093,sigi_hmm
NC_009664.1,2551950,2558492,6542,sigi_hmm
NC_009664.1,2562767,2568484,5717,sigi_hmm
NC_009664.1,2572579,2596248,23669,sigi_hmm
NC_009664.1,2599102,2608951,9849,sigi_hmm
NC_009664.1,2611602,2622363,10761,sigi_hmm
NC_009664.1,2628773,2639926,11153,sigi_hmm
NC_009664.1,2642440,2656251,13811,sigi_hmm
NC_009664.1,2665501,2669861,4360,sigi_hmm
NC_009664.1,2672870,2679441,6571,sigi_hmm
NC_009664.1,2684268,2698106,13838,sigi_hmm
NC_009664.1,2700933,2719078,18145,sigi_hmm
NC_009664.1,2736237,2740664,4427,sigi_hmm
NC_009664.1,2751952,2757582,5630,sigi_hmm
NC_009664.1,2844591,2855799,11208,sigi_hmm
NC_009664.1,2920763,2925137,4374,sigi_hmm
NC_009664.1,3092588,3101276,8688,sigi_hmm
NC_009664.1,3809625,3815268,5643,sigi_hmm
NC_009664.1,3819055,3835914,16859,sigi_hmm
NC_009664.1,4589484,4626755,37271,sigi_hmm
NC_008343.1,99477,104037,4560,sigi_hmm
NC_008343.1,1255764,1262026,6262,sigi_hmm
NC_008343.1,1290488,1295486,4998,sigi_hmm
NC_008343.1,1478639,1482855,4216,sigi_hmm
NC_008343.1,1554938,1570057,15119,sigi_hmm
NC_008343.1,1706726,1710968,4242,sigi_hmm
NC_008343.1,1755718,1759914,4196,sigi_hmm
NC_008343.1,2001143,2006493,5350,sigi_hmm
NC_008343.1,2010164,2015732,5568,sigi_hmm
NC_008343.1,2396972,2401910,4938,sigi_hmm
NC_006677.1,444657,452162,7505,sigi_hmm
NC_006677.1,1058552,1062574,4022,sigi_hmm
NC_006677.1,1437716,1443993,6277,sigi_hmm
NC_006677.1,1615601,1634381,18780,sigi_hmm
NC_006677.1,1645189,1654139,8950,sigi_hmm
NC_006677.1,2538135,2542260,4125,sigi_hmm
NC_006677.1,2650344,2655077,4733,sigi_hmm
NC_006677.1,2670124,2674435,4311,sigi_hmm
NC_007777.1,161702,168481,6779,sigi_hmm
NC_007777.1,467350,473318,5968,sigi_hmm
NC_007777.1,1163651,1167672,4021,sigi_hmm
NC_007777.1,1173722,1177960,4238,sigi_hmm
NC_007777.1,1307436,1317100,9664,sigi_hmm
NC_007777.1,2159649,2166155,6506,sigi_hmm
NC_007777.1,2183538,2188004,4466,sigi_hmm
NC_007777.1,2463636,2470350,6714,sigi_hmm
NC_007777.1,2752459,2761171,8712,sigi_hmm
NC_007777.1,3917675,3924305,6630,sigi_hmm
NC_007777.1,3960904,3975429,14525,sigi_hmm
NC_007777.1,4602665,4617088,14423,sigi_hmm
NC_007777.1,4802257,4807908,5651,sigi_hmm
NC_007777.1,5092992,5100290,7298,sigi_hmm
NC_008278.1,500263,505808,5545,sigi_hmm
NC_008278.1,511192,521865,10673,sigi_hmm
NC_008278.1,618643,623847,5204,sigi_hmm
NC_008278.1,1480817,1490650,9833,sigi_hmm
NC_008278.1,2435421,2439970,4549,sigi_hmm
NC_008278.1,3966699,3971538,4839,sigi_hmm
NC_008278.1,4040672,4045694,5022,sigi_hmm
NC_008278.1,4656773,4660978,4205,sigi_hmm
NC_008278.1,5086687,5093763,7076,sigi_hmm
NC_008278.1,5405803,5413265,7462,sigi_hmm
NC_008278.1,5422895,5428982,6087,sigi_hmm
NC_008278.1,5887289,5892348,5059,sigi_hmm
NC_008278.1,6890751,6896563,5812,sigi_hmm
NC_008571.1,948692,972992,24300,sigi_hmm
NC_008571.1,987007,993352,6345,sigi_hmm
NC_008571.1,1639904,1645476,5572,sigi_hmm
NC_010376.1,777457,788164,10707,sigi_hmm
NC_010376.1,800334,806465,6131,sigi_hmm
NC_010376.1,994598,998937,4339,sigi_hmm
NC_010376.1,1018957,1024436,5479,sigi_hmm
NC_010376.1,1550912,1571194,20282,sigi_hmm
NC_009921.1,81495,85521,4026,sigi_hmm
NC_009921.1,576413,585370,8957,sigi_hmm
NC_009921.1,603227,610772,7545,sigi_hmm
NC_009921.1,1654784,1659003,4219,sigi_hmm
NC_009921.1,1743476,1753077,9601,sigi_hmm
NC_009921.1,1821706,1827245,5539,sigi_hmm
NC_009921.1,1828206,1833715,5509,sigi_hmm
NC_009921.1,2577147,2587519,10372,sigi_hmm
NC_009921.1,3040581,3047131,6550,sigi_hmm
NC_009921.1,3091493,3096141,4648,sigi_hmm
NC_009921.1,3119420,3127354,7934,sigi_hmm
NC_009921.1,3129238,3136457,7219,sigi_hmm
NC_009921.1,3137656,3142972,5316,sigi_hmm
NC_009921.1,3149300,3154701,5401,sigi_hmm
NC_009921.1,3163143,3169362,6219,sigi_hmm
NC_009921.1,3225078,3231706,6628,sigi_hmm
NC_009921.1,3316962,3322731,5769,sigi_hmm
NC_009921.1,3333362,3340585,7223,sigi_hmm
NC_009921.1,3516807,3522335,5528,sigi_hmm
NC_009921.1,3624376,3629491,5115,sigi_hmm
NC_009921.1,3678759,3687554,8795,sigi_hmm
NC_009921.1,3730055,3737108,7053,sigi_hmm
NC_009921.1,4042777,4048907,6130,sigi_hmm
NC_009921.1,4053138,4059475,6337,sigi_hmm
NC_009921.1,4180786,4185982,5196,sigi_hmm
NC_009921.1,4965224,4970233,5009,sigi_hmm
NC_009921.1,5283936,5289510,5574,sigi_hmm
NC_009921.1,5297867,5304886,7019,sigi_hmm
NC_009921.1,5375350,5381580,6230,sigi_hmm
NC_009921.1,5637928,5642537,4609,sigi_hmm
NC_009921.1,6424617,6432943,8326,sigi_hmm
NC_009921.1,6970688,6977760,7072,sigi_hmm
NC_009921.1,7668721,7675467,6746,sigi_hmm
NC_009921.1,7677440,7681795,4355,sigi_hmm
NC_009921.1,7735916,7739995,4079,sigi_hmm
NC_009921.1,8221282,8225533,4251,sigi_hmm
NC_009921.1,8240669,8248133,7464,sigi_hmm
NC_009921.1,8253492,8261045,7553,sigi_hmm
NC_009921.1,8559905,8569156,9251,sigi_hmm
NC_009921.1,8616628,8626598,9970,sigi_hmm
NC_010336.1,835039,840317,5278,sigi_hmm
NC_006087.1,2297404,2308111,10707,sigi_hmm
NC_006087.1,2310623,2326146,15523,sigi_hmm
NC_006087.1,2332827,2344244,11417,sigi_hmm
NC_006087.1,2448950,2454900,5950,sigi_hmm
NC_006087.1,2475239,2483993,8754,sigi_hmm
NC_006087.1,2529645,2535262,5617,sigi_hmm
NC_009659.1,6002,12232,6230,sigi_hmm
NC_009659.1,548709,554457,5748,sigi_hmm
NC_009659.1,899966,916939,16973,sigi_hmm
NC_009659.1,1008381,1018094,9713,sigi_hmm
NC_009659.1,1024201,1040287,16086,sigi_hmm
NC_009659.1,1068110,1095984,27874,sigi_hmm
NC_009659.1,1099318,1129114,29796,sigi_hmm
NC_009659.1,1131876,1166244,34368,sigi_hmm
NC_009659.1,1934211,1939404,5193,sigi_hmm
NC_009659.1,1953763,1960795,7032,sigi_hmm
NC_009659.1,1964171,1977409,13238,sigi_hmm
NC_009659.1,1981383,1987749,6366,sigi_hmm
NC_009659.1,1989977,2012686,22709,sigi_hmm
NC_009659.1,2464838,2473214,8376,sigi_hmm
NC_009659.1,2486037,2494754,8717,sigi_hmm
NC_009659.1,2495398,2501487,6089,sigi_hmm
NC_009659.1,2529557,2558202,28645,sigi_hmm
NC_009659.1,2856143,2864186,8043,sigi_hmm
NC_009659.1,3035712,3063300,27588,sigi_hmm
NC_009659.1,3068960,3073154,4194,sigi_hmm
NC_009659.1,3085229,3090303,5074,sigi_hmm
NC_009659.1,3102180,3148765,46585,sigi_hmm
NC_009659.1,3390963,3408014,17051,sigi_hmm
NC_009659.1,3423201,3433686,10485,sigi_hmm
NC_009659.1,3526291,3542951,16660,sigi_hmm
NC_009659.1,3822095,3841936,19841,sigi_hmm
NC_009494.1,2066984,2071608,4624,sigi_hmm
NC_009648.1,300128,310323,10195,sigi_hmm
NC_009648.1,845712,853441,7729,sigi_hmm
NC_009648.1,1128620,1141523,12903,sigi_hmm
NC_009648.1,1495318,1505147,9829,sigi_hmm
NC_009648.1,1542683,1546743,4060,sigi_hmm
NC_009648.1,1559689,1565367,5678,sigi_hmm
NC_009648.1,1590369,1600957,10588,sigi_hmm
NC_009648.1,1919242,1926211,6969,sigi_hmm
NC_009648.1,2258183,2270214,12031,sigi_hmm
NC_009648.1,2472065,2483139,11074,sigi_hmm
NC_009648.1,2707176,2715596,8420,sigi_hmm
NC_009648.1,2728512,2744094,15582,sigi_hmm
NC_009648.1,3233876,3243980,10104,sigi_hmm
NC_009648.1,3254111,3258867,4756,sigi_hmm
NC_009648.1,3482649,3487138,4489,sigi_hmm
NC_009648.1,4505094,4512537,7443,sigi_hmm
NC_009648.1,4947271,4951533,4262,sigi_hmm
NC_009648.1,4964971,4969251,4280,sigi_hmm
NC_009648.1,5127990,5133360,5370,sigi_hmm
NC_009648.1,5135357,5139593,4236,sigi_hmm
NC_009648.1,5144603,5157768,13165,sigi_hmm
NC_009648.1,5160711,5168511,7800,sigi_hmm
NC_007929.1,469804,478420,8616,sigi_hmm
NC_007929.1,1465187,1469799,4612,sigi_hmm
NC_007929.1,1635996,1642755,6759,sigi_hmm
NC_002607.1,26201,33628,7427,sigi_hmm
NC_002607.1,41880,50251,8371,sigi_hmm
NC_002607.1,53192,61625,8433,sigi_hmm
NC_002607.1,175115,184965,9850,sigi_hmm
NC_002607.1,749392,755481,6089,sigi_hmm
NC_002607.1,802721,814280,11559,sigi_hmm
NC_002607.1,1183163,1188937,5774,sigi_hmm
NC_002607.1,1229492,1233823,4331,sigi_hmm
NC_010364.1,24892,33589,8697,sigi_hmm
NC_010364.1,53584,62712,9128,sigi_hmm
NC_010364.1,87749,93015,5266,sigi_hmm
NC_010364.1,794710,805371,10661,sigi_hmm
NC_009567.1,760653,765433,4780,sigi_hmm
NC_009567.1,905817,909925,4108,sigi_hmm
NC_009567.1,915925,922346,6421,sigi_hmm
NC_008789.1,362017,366885,4868,sigi_hmm
NC_008789.1,476741,481681,4940,sigi_hmm
NC_008789.1,843209,847587,4378,sigi_hmm
NC_008789.1,859583,869855,10272,sigi_hmm
NC_008789.1,874134,881257,7123,sigi_hmm
NC_008789.1,1245700,1250713,5013,sigi_hmm
NC_008789.1,1263352,1268446,5094,sigi_hmm
NC_008789.1,1399392,1408447,9055,sigi_hmm
NC_008789.1,1657636,1663984,6348,sigi_hmm
NC_008789.1,1675936,1680207,4271,sigi_hmm
NC_008789.1,1701411,1714083,12672,sigi_hmm
NC_008212.1,1356235,1360770,4535,sigi_hmm
NC_008212.1,2602766,2611371,8605,sigi_hmm
NC_010519.1,253301,258962,5661,sigi_hmm
NC_010519.1,750853,759193,8340,sigi_hmm
NC_010519.1,1005832,1011908,6076,sigi_hmm
NC_010519.1,1248725,1255376,6651,sigi_hmm
NC_010519.1,1924840,1930090,5250,sigi_hmm
NC_010519.1,1971086,1978072,6986,sigi_hmm
NC_007146.2,124468,129992,5524,sigi_hmm
NC_007146.2,137493,145404,7911,sigi_hmm
NC_007146.2,1410367,1420197,9830,sigi_hmm
NC_007146.2,1455309,1459523,4214,sigi_hmm
NC_006512.1,574314,578409,4095,sigi_hmm
NC_006512.1,585407,591355,5948,sigi_hmm
NC_006512.1,688506,693517,5011,sigi_hmm
NC_006512.1,736168,740726,4558,sigi_hmm
NC_006512.1,2796676,2807127,10451,sigi_hmm
NC_006396.1,887770,899403,11633,sigi_hmm
NC_006396.1,1302957,1307290,4333,sigi_hmm
NC_006396.1,1416928,1421842,4914,sigi_hmm
NC_006396.1,1635741,1641091,5350,sigi_hmm
NC_006396.1,2126270,2133479,7209,sigi_hmm
NC_010337.1,23655,39891,16236,sigi_hmm
NC_010337.1,41408,46816,5408,sigi_hmm
NC_010337.1,106366,113795,7429,sigi_hmm
NC_010337.1,153053,163874,10821,sigi_hmm
NC_010337.1,200622,208765,8143,sigi_hmm
NC_010337.1,533427,538109,4682,sigi_hmm
NC_010337.1,572450,580115,7665,sigi_hmm
NC_010337.1,598127,605287,7160,sigi_hmm
NC_010337.1,624990,633050,8060,sigi_hmm
NC_010337.1,636440,644130,7690,sigi_hmm
NC_010337.1,762596,766750,4154,sigi_hmm
NC_010337.1,800453,805076,4623,sigi_hmm
NC_010337.1,810917,845991,35074,sigi_hmm
NC_010337.1,1058407,1064809,6402,sigi_hmm
NC_010337.1,1196407,1203524,7117,sigi_hmm
NC_010337.1,1580420,1584672,4252,sigi_hmm
NC_010337.1,1659651,1663761,4110,sigi_hmm
NC_010337.1,2330612,2335056,4444,sigi_hmm
NC_010337.1,2342951,2351184,8233,sigi_hmm
NC_010337.1,2496272,2500353,4081,sigi_hmm
NC_010337.1,2798968,2823849,24881,sigi_hmm
NC_010337.1,2827062,2832753,5691,sigi_hmm
NC_010337.1,2837705,2845314,7609,sigi_hmm
NC_010337.1,2852999,2883036,30037,sigi_hmm
NC_010337.1,2900219,2905254,5035,sigi_hmm
NC_009138.1,6021,10657,4636,sigi_hmm
NC_009138.1,396560,401067,4507,sigi_hmm
NC_009138.1,483820,489034,5214,sigi_hmm
NC_009138.1,496590,503789,7199,sigi_hmm
NC_009138.1,505558,513173,7615,sigi_hmm
NC_009138.1,545732,552069,6337,sigi_hmm
NC_009138.1,678847,701623,22776,sigi_hmm
NC_009138.1,783104,789128,6024,sigi_hmm
NC_009138.1,1146877,1165347,18470,sigi_hmm
NC_009138.1,1522967,1531580,8613,sigi_hmm
NC_009138.1,1534078,1538768,4690,sigi_hmm
NC_009138.1,1550853,1564800,13947,sigi_hmm
NC_009138.1,1583154,1588962,5808,sigi_hmm
NC_009138.1,1850378,1864220,13842,sigi_hmm
NC_009138.1,1874785,1879773,4988,sigi_hmm
NC_009138.1,1978021,2002608,24587,sigi_hmm
NC_009138.1,2003141,2053253,50112,sigi_hmm
NC_009138.1,2056815,2065912,9097,sigi_hmm
NC_009138.1,2114394,2123253,8859,sigi_hmm
NC_009138.1,2200314,2211752,11438,sigi_hmm
NC_009138.1,2213620,2219895,6275,sigi_hmm
NC_009138.1,2247022,2254272,7250,sigi_hmm
NC_009138.1,2988196,2997585,9389,sigi_hmm
NC_009138.1,2999887,3005626,5739,sigi_hmm
NC_009138.1,3157945,3167093,9148,sigi_hmm
NC_009138.1,3167690,3172913,5223,sigi_hmm
NC_009138.1,3178113,3189000,10887,sigi_hmm
NC_008358.1,270096,282572,12476,sigi_hmm
NC_008358.1,804078,824136,20058,sigi_hmm
NC_008358.1,1629582,1634987,5405,sigi_hmm
NC_008358.1,1765486,1771559,6073,sigi_hmm
NC_008358.1,1813991,1818073,4082,sigi_hmm
NC_008358.1,2582416,2589486,7070,sigi_hmm
NC_008358.1,2597382,2601476,4094,sigi_hmm
NC_008358.1,2644967,2654236,9269,sigi_hmm
NC_008358.1,2663793,2673138,9345,sigi_hmm
NC_008358.1,2676631,2688124,11493,sigi_hmm
NC_008358.1,2698858,2709830,10972,sigi_hmm
NC_007645.1,522056,526484,4428,sigi_hmm
NC_007645.1,612490,616533,4043,sigi_hmm
NC_007645.1,623902,628742,4840,sigi_hmm
NC_007645.1,1044310,1049033,4723,sigi_hmm
NC_007645.1,1051129,1058291,7162,sigi_hmm
NC_007645.1,1176147,1180572,4425,sigi_hmm
NC_007645.1,1242681,1255649,12968,sigi_hmm
NC_007645.1,1586181,1593253,7072,sigi_hmm
NC_007645.1,1904567,1909704,5137,sigi_hmm
NC_007645.1,2056421,2060810,4389,sigi_hmm
NC_007645.1,2257617,2264385,6768,sigi_hmm
NC_007645.1,2300166,2310168,10002,sigi_hmm
NC_007645.1,2323496,2331784,8288,sigi_hmm
NC_007645.1,2416329,2420681,4352,sigi_hmm
NC_007645.1,2430025,2466781,36756,sigi_hmm
NC_007645.1,2785353,2818000,32647,sigi_hmm
NC_007645.1,2819300,2823511,4211,sigi_hmm
NC_007645.1,2860615,2864898,4283,sigi_hmm
NC_007645.1,2957577,2961595,4018,sigi_hmm
NC_007645.1,2986095,2990277,4182,sigi_hmm
NC_007645.1,3016509,3021447,4938,sigi_hmm
NC_007645.1,3234861,3240320,5459,sigi_hmm
NC_007645.1,3350388,3355692,5304,sigi_hmm
NC_007645.1,3419324,3423800,4476,sigi_hmm
NC_007645.1,3441513,3445743,4230,sigi_hmm
NC_007645.1,3489393,3494227,4834,sigi_hmm
NC_007645.1,3597228,3602652,5424,sigi_hmm
NC_007645.1,3644516,3648756,4240,sigi_hmm
NC_007645.1,3762737,3767003,4266,sigi_hmm
NC_007645.1,3899090,3911006,11916,sigi_hmm
NC_007645.1,3946977,3953585,6608,sigi_hmm
NC_007645.1,4037377,4044978,7601,sigi_hmm
NC_007645.1,4220536,4229918,9382,sigi_hmm
NC_007645.1,4362435,4369913,7478,sigi_hmm
NC_007645.1,4431656,4435814,4158,sigi_hmm
NC_007645.1,4657786,4663318,5532,sigi_hmm
NC_007645.1,4686268,4690268,4000,sigi_hmm
NC_007645.1,5166608,5178652,12044,sigi_hmm
NC_007645.1,5405928,5422838,16910,sigi_hmm
NC_007645.1,5603344,5607675,4331,sigi_hmm
NC_007645.1,5728754,5738424,9670,sigi_hmm
NC_007645.1,5746438,5759202,12764,sigi_hmm
NC_007645.1,5806792,5812580,5788,sigi_hmm
NC_007645.1,5815629,5838869,23240,sigi_hmm
NC_007645.1,6030992,6043985,12993,sigi_hmm
NC_007645.1,6056993,6066170,9177,sigi_hmm
NC_007645.1,6104404,6109399,4995,sigi_hmm
NC_007645.1,6363699,6376059,12360,sigi_hmm
NC_007645.1,6414451,6423492,9041,sigi_hmm
NC_007645.1,6464756,6475914,11158,sigi_hmm
NC_007645.1,6505813,6519969,14156,sigi_hmm
NC_007645.1,6521056,6536202,15146,sigi_hmm
NC_007645.1,6654122,6661045,6923,sigi_hmm
NC_007645.1,6662979,6668292,5313,sigi_hmm
NC_007645.1,6832776,6837143,4367,sigi_hmm
NC_007645.1,6863387,6868903,5516,sigi_hmm
NC_007645.1,6961542,6969039,7497,sigi_hmm
NC_007645.1,7146098,7174876,28778,sigi_hmm
NC_007645.1,7185015,7193045,8030,sigi_hmm
NC_000907.1,1559375,1572524,13149,sigi_hmm
NC_002940.2,72188,77547,5359,sigi_hmm
NC_002940.2,78392,106940,28548,sigi_hmm
NC_002940.2,382227,387834,5607,sigi_hmm
NC_010814.1,297200,304547,7347,sigi_hmm
NC_007802.1,190266,195741,5475,sigi_hmm
NC_007802.1,228933,235324,6391,sigi_hmm
NC_007802.1,1500936,1512640,11704,sigi_hmm
NC_007802.1,2000394,2011969,11575,sigi_hmm
NC_007802.1,2032742,2039976,7234,sigi_hmm
NC_007802.1,3257164,3268777,11613,sigi_hmm
NC_007802.1,3605094,3612037,6943,sigi_hmm
NC_007802.1,4282936,4287195,4259,sigi_hmm
NC_010677.1,174285,180142,5857,sigi_hmm
NC_006570.1,1074366,1078634,4268,sigi_hmm
NC_009257.1,1282205,1286478,4273,sigi_hmm
NC_008601.1,10936,15027,4091,sigi_hmm
NC_008245.1,1074317,1078585,4268,sigi_hmm
NC_009328.1,325166,332528,7362,sigi_hmm
NC_009328.1,345012,350066,5054,sigi_hmm
NC_009328.1,454348,461896,7548,sigi_hmm
NC_009328.1,481491,487740,6249,sigi_hmm
NC_009328.1,819933,828380,8447,sigi_hmm
NC_009328.1,1681035,1686959,5924,sigi_hmm
NC_009328.1,1705092,1710583,5491,sigi_hmm
NC_009328.1,2087576,2094469,6893,sigi_hmm
NC_009328.1,2108406,2119414,11008,sigi_hmm
NC_009328.1,2175365,2182422,7057,sigi_hmm
NC_008530.1,1460512,1480308,19796,sigi_hmm
NC_008529.1,201886,210179,8293,sigi_hmm
NC_008529.1,273855,277995,4140,sigi_hmm
NC_008529.1,893334,902611,9277,sigi_hmm
NC_008529.1,923490,927946,4456,sigi_hmm
NC_008529.1,956807,966084,9277,sigi_hmm
NC_008529.1,1047502,1056514,9012,sigi_hmm
NC_008529.1,1524104,1534129,10025,sigi_hmm
NC_008529.1,1643071,1647933,4862,sigi_hmm
NC_008529.1,1677904,1685829,7925,sigi_hmm
NC_008529.1,1772323,1780591,8268,sigi_hmm
NC_010610.1,112240,120266,8026,sigi_hmm
NC_010610.1,295677,301009,5332,sigi_hmm
NC_010610.1,548986,552998,4012,sigi_hmm
NC_010610.1,759458,763780,4322,sigi_hmm
NC_010610.1,772764,788515,15751,sigi_hmm
NC_010610.1,797298,807726,10428,sigi_hmm
NC_010610.1,809208,814797,5589,sigi_hmm
NC_010610.1,818216,825367,7151,sigi_hmm
NC_010610.1,913832,926087,12255,sigi_hmm
NC_010610.1,1205042,1215677,10635,sigi_hmm
NC_010610.1,1329904,1334775,4871,sigi_hmm
NC_010610.1,1392253,1404645,12392,sigi_hmm
NC_010610.1,1600832,1606037,5205,sigi_hmm
NC_010610.1,1612346,1618173,5827,sigi_hmm
NC_010610.1,1653814,1665119,11305,sigi_hmm
NC_010610.1,1778874,1784108,5234,sigi_hmm
NC_010610.1,2026178,2038500,12322,sigi_hmm
NC_002973.6,478648,483152,4504,sigi_hmm
NC_008527.1,2116658,2122826,6168,sigi_hmm
NC_006814.3,533869,538053,4184,sigi_hmm
NC_008497.1,1129774,1135543,5769,sigi_hmm
NC_008497.1,2222214,2226458,4244,sigi_hmm
NC_009004.1,32974,42474,9500,sigi_hmm
NC_009004.1,208580,212853,4273,sigi_hmm
NC_009004.1,607574,612519,4945,sigi_hmm
NC_009004.1,700636,705078,4442,sigi_hmm
NC_009004.1,2212625,2217363,4738,sigi_hmm
NC_009004.1,2486091,2491949,5858,sigi_hmm
NC_010999.1,575637,579808,4171,sigi_hmm
NC_010999.1,1249868,1255981,6113,sigi_hmm
NC_010999.1,1386868,1392552,5684,sigi_hmm
NC_010999.1,2843539,2848942,5403,sigi_hmm
NC_008526.1,80916,87134,6218,sigi_hmm
NC_008526.1,502541,507096,4555,sigi_hmm
NC_008526.1,581096,585526,4430,sigi_hmm
NC_008526.1,1508567,1513058,4491,sigi_hmm
NC_008526.1,1934784,1939211,4427,sigi_hmm
NC_008526.1,1942070,1949351,7281,sigi_hmm
NC_010617.1,60484,65786,5302,sigi_hmm
NC_010617.1,98729,105474,6745,sigi_hmm
NC_010617.1,274022,278038,4016,sigi_hmm
NC_010617.1,280198,284686,4488,sigi_hmm
NC_010617.1,562709,576202,13493,sigi_hmm
NC_010617.1,782767,815185,32418,sigi_hmm
NC_010617.1,999068,1004782,5714,sigi_hmm
NC_010617.1,1404645,1417544,12899,sigi_hmm
NC_010617.1,1474684,1478781,4097,sigi_hmm
NC_010617.1,1916599,1921822,5223,sigi_hmm
NC_010617.1,2635004,2640769,5765,sigi_hmm
NC_010609.1,496429,502242,5813,sigi_hmm
NC_010609.1,1152942,1158041,5099,sigi_hmm
NC_006368.1,1214119,1218525,4406,sigi_hmm
NC_006087.1,37296,46373,9077,sigi_hmm
NC_006087.1,244342,251945,7603,sigi_hmm
NC_006087.1,375552,389849,14297,sigi_hmm
NC_006087.1,393751,406765,13014,sigi_hmm
NC_006087.1,431664,436079,4415,sigi_hmm
NC_006087.1,771331,776277,4946,sigi_hmm
NC_006087.1,780192,790989,10797,sigi_hmm
NC_006087.1,894890,901701,6811,sigi_hmm
NC_006087.1,961837,967813,5976,sigi_hmm
NC_006087.1,1341013,1354501,13488,sigi_hmm
NC_006087.1,1425682,1453436,27754,sigi_hmm
NC_006087.1,1489552,1498827,9275,sigi_hmm
NC_006087.1,2103050,2109691,6641,sigi_hmm
NC_009077.1,1581912,1587500,5588,sigi_hmm
NC_009077.1,1691607,1720554,28947,sigi_hmm
NC_009077.1,1735704,1774607,38903,sigi_hmm
NC_009077.1,2320493,2327925,7432,sigi_hmm
NC_009077.1,2331280,2370853,39573,sigi_hmm
NC_009077.1,2623962,2628311,4349,sigi_hmm
NC_009077.1,2773489,2777531,4042,sigi_hmm
NC_009077.1,3334677,3366228,31551,sigi_hmm
NC_009077.1,3381947,3392026,10079,sigi_hmm
NC_009077.1,3856316,3868470,12154,sigi_hmm
NC_009077.1,4347950,4353803,5853,sigi_hmm
NC_009077.1,4397703,4402290,4587,sigi_hmm
NC_009077.1,4415300,4419689,4389,sigi_hmm
NC_009077.1,4428076,4432247,4171,sigi_hmm
NC_009077.1,4437360,4443537,6177,sigi_hmm
NC_009077.1,4661839,4669553,7714,sigi_hmm
NC_009077.1,4675945,4693454,17509,sigi_hmm
NC_009077.1,4695857,4717367,21510,sigi_hmm
NC_009077.1,4721593,4732422,10829,sigi_hmm
NC_009077.1,4738466,4744419,5953,sigi_hmm
NC_009077.1,4747922,4771391,23469,sigi_hmm
NC_009077.1,4777793,4801183,23390,sigi_hmm
NC_009077.1,4815749,4826420,10671,sigi_hmm
NC_009077.1,5291507,5303257,11750,sigi_hmm
NC_002942.5,683868,688331,4463,sigi_hmm
NC_006369.1,739021,762780,23759,sigi_hmm
NC_010842.1,2257491,2327610,70119,sigi_hmm
NC_010842.1,2335347,2342432,7085,sigi_hmm
NC_008555.1,56894,61405,4511,sigi_hmm
NC_008555.1,855437,860787,5350,sigi_hmm
NC_010602.1,2257395,2322224,64829,sigi_hmm
NC_010524.1,837820,842449,4629,sigi_hmm
NC_002662.1,35516,41670,6154,sigi_hmm
NC_003212.1,1630221,1635084,4863,sigi_hmm
NC_009338.1,289390,293684,4294,sigi_hmm
NC_009338.1,552089,556768,4679,sigi_hmm
NC_009338.1,558536,591576,33040,sigi_hmm
NC_009338.1,594931,607670,12739,sigi_hmm
NC_009338.1,610720,624559,13839,sigi_hmm
NC_009338.1,632117,668195,36078,sigi_hmm
NC_009338.1,686932,698533,11601,sigi_hmm
NC_009338.1,699901,712750,12849,sigi_hmm
NC_009338.1,779642,787033,7391,sigi_hmm
NC_009338.1,828560,833741,5181,sigi_hmm
NC_009338.1,920033,949300,29267,sigi_hmm
NC_009338.1,957537,969070,11533,sigi_hmm
NC_009338.1,2050493,2067626,17133,sigi_hmm
NC_009338.1,2932568,2944120,11552,sigi_hmm
NC_009338.1,2950561,2967874,17313,sigi_hmm
NC_009338.1,2983509,3008418,24909,sigi_hmm
NC_009338.1,3032638,3038597,5959,sigi_hmm
NC_009338.1,3043231,3048709,5478,sigi_hmm
NC_009338.1,3199938,3207215,7277,sigi_hmm
NC_009338.1,3210423,3217693,7270,sigi_hmm
NC_009338.1,3362320,3386975,24655,sigi_hmm
NC_009338.1,3404646,3410292,5646,sigi_hmm
NC_009338.1,3412453,3425524,13071,sigi_hmm
NC_009338.1,3837209,3841516,4307,sigi_hmm
NC_009338.1,4873604,4884149,10545,sigi_hmm
NC_009338.1,4885612,4891366,5754,sigi_hmm
NC_009338.1,4894328,4908375,14047,sigi_hmm
NC_009338.1,4918195,4925551,7356,sigi_hmm
NC_009338.1,4926705,4941434,14729,sigi_hmm
NC_009338.1,4943570,4947805,4235,sigi_hmm
NC_009338.1,5058065,5087085,29020,sigi_hmm
NC_009338.1,5167293,5174596,7303,sigi_hmm
NC_009338.1,5543962,5551810,7848,sigi_hmm
NC_007576.1,140791,146589,5798,sigi_hmm
NC_007576.1,1478855,1485599,6744,sigi_hmm
NC_008054.1,209229,218328,9099,sigi_hmm
NC_008054.1,223501,228405,4904,sigi_hmm
NC_008054.1,936052,940485,4433,sigi_hmm
NC_008054.1,944951,949384,4433,sigi_hmm
NC_008054.1,1035035,1042008,6973,sigi_hmm
NC_008054.1,1046535,1051410,4875,sigi_hmm
NC_008054.1,1201220,1206936,5716,sigi_hmm
NC_008054.1,1508502,1517441,8939,sigi_hmm
NC_008054.1,1628711,1632756,4045,sigi_hmm
NC_008054.1,1657684,1661955,4271,sigi_hmm
NC_008054.1,1663852,1669647,5795,sigi_hmm
NC_008054.1,1770654,1775742,5088,sigi_hmm
NC_008054.1,1821436,1828001,6565,sigi_hmm
NC_010080.1,51693,59694,8001,sigi_hmm
NC_010080.1,557783,562269,4486,sigi_hmm
NC_010080.1,1765778,1771148,5370,sigi_hmm
NC_010080.1,1943423,1952475,9052,sigi_hmm
NC_009513.1,1112544,1118340,5796,sigi_hmm
NC_008705.1,3092737,3096905,4168,sigi_hmm
NC_008705.1,3211232,3217672,6440,sigi_hmm
NC_008705.1,3317284,3321831,4547,sigi_hmm
NC_008705.1,3389083,3420721,31638,sigi_hmm
NC_008705.1,3436435,3446514,10079,sigi_hmm
NC_008705.1,3755962,3760330,4368,sigi_hmm
NC_008705.1,3776634,3781806,5172,sigi_hmm
NC_008705.1,4494258,4501073,6815,sigi_hmm
NC_008705.1,4980962,4989674,8712,sigi_hmm
NC_008705.1,5150756,5163281,12525,sigi_hmm
NC_008508.1,1482319,1487721,5402,sigi_hmm
NC_008508.1,2580056,2586220,6164,sigi_hmm
NC_008510.1,1440462,1445864,5402,sigi_hmm
NC_009077.1,880181,892014,11833,sigi_hmm
NC_009077.1,896113,911553,15440,sigi_hmm
NC_009077.1,1034833,1053250,18417,sigi_hmm
NC_009077.1,1523046,1527446,4400,sigi_hmm
NC_009077.1,1529682,1534917,5235,sigi_hmm
NC_008146.1,27053,44809,17756,sigi_hmm
NC_008146.1,865640,912610,46970,sigi_hmm
NC_008146.1,1020372,1048984,28612,sigi_hmm
NC_008146.1,1449628,1455457,5829,sigi_hmm
NC_008146.1,1541329,1553334,12005,sigi_hmm
NC_008146.1,1558179,1579875,21696,sigi_hmm
NC_008146.1,1582211,1599430,17219,sigi_hmm
NC_008146.1,1601766,1613318,11552,sigi_hmm
NC_008146.1,1753226,1781784,28558,sigi_hmm
NC_008146.1,1797210,1825484,28274,sigi_hmm
NC_008146.1,1826898,1837854,10956,sigi_hmm
NC_008146.1,1840231,1845473,5242,sigi_hmm
NC_008146.1,2621944,2626290,4346,sigi_hmm
NC_008146.1,2750783,2762824,12041,sigi_hmm
NC_008146.1,2780707,2784749,4042,sigi_hmm
NC_008146.1,3074849,3079017,4168,sigi_hmm
NC_008146.1,3289002,3293549,4547,sigi_hmm
NC_008146.1,3360801,3392439,31638,sigi_hmm
NC_008146.1,3408153,3418232,10079,sigi_hmm
NC_008146.1,3742428,3747324,4896,sigi_hmm
NC_008146.1,4465594,4472409,6815,sigi_hmm
NC_008146.1,4941822,4952016,10194,sigi_hmm
NC_008146.1,5111630,5124198,12568,sigi_hmm
NC_008705.1,32968,52149,19181,sigi_hmm
NC_008705.1,872944,921339,48395,sigi_hmm
NC_008705.1,933468,937818,4350,sigi_hmm
NC_008705.1,1026178,1054718,28540,sigi_hmm
NC_008705.1,1453936,1459765,5829,sigi_hmm
NC_008705.1,1545637,1557642,12005,sigi_hmm
NC_008705.1,1562487,1584183,21696,sigi_hmm
NC_008705.1,1586519,1605237,18718,sigi_hmm
NC_008705.1,1607423,1617477,10054,sigi_hmm
NC_008705.1,1757380,1785940,28560,sigi_hmm
NC_008705.1,1800243,1820181,19938,sigi_hmm
NC_008705.1,1824391,1843423,19032,sigi_hmm
NC_008705.1,1845800,1856838,11038,sigi_hmm
NC_008705.1,1859215,1863606,4391,sigi_hmm
NC_008705.1,2639832,2644178,4346,sigi_hmm
NC_008705.1,2768671,2780712,12041,sigi_hmm
NC_008705.1,2798595,2802637,4042,sigi_hmm
NC_002678.2,433823,451196,17373,sigi_hmm
NC_002678.2,778710,785098,6388,sigi_hmm
NC_002678.2,931870,938900,7030,sigi_hmm
NC_002678.2,1605044,1610595,5551,sigi_hmm
NC_002678.2,1841378,1845418,4040,sigi_hmm
NC_002678.2,3219870,3225993,6123,sigi_hmm
NC_002678.2,3230341,3234363,4022,sigi_hmm
NC_002678.2,3705162,3738010,32848,sigi_hmm
NC_002678.2,3743790,3750803,7013,sigi_hmm
NC_002678.2,4639531,4644614,5083,sigi_hmm
NC_002678.2,4663518,4669435,5917,sigi_hmm
NC_002678.2,4676760,4686709,9949,sigi_hmm
NC_002678.2,4754450,4761138,6688,sigi_hmm
NC_002678.2,4787786,4792236,4450,sigi_hmm
NC_002678.2,4802704,4814740,12036,sigi_hmm
NC_002678.2,4829458,4833724,4266,sigi_hmm
NC_002678.2,4862685,4870672,7987,sigi_hmm
NC_002678.2,4893612,4901505,7893,sigi_hmm
NC_002678.2,4907364,4914271,6907,sigi_hmm
NC_002678.2,4916631,4922300,5669,sigi_hmm
NC_002678.2,4927945,4935177,7232,sigi_hmm
NC_002678.2,4995727,5003426,7699,sigi_hmm
NC_002678.2,5025176,5037207,12031,sigi_hmm
NC_002678.2,5064786,5080426,15640,sigi_hmm
NC_002678.2,5095327,5099604,4277,sigi_hmm
NC_002678.2,5107466,5116666,9200,sigi_hmm
NC_002678.2,5147407,5168644,21237,sigi_hmm
NC_002678.2,5473274,5477747,4473,sigi_hmm
NC_002678.2,5516227,5520818,4591,sigi_hmm
NC_002678.2,5815239,5820767,5528,sigi_hmm
NC_002678.2,6066830,6073757,6927,sigi_hmm
NC_002678.2,6235926,6247633,11707,sigi_hmm
NC_002678.2,6579187,6593002,13815,sigi_hmm
NC_002678.2,6617716,6625888,8172,sigi_hmm
NC_002678.2,6665104,6671218,6114,sigi_hmm
NC_002678.2,6672154,6676221,4067,sigi_hmm
NC_002678.2,6744706,6749000,4294,sigi_hmm
NC_002678.2,7011051,7018495,7444,sigi_hmm
NC_008726.1,94167,101167,7000,sigi_hmm
NC_008726.1,353530,359479,5949,sigi_hmm
NC_008726.1,502131,515036,12905,sigi_hmm
NC_008726.1,527886,532326,4440,sigi_hmm
NC_008726.1,560562,590294,29732,sigi_hmm
NC_008726.1,1147620,1159357,11737,sigi_hmm
NC_008726.1,1163893,1168912,5019,sigi_hmm
NC_008726.1,1179366,1187189,7823,sigi_hmm
NC_008726.1,1537760,1545043,7283,sigi_hmm
NC_008726.1,1782909,1793542,10633,sigi_hmm
NC_008726.1,1796380,1808916,12536,sigi_hmm
NC_008726.1,3436323,3447087,10764,sigi_hmm
NC_008726.1,3462936,3470201,7265,sigi_hmm
NC_008726.1,3471942,3478341,6399,sigi_hmm
NC_008726.1,3865057,3870601,5544,sigi_hmm
NC_008726.1,3877628,3891916,14288,sigi_hmm
NC_008726.1,3893358,3900078,6720,sigi_hmm
NC_008726.1,3925502,3930967,5465,sigi_hmm
NC_008726.1,3949047,3960127,11080,sigi_hmm
NC_008726.1,3974436,3980027,5591,sigi_hmm
NC_008726.1,3982550,3988402,5852,sigi_hmm
NC_008726.1,4045286,4049349,4063,sigi_hmm
NC_008726.1,4678657,4685876,7219,sigi_hmm
NC_008726.1,5048230,5052889,4659,sigi_hmm
NC_008726.1,6325633,6330291,4658,sigi_hmm
NC_008726.1,6341351,6350106,8755,sigi_hmm
NC_008726.1,6352596,6371524,18928,sigi_hmm
NC_008726.1,6396585,6410928,14343,sigi_hmm
NC_008726.1,6424955,6431948,6993,sigi_hmm
NC_008595.1,483932,488134,4202,sigi_hmm
NC_008595.1,665979,675725,9746,sigi_hmm
NC_008595.1,1356146,1360918,4772,sigi_hmm
NC_008595.1,1426421,1430440,4019,sigi_hmm
NC_008595.1,1436159,1446976,10817,sigi_hmm
NC_008595.1,1801703,1805910,4207,sigi_hmm
NC_008595.1,1809699,1816301,6602,sigi_hmm
NC_008595.1,1823660,1831906,8246,sigi_hmm
NC_008595.1,1878666,1884543,5877,sigi_hmm
NC_008595.1,1919399,1927530,8131,sigi_hmm
NC_008595.1,1956188,1961917,5729,sigi_hmm
NC_008595.1,2228526,2233265,4739,sigi_hmm
NC_008595.1,2257897,2270418,12521,sigi_hmm
NC_008595.1,2438129,2445303,7174,sigi_hmm
NC_008595.1,2559817,2583641,23824,sigi_hmm
NC_008595.1,2639752,2645183,5431,sigi_hmm
NC_008595.1,2689097,2703539,14442,sigi_hmm
NC_008595.1,2708730,2713220,4490,sigi_hmm
NC_008595.1,2958388,2963811,5423,sigi_hmm
NC_008595.1,3215464,3219550,4086,sigi_hmm
NC_008595.1,3668967,3674393,5426,sigi_hmm
NC_008595.1,3919180,3924789,5609,sigi_hmm
NC_008595.1,3934801,3939322,4521,sigi_hmm
NC_008595.1,5173587,5181192,7605,sigi_hmm
NC_008595.1,5190268,5224206,33938,sigi_hmm
NC_008595.1,5232452,5249990,17538,sigi_hmm
NC_009654.1,4535086,4545770,10684,sigi_hmm
NC_009654.1,4606952,4611706,4754,sigi_hmm
NC_007626.1,79233,84972,5739,sigi_hmm
NC_007626.1,103864,110596,6732,sigi_hmm
NC_007626.1,129461,134868,5407,sigi_hmm
NC_007626.1,429860,434728,4868,sigi_hmm
NC_007626.1,437227,442701,5474,sigi_hmm
NC_007626.1,445749,450922,5173,sigi_hmm
NC_007626.1,513201,520784,7583,sigi_hmm
NC_007626.1,692731,713076,20345,sigi_hmm
NC_007626.1,966628,987225,20597,sigi_hmm
NC_007626.1,990870,995318,4448,sigi_hmm
NC_007626.1,996526,1001691,5165,sigi_hmm
NC_007626.1,1005493,1011287,5794,sigi_hmm
NC_007626.1,1045951,1059847,13896,sigi_hmm
NC_007626.1,1088888,1105993,17105,sigi_hmm
NC_007626.1,1125607,1133997,8390,sigi_hmm
NC_007626.1,1137857,1142909,5052,sigi_hmm
NC_007626.1,1144085,1152745,8660,sigi_hmm
NC_007626.1,1153959,1158292,4333,sigi_hmm
NC_007626.1,1207028,1216011,8983,sigi_hmm
NC_007626.1,1639936,1646199,6263,sigi_hmm
NC_007626.1,1759681,1773397,13716,sigi_hmm
NC_007626.1,1828854,1844508,15654,sigi_hmm
NC_007626.1,1845640,1850168,4528,sigi_hmm
NC_007626.1,1876433,1882113,5680,sigi_hmm
NC_007626.1,2210431,2219078,8647,sigi_hmm
NC_007626.1,2219969,2259068,39099,sigi_hmm
NC_007626.1,2292412,2301548,9136,sigi_hmm
NC_007626.1,2363669,2372224,8555,sigi_hmm
NC_007626.1,2375378,2392891,17513,sigi_hmm
NC_007626.1,2908412,2913728,5316,sigi_hmm
NC_007626.1,3404654,3408656,4002,sigi_hmm
NC_007626.1,3411735,3432440,20705,sigi_hmm
NC_007626.1,3441398,3449434,8036,sigi_hmm
NC_007626.1,3516115,3524526,8411,sigi_hmm
NC_007626.1,3527849,3538230,10381,sigi_hmm
NC_007626.1,3554543,3558668,4125,sigi_hmm
NC_007626.1,3569887,3574168,4281,sigi_hmm
NC_007626.1,3581103,3586724,5621,sigi_hmm
NC_007626.1,3588609,3601542,12933,sigi_hmm
NC_007626.1,3607921,3629275,21354,sigi_hmm
NC_007626.1,3998800,4011791,12991,sigi_hmm
NC_007626.1,4024212,4029233,5021,sigi_hmm
NC_007626.1,4045573,4056583,11010,sigi_hmm
NC_007626.1,4062807,4068084,5277,sigi_hmm
NC_007626.1,4134973,4160386,25413,sigi_hmm
NC_007626.1,4693154,4703830,10676,sigi_hmm
NC_007626.1,4838253,4843295,5042,sigi_hmm
NC_007626.1,4931864,4940380,8516,sigi_hmm
NC_010397.1,244648,249819,5171,sigi_hmm
NC_010397.1,1813579,1827871,14292,sigi_hmm
NC_010397.1,2039304,2043583,4279,sigi_hmm
NC_010397.1,4536836,4542077,5241,sigi_hmm
NC_010397.1,4922237,4928914,6677,sigi_hmm
NC_010397.1,4972497,4977275,4778,sigi_hmm
NC_010397.1,4993930,5002644,8714,sigi_hmm
NC_002678.2,340927,346442,5515,sigi_hmm
NC_002678.2,347894,362795,14901,sigi_hmm
NC_008942.1,882949,890410,7461,sigi_hmm
NC_008942.1,920835,928056,7221,sigi_hmm
NC_008942.1,954444,958608,4164,sigi_hmm
NC_008942.1,965925,971385,5460,sigi_hmm
NC_008942.1,1217394,1223328,5934,sigi_hmm
NC_008942.1,1456434,1464235,7801,sigi_hmm
NC_008942.1,1503748,1508040,4292,sigi_hmm
NC_008942.1,1629051,1637302,8251,sigi_hmm
NC_008942.1,1713544,1721631,8087,sigi_hmm
NC_008942.1,1774759,1780173,5414,sigi_hmm
NC_000916.1,48369,52565,4196,sigi_hmm
NC_000916.1,267523,274639,7116,sigi_hmm
NC_009515.1,1542731,1548648,5917,sigi_hmm
NC_009515.1,1701038,1706667,5629,sigi_hmm
NC_007955.1,145426,153963,8537,sigi_hmm
NC_007955.1,562442,566927,4485,sigi_hmm
NC_007955.1,746891,753409,6518,sigi_hmm
NC_007955.1,1203460,1211125,7665,sigi_hmm
NC_007955.1,2126380,2132604,6224,sigi_hmm
NC_007955.1,2342162,2346625,4463,sigi_hmm
NC_009051.1,173298,182014,8716,sigi_hmm
NC_009051.1,673697,679382,5685,sigi_hmm
NC_009051.1,1462805,1469174,6369,sigi_hmm
NC_009051.1,1595688,1600950,5262,sigi_hmm
NC_006300.1,68693,74039,5346,sigi_hmm
NC_006300.1,958654,962782,4128,sigi_hmm
NC_006300.1,1983066,1989030,5964,sigi_hmm
NC_008347.1,181006,191043,10037,sigi_hmm
NC_008347.1,193545,231874,38329,sigi_hmm
NC_008347.1,1645814,1650176,4362,sigi_hmm
NC_008347.1,2520230,2534700,14470,sigi_hmm
NC_008347.1,2536263,2555404,19141,sigi_hmm
NC_008347.1,2658674,2663463,4789,sigi_hmm
NC_008347.1,2680576,2700523,19947,sigi_hmm
NC_008347.1,3042867,3047218,4351,sigi_hmm
NC_008254.1,109069,116521,7452,sigi_hmm
NC_008254.1,2448286,2452814,4528,sigi_hmm
NC_008254.1,3164940,3171388,6448,sigi_hmm
NC_008740.1,50374,56221,5847,sigi_hmm
NC_008740.1,227446,232341,4895,sigi_hmm
NC_008740.1,264079,269650,5571,sigi_hmm
NC_008740.1,449958,458135,8177,sigi_hmm
NC_008740.1,459112,463726,4614,sigi_hmm
NC_008740.1,495638,507020,11382,sigi_hmm
NC_008740.1,708906,713434,4528,sigi_hmm
NC_008740.1,715702,725531,9829,sigi_hmm
NC_008740.1,882231,888255,6024,sigi_hmm
NC_008740.1,987284,991392,4108,sigi_hmm
NC_008740.1,1009097,1016829,7732,sigi_hmm
NC_008740.1,1227433,1232586,5153,sigi_hmm
NC_008740.1,1414366,1430985,16619,sigi_hmm
NC_008740.1,1494862,1501504,6642,sigi_hmm
NC_008740.1,1821412,1826010,4598,sigi_hmm
NC_008740.1,1831711,1855945,24234,sigi_hmm
NC_008740.1,2526927,2531016,4089,sigi_hmm
NC_008740.1,2568913,2582515,13602,sigi_hmm
NC_008740.1,2933996,2948634,14638,sigi_hmm
NC_008740.1,2995828,3000043,4215,sigi_hmm
NC_008740.1,3268162,3272875,4713,sigi_hmm
NC_008740.1,3317851,3325994,8143,sigi_hmm
NC_008740.1,3526894,3531450,4556,sigi_hmm
NC_008740.1,3547114,3555939,8825,sigi_hmm
NC_008740.1,3591691,3596249,4558,sigi_hmm
NC_008740.1,3754432,3760512,6080,sigi_hmm
NC_008740.1,4115385,4123506,8121,sigi_hmm
NC_008740.1,4270325,4282500,12175,sigi_hmm
NC_002944.2,874167,889452,15285,sigi_hmm
NC_002944.2,1293453,1300659,7206,sigi_hmm
NC_002944.2,1785511,1792508,6997,sigi_hmm
NC_002944.2,1878436,1884293,5857,sigi_hmm
NC_002944.2,1889230,1893345,4115,sigi_hmm
NC_002944.2,2378957,2387471,8514,sigi_hmm
NC_002944.2,2776953,2781283,4330,sigi_hmm
NC_002944.2,2836950,2841672,4722,sigi_hmm
NC_002944.2,3090218,3101220,11002,sigi_hmm
NC_002944.2,3297661,3301803,4142,sigi_hmm
NC_002944.2,4151698,4163377,11679,sigi_hmm
NC_002944.2,4178173,4186441,8268,sigi_hmm
NC_002944.2,4189503,4213330,23827,sigi_hmm
NC_002944.2,4213842,4220100,6258,sigi_hmm
NC_002944.2,4260850,4267747,6897,sigi_hmm
NC_002944.2,4800932,4805076,4144,sigi_hmm
NC_009654.1,326809,332298,5489,sigi_hmm
NC_009654.1,644432,649435,5003,sigi_hmm
NC_009654.1,772216,777084,4868,sigi_hmm
NC_009654.1,1198739,1204298,5559,sigi_hmm
NC_009654.1,2043395,2050781,7386,sigi_hmm
NC_009654.1,2178718,2184823,6105,sigi_hmm
NC_009654.1,2568181,2572840,4659,sigi_hmm
NC_009654.1,2644821,2650590,5769,sigi_hmm
NC_009654.1,2723318,2730546,7228,sigi_hmm
NC_009654.1,3240533,3245109,4576,sigi_hmm
NC_009654.1,3258714,3268247,9533,sigi_hmm
NC_009654.1,3699675,3706268,6593,sigi_hmm
NC_009654.1,4269564,4273781,4217,sigi_hmm
NC_009654.1,4509521,4513816,4295,sigi_hmm
NC_010511.1,7400036,7421150,21114,sigi_hmm
NC_010511.1,7557845,7568756,10911,sigi_hmm
NC_010511.1,7571218,7579660,8442,sigi_hmm
NC_010511.1,7584780,7589424,4644,sigi_hmm
NC_010511.1,7593345,7605795,12450,sigi_hmm
NC_010511.1,7612197,7616702,4505,sigi_hmm
NC_010505.1,199181,203216,4035,sigi_hmm
NC_010505.1,411508,420789,9281,sigi_hmm
NC_010505.1,476464,480705,4241,sigi_hmm
NC_010505.1,1221888,1231014,9126,sigi_hmm
NC_010505.1,1269812,1284853,15041,sigi_hmm
NC_010505.1,1291057,1297241,6184,sigi_hmm
NC_010505.1,2119291,2124549,5258,sigi_hmm
NC_010505.1,2662463,2667211,4748,sigi_hmm
NC_010505.1,2706851,2712115,5264,sigi_hmm
NC_010505.1,2719444,2724180,4736,sigi_hmm
NC_010505.1,4251204,4263231,12027,sigi_hmm
NC_010505.1,4405093,4411278,6185,sigi_hmm
NC_010505.1,4413808,4432968,19160,sigi_hmm
NC_010505.1,4839714,4848856,9142,sigi_hmm
NC_010505.1,4851314,4857342,6028,sigi_hmm
NC_010505.1,4978520,4984911,6391,sigi_hmm
NC_010505.1,5002023,5011467,9444,sigi_hmm
NC_010505.1,5018168,5025832,7664,sigi_hmm
NC_010505.1,5056715,5066386,9671,sigi_hmm
NC_010505.1,5098367,5103874,5507,sigi_hmm
NC_010505.1,5502714,5509557,6843,sigi_hmm
NC_010505.1,5535602,5539807,4205,sigi_hmm
NC_010505.1,5569257,5573510,4253,sigi_hmm
NC_010505.1,5973106,5980331,7225,sigi_hmm
NC_008769.1,1132292,1136765,4473,sigi_hmm
NC_008769.1,2200874,2205792,4918,sigi_hmm
NC_008769.1,3262829,3267834,5005,sigi_hmm
NC_008769.1,3431547,3435775,4228,sigi_hmm
NC_008942.1,32175,38395,6220,sigi_hmm
NC_008942.1,785038,789923,4885,sigi_hmm
NC_010511.1,1130630,1139522,8892,sigi_hmm
NC_010511.1,1271745,1282156,10411,sigi_hmm
NC_010511.1,1284902,1296049,11147,sigi_hmm
NC_010511.1,1305688,1315565,9877,sigi_hmm
NC_010511.1,1365438,1372608,7170,sigi_hmm
NC_010511.1,1374059,1392990,18931,sigi_hmm
NC_010511.1,1500687,1506750,6063,sigi_hmm
NC_010511.1,1596949,1689744,92795,sigi_hmm
NC_010511.1,2089060,2093798,4738,sigi_hmm
NC_010511.1,2098627,2112345,13718,sigi_hmm
NC_010511.1,2115631,2141864,26233,sigi_hmm
NC_010511.1,2170305,2175106,4801,sigi_hmm
NC_010511.1,2685125,2689802,4677,sigi_hmm
NC_010511.1,2710550,2717749,7199,sigi_hmm
NC_010511.1,2785353,2801737,16384,sigi_hmm
NC_010511.1,2810338,2814969,4631,sigi_hmm
NC_010511.1,3087203,3094611,7408,sigi_hmm
NC_010511.1,3097319,3102767,5448,sigi_hmm
NC_010511.1,3119432,3143875,24443,sigi_hmm
NC_010511.1,3147445,3152411,4966,sigi_hmm
NC_010511.1,3201819,3220675,18856,sigi_hmm
NC_010511.1,3241176,3245431,4255,sigi_hmm
NC_010511.1,3448466,3461693,13227,sigi_hmm
NC_010511.1,3710450,3726636,16186,sigi_hmm
NC_010511.1,3729042,3739892,10850,sigi_hmm
NC_010511.1,3752681,3759799,7118,sigi_hmm
NC_010511.1,4238050,4242932,4882,sigi_hmm
NC_010511.1,4265845,4296669,30824,sigi_hmm
NC_010511.1,4319746,4331619,11873,sigi_hmm
NC_010511.1,4419770,4440144,20374,sigi_hmm
NC_010511.1,4448728,4481257,32529,sigi_hmm
NC_010511.1,4501783,4507535,5752,sigi_hmm
NC_010511.1,4553273,4561705,8432,sigi_hmm
NC_010511.1,4598362,4607499,9137,sigi_hmm
NC_010511.1,4700521,4730273,29752,sigi_hmm
NC_010511.1,4734175,4751589,17414,sigi_hmm
NC_010511.1,5175709,5181220,5511,sigi_hmm
NC_010511.1,5192557,5204143,11586,sigi_hmm
NC_010511.1,5429650,5438723,9073,sigi_hmm
NC_010511.1,5479295,5487777,8482,sigi_hmm
NC_010511.1,6067154,6080941,13787,sigi_hmm
NC_010511.1,6085396,6116960,31564,sigi_hmm
NC_010511.1,6123549,6136312,12763,sigi_hmm
NC_010511.1,6138165,6153354,15189,sigi_hmm
NC_010511.1,6173235,6185182,11947,sigi_hmm
NC_010511.1,6203720,6208307,4587,sigi_hmm
NC_010511.1,6492103,6503348,11245,sigi_hmm
NC_010511.1,6761024,6769732,8708,sigi_hmm
NC_010511.1,7031164,7055287,24123,sigi_hmm
NC_010296.1,755232,760154,4922,sigi_hmm
NC_010296.1,859006,863797,4791,sigi_hmm
NC_010296.1,1606668,1611003,4335,sigi_hmm
NC_010296.1,1713700,1719732,6032,sigi_hmm
NC_010296.1,1827764,1832075,4311,sigi_hmm
NC_010296.1,1847660,1852075,4415,sigi_hmm
NC_010296.1,2669299,2673706,4407,sigi_hmm
NC_010296.1,3136395,3140409,4014,sigi_hmm
NC_010296.1,3548698,3552983,4285,sigi_hmm
NC_010296.1,4326526,4330935,4409,sigi_hmm
NC_010296.1,4383726,4389480,5754,sigi_hmm
NC_010296.1,4446664,4458267,11603,sigi_hmm
NC_010296.1,5691865,5696708,4843,sigi_hmm
NC_010511.1,229376,233773,4397,sigi_hmm
NC_010511.1,237235,243679,6444,sigi_hmm
NC_010511.1,877455,884926,7471,sigi_hmm
NC_010511.1,900550,906596,6046,sigi_hmm
NC_010511.1,912826,919068,6242,sigi_hmm
NC_010511.1,922502,930600,8098,sigi_hmm
NC_010511.1,1081164,1086990,5826,sigi_hmm
NC_010511.1,1100680,1129325,28645,sigi_hmm
NC_008825.1,2896337,2904390,8053,sigi_hmm
NC_008825.1,3164658,3169193,4535,sigi_hmm
NC_007355.1,26763,37709,10946,sigi_hmm
NC_007355.1,48133,62115,13982,sigi_hmm
NC_007355.1,538536,547579,9043,sigi_hmm
NC_007355.1,1629484,1636106,6622,sigi_hmm
NC_007355.1,2802984,2808463,5479,sigi_hmm
NC_007355.1,2905260,2913224,7964,sigi_hmm
NC_007355.1,3082043,3089321,7278,sigi_hmm
NC_007355.1,3445835,3453161,7326,sigi_hmm
NC_007355.1,4514178,4518827,4649,sigi_hmm
NC_003552.1,489540,500814,11274,sigi_hmm
NC_003552.1,578794,595223,16429,sigi_hmm
NC_003552.1,668702,676576,7874,sigi_hmm
NC_003552.1,1169485,1174831,5346,sigi_hmm
NC_003552.1,1186239,1192548,6309,sigi_hmm
NC_003552.1,1238301,1246887,8586,sigi_hmm
NC_003552.1,1254209,1259009,4800,sigi_hmm
NC_003552.1,1404112,1409869,5757,sigi_hmm
NC_003552.1,1477762,1482366,4604,sigi_hmm
NC_003552.1,1823937,1836459,12522,sigi_hmm
NC_003552.1,1846035,1854316,8281,sigi_hmm
NC_003552.1,1965105,1969690,4585,sigi_hmm
NC_003552.1,2245929,2255136,9207,sigi_hmm
NC_003552.1,2321007,2325420,4413,sigi_hmm
NC_003552.1,2327639,2341579,13940,sigi_hmm
NC_003552.1,2510146,2517231,7085,sigi_hmm
NC_003552.1,2527970,2532491,4521,sigi_hmm
NC_003552.1,2601882,2608148,6266,sigi_hmm
NC_003552.1,2631809,2635884,4075,sigi_hmm
NC_003552.1,2639527,2648248,8721,sigi_hmm
NC_003552.1,2678503,2693722,15219,sigi_hmm
NC_003552.1,2736566,2750341,13775,sigi_hmm
NC_003552.1,3128887,3142872,13985,sigi_hmm
NC_003552.1,3225849,3235744,9895,sigi_hmm
NC_003552.1,3358317,3371373,13056,sigi_hmm
NC_003552.1,3409745,3415782,6037,sigi_hmm
NC_003552.1,3428458,3435461,7003,sigi_hmm
NC_003552.1,3451021,3455570,4549,sigi_hmm
NC_003552.1,3498689,3510404,11715,sigi_hmm
NC_003552.1,3652118,3657363,5245,sigi_hmm
NC_003552.1,3869747,3874814,5067,sigi_hmm
NC_003552.1,4134664,4139963,5299,sigi_hmm
NC_003552.1,4324668,4329073,4405,sigi_hmm
NC_003552.1,4369749,4375481,5732,sigi_hmm
NC_003552.1,4497021,4508202,11181,sigi_hmm
NC_003552.1,4642505,4652977,10472,sigi_hmm
NC_003552.1,5042936,5048819,5883,sigi_hmm
NC_003901.1,674599,682161,7562,sigi_hmm
NC_003901.1,685292,690925,5633,sigi_hmm
NC_003901.1,781555,787431,5876,sigi_hmm
NC_003901.1,1032667,1037272,4605,sigi_hmm
NC_003901.1,1392101,1400079,7978,sigi_hmm
NC_003901.1,1952060,1962638,10578,sigi_hmm
NC_003901.1,2507953,2521143,13190,sigi_hmm
NC_003901.1,2870639,2876372,5733,sigi_hmm
NC_003901.1,3215724,3222881,7157,sigi_hmm
NC_003901.1,3480666,3489510,8844,sigi_hmm
NC_003901.1,3945827,3951239,5412,sigi_hmm
NC_003901.1,4080452,4085386,4934,sigi_hmm
NC_003901.1,4089787,4095157,5370,sigi_hmm
NC_008825.1,857652,863285,5633,sigi_hmm
NC_008825.1,1130039,1135724,5685,sigi_hmm
NC_008825.1,1262705,1271895,9190,sigi_hmm
NC_008825.1,1283549,1289043,5494,sigi_hmm
NC_008825.1,1290803,1301586,10783,sigi_hmm
NC_008825.1,1794569,1799402,4833,sigi_hmm
NC_008825.1,1844097,1848655,4558,sigi_hmm
NC_008825.1,2547804,2552256,4452,sigi_hmm
NC_008596.1,1816151,1821511,5360,sigi_hmm
NC_008596.1,1874566,1880622,6056,sigi_hmm
NC_008596.1,1932788,1938472,5684,sigi_hmm
NC_008596.1,1943545,1949663,6118,sigi_hmm
NC_008596.1,2233641,2238554,4913,sigi_hmm
NC_008596.1,2866445,2872393,5948,sigi_hmm
NC_008596.1,2881499,2890698,9199,sigi_hmm
NC_008596.1,3407520,3422429,14909,sigi_hmm
NC_008596.1,3427103,3438670,11567,sigi_hmm
NC_008596.1,3477089,3482456,5367,sigi_hmm
NC_008596.1,3984847,3990724,5877,sigi_hmm
NC_008596.1,4003514,4010953,7439,sigi_hmm
NC_008596.1,4026826,4033297,6471,sigi_hmm
NC_008596.1,4055023,4059460,4437,sigi_hmm
NC_008596.1,4063093,4072320,9227,sigi_hmm
NC_008596.1,4093304,4099693,6389,sigi_hmm
NC_008596.1,4100797,4129928,29131,sigi_hmm
NC_008596.1,4133329,4137735,4406,sigi_hmm
NC_008596.1,4152916,4166819,13903,sigi_hmm
NC_008596.1,4199870,4230127,30257,sigi_hmm
NC_008596.1,4686360,4696107,9747,sigi_hmm
NC_008596.1,4836134,4841162,5028,sigi_hmm
NC_008596.1,5188843,5198538,9695,sigi_hmm
NC_008596.1,5454493,5462167,7674,sigi_hmm
NC_008596.1,6007005,6042911,35906,sigi_hmm
NC_008596.1,6931229,6935613,4384,sigi_hmm
NC_005027.1,609563,613703,4140,sigi_hmm
NC_005027.1,1289514,1294251,4737,sigi_hmm
NC_005027.1,2107600,2112553,4953,sigi_hmm
NC_005027.1,5646882,5654064,7182,sigi_hmm
NC_003272.1,3482663,3489579,6916,sigi_hmm
NC_007681.1,490765,494845,4080,sigi_hmm
NC_007681.1,539141,546243,7102,sigi_hmm
NC_002977.6,1033988,1039580,5592,sigi_hmm
NC_002977.6,2825651,2830153,4502,sigi_hmm
NC_002977.6,3182749,3186994,4245,sigi_hmm
NC_002977.6,3226183,3230910,4727,sigi_hmm
NC_002977.6,3232865,3237592,4727,sigi_hmm
NC_008553.1,1046645,1051166,4521,sigi_hmm
NC_010794.1,309962,335434,25472,sigi_hmm
NC_007796.1,416080,421262,5182,sigi_hmm
NC_007796.1,423926,438427,14501,sigi_hmm
NC_007796.1,1735874,1746494,10620,sigi_hmm
NC_007796.1,2089653,2098301,8648,sigi_hmm
NC_007796.1,2395543,2406982,11439,sigi_hmm
NC_007796.1,2624473,2629185,4712,sigi_hmm
NC_007796.1,3126278,3130687,4409,sigi_hmm
NC_007796.1,3360254,3364558,4304,sigi_hmm
NC_007796.1,3432427,3438526,6099,sigi_hmm
NC_007947.1,378440,383973,5533,sigi_hmm
NC_007947.1,450541,460157,9616,sigi_hmm
NC_007947.1,582821,590147,7326,sigi_hmm
NC_007947.1,1197213,1201643,4430,sigi_hmm
NC_007947.1,1208780,1225015,16235,sigi_hmm
NC_007947.1,1350005,1354538,4533,sigi_hmm
NC_007947.1,1392183,1396201,4018,sigi_hmm
NC_007947.1,1417119,1429162,12043,sigi_hmm
NC_007947.1,2156482,2163142,6660,sigi_hmm
NC_003901.1,33708,44348,10640,sigi_hmm
NC_003901.1,547779,552267,4488,sigi_hmm
NC_010571.1,5663592,5677062,13470,sigi_hmm
NC_007426.1,1141994,1146400,4406,sigi_hmm
NC_007426.1,1871431,1875459,4028,sigi_hmm
NC_007426.1,1893376,1899654,6278,sigi_hmm
NC_007426.1,2260899,2269388,8489,sigi_hmm
NC_009525.1,1103111,1107584,4473,sigi_hmm
NC_009525.1,1692367,1698939,6572,sigi_hmm
NC_009525.1,2208613,2213531,4918,sigi_hmm
NC_009525.1,3489216,3493445,4229,sigi_hmm
NC_000962.2,1101803,1106276,4473,sigi_hmm
NC_000962.2,3477060,3481289,4229,sigi_hmm
NC_002945.3,1102254,1106727,4473,sigi_hmm
NC_002945.3,2190348,2195266,4918,sigi_hmm
NC_002945.3,3265356,3270361,5005,sigi_hmm
NC_002945.3,3433608,3437836,4228,sigi_hmm
NC_008611.1,1208362,1216907,8545,sigi_hmm
NC_008611.1,2445727,2450493,4766,sigi_hmm
NC_008611.1,2664299,2671980,7681,sigi_hmm
NC_008611.1,2740986,2747070,6084,sigi_hmm
NC_008611.1,3585032,3590352,5320,sigi_hmm
NC_008611.1,4284052,4289266,5214,sigi_hmm
NC_008611.1,5087447,5096626,9179,sigi_hmm
NC_008611.1,5106413,5113521,7108,sigi_hmm
NC_008611.1,5252601,5267158,14557,sigi_hmm
NC_008611.1,5437540,5442279,4739,sigi_hmm
NC_002755.2,1101842,1106315,4473,sigi_hmm
NC_002755.2,1473005,1477196,4191,sigi_hmm
NC_002755.2,1691006,1698015,7009,sigi_hmm
NC_002755.2,3735337,3745945,10608,sigi_hmm
NC_009565.1,1105604,1110044,4440,sigi_hmm
NC_009565.1,1695487,1702496,7009,sigi_hmm
NC_009565.1,2206969,2211887,4918,sigi_hmm
NC_002677.1,990401,996353,5952,sigi_hmm
NC_008596.1,91173,95339,4166,sigi_hmm
NC_008596.1,99229,104583,5354,sigi_hmm
NC_008596.1,431707,447868,16161,sigi_hmm
NC_008596.1,566907,571875,4968,sigi_hmm
NC_008596.1,810514,814680,4166,sigi_hmm
NC_008596.1,1311730,1324906,13176,sigi_hmm
NC_008596.1,1334462,1358554,24092,sigi_hmm
NC_007948.1,438233,442505,4272,sigi_hmm
NC_007948.1,704152,708953,4801,sigi_hmm
NC_007948.1,1421062,1425242,4180,sigi_hmm
NC_007948.1,1441737,1450141,8404,sigi_hmm
NC_007948.1,1612196,1616609,4413,sigi_hmm
NC_007948.1,1976164,1984190,8026,sigi_hmm
NC_007948.1,1989703,1996771,7068,sigi_hmm
NC_007948.1,2151885,2157938,6053,sigi_hmm
NC_007948.1,2161041,2168352,7311,sigi_hmm
NC_007948.1,2772559,2786117,13558,sigi_hmm
NC_007948.1,3518815,3523883,5068,sigi_hmm
NC_007948.1,3547989,3553040,5051,sigi_hmm
NC_007948.1,4185652,4191459,5807,sigi_hmm
NC_007948.1,4197234,4208224,10990,sigi_hmm
NC_007948.1,4583587,4592620,9033,sigi_hmm
NC_007948.1,4593749,4613117,19368,sigi_hmm
NC_007948.1,4626093,4632702,6609,sigi_hmm
NC_007948.1,4638792,4654775,15983,sigi_hmm
NC_007948.1,4673004,4680401,7397,sigi_hmm
NC_007948.1,4996214,5000805,4591,sigi_hmm
NC_000912.1,409871,416564,6693,sigi_hmm
NC_009667.1,233118,238366,5248,sigi_hmm
NC_009667.1,243799,248903,5104,sigi_hmm
NC_009667.1,681941,687658,5717,sigi_hmm
NC_009667.1,729534,734419,4885,sigi_hmm
NC_009667.1,915844,923508,7664,sigi_hmm
NC_009667.1,926894,932310,5416,sigi_hmm
NC_009667.1,1208671,1225409,16738,sigi_hmm
NC_009667.1,1377114,1387982,10868,sigi_hmm
NC_009667.1,1941507,1946803,5296,sigi_hmm
NC_009667.1,2864362,2875678,11316,sigi_hmm
NC_009667.1,2880181,2887183,7002,sigi_hmm
NC_003116.1,193851,200754,6903,sigi_hmm
NC_003116.1,396694,401893,5199,sigi_hmm
NC_003116.1,1523265,1529190,5925,sigi_hmm
NC_003116.1,1799241,1806594,7353,sigi_hmm
NC_003116.1,2070178,2074180,4002,sigi_hmm
NC_003116.1,2129942,2136648,6706,sigi_hmm
NC_004829.1,350161,355635,5474,sigi_hmm
NC_004829.1,356912,374148,17236,sigi_hmm
NC_004829.1,965962,970815,4853,sigi_hmm
NC_010120.1,475018,482569,7551,sigi_hmm
NC_010120.1,1318432,1323447,5015,sigi_hmm
NC_002946.2,1025539,1030024,4485,sigi_hmm
NC_002946.2,1031165,1036333,5168,sigi_hmm
NC_002946.2,1045279,1058637,13358,sigi_hmm
NC_002946.2,1114327,1124138,9811,sigi_hmm
NC_002946.2,1257496,1263847,6351,sigi_hmm
NC_002946.2,1440881,1446209,5328,sigi_hmm
NC_007794.1,268306,273949,5643,sigi_hmm
NC_007794.1,276073,281029,4956,sigi_hmm
NC_007794.1,358320,362400,4080,sigi_hmm
NC_007794.1,567592,573094,5502,sigi_hmm
NC_007794.1,1510080,1518012,7932,sigi_hmm
NC_007794.1,1524528,1530226,5698,sigi_hmm
NC_007794.1,2316468,2323393,6925,sigi_hmm
NC_007794.1,2343959,2348292,4333,sigi_hmm
NC_007794.1,3195697,3202432,6735,sigi_hmm
NC_004193.1,172015,178097,6082,sigi_hmm
NC_004193.1,3450041,3454876,4835,sigi_hmm
NC_004193.1,3458943,3463291,4348,sigi_hmm
NC_010571.1,644794,666467,21673,sigi_hmm
NC_010571.1,1286777,1297070,10293,sigi_hmm
NC_010571.1,1467113,1471614,4501,sigi_hmm
NC_010571.1,1534220,1539388,5168,sigi_hmm
NC_010571.1,2950545,2968789,18244,sigi_hmm
NC_010571.1,3326727,3334037,7310,sigi_hmm
NC_010571.1,3908021,3914063,6042,sigi_hmm
NC_010571.1,4489514,4499888,10374,sigi_hmm
NC_010571.1,5336287,5341088,4801,sigi_hmm
NC_010571.1,5656565,5661706,5141,sigi_hmm
NC_008344.1,815296,836249,20953,sigi_hmm
NC_008344.1,895702,900012,4310,sigi_hmm
NC_008344.1,1369597,1377477,7880,sigi_hmm
NC_008344.1,1967470,1972012,4542,sigi_hmm
NC_008344.1,2107298,2114896,7598,sigi_hmm
NC_008344.1,2378101,2383762,5661,sigi_hmm
NC_008344.1,2385517,2389865,4348,sigi_hmm
NC_008344.1,2531682,2537620,5938,sigi_hmm
NC_008344.1,2627167,2633108,5941,sigi_hmm
NC_007614.1,124924,129504,4580,sigi_hmm
NC_007614.1,918806,924884,6078,sigi_hmm
NC_007614.1,1247408,1253116,5708,sigi_hmm
NC_007614.1,2340482,2345204,4722,sigi_hmm
NC_007614.1,2638153,2645700,7547,sigi_hmm
NC_007614.1,2777226,2782493,5267,sigi_hmm
NC_007614.1,2785274,2789499,4225,sigi_hmm
NC_007614.1,3051532,3056580,5048,sigi_hmm
NC_007614.1,3164766,3172313,7547,sigi_hmm
NC_004757.1,263504,268966,5462,sigi_hmm
NC_004757.1,432929,440610,7681,sigi_hmm
NC_004757.1,911376,919948,8572,sigi_hmm
NC_004757.1,1289572,1294014,4442,sigi_hmm
NC_004757.1,2283635,2288522,4887,sigi_hmm
NC_004757.1,2727541,2748342,20801,sigi_hmm
NC_004757.1,2749422,2770736,21314,sigi_hmm
NC_004757.1,2771794,2782864,11070,sigi_hmm
NC_008767.1,856549,860713,4164,sigi_hmm
NC_008767.1,1327063,1332070,5007,sigi_hmm
NC_003112.2,60098,66897,6799,sigi_hmm
NC_003112.2,307279,316262,8983,sigi_hmm
NC_003112.2,371248,375923,4675,sigi_hmm
NC_003112.2,677479,682112,4633,sigi_hmm
NC_003112.2,1101164,1105214,4050,sigi_hmm
NC_003112.2,1121046,1125305,4259,sigi_hmm
NC_003112.2,1429441,1443609,14168,sigi_hmm
NC_003112.2,1697126,1701846,4720,sigi_hmm
NC_003112.2,1831586,1837258,5672,sigi_hmm
NC_003112.2,2227348,2232555,5207,sigi_hmm
NC_007484.1,627186,631291,4105,sigi_hmm
NC_007484.1,667879,684783,16904,sigi_hmm
NC_007484.1,690133,706384,16251,sigi_hmm
NC_007484.1,709314,717726,8412,sigi_hmm
NC_007484.1,1621788,1630178,8390,sigi_hmm
NC_007484.1,2012859,2019218,6359,sigi_hmm
NC_007484.1,2039740,2045362,5622,sigi_hmm
NC_007484.1,2751714,2760527,8813,sigi_hmm
NC_007484.1,3042946,3049582,6636,sigi_hmm
NC_007484.1,3282822,3291834,9012,sigi_hmm
NC_007406.1,866119,871025,4906,sigi_hmm
NC_007406.1,1775898,1782775,6877,sigi_hmm
NC_007406.1,2621928,2627324,5396,sigi_hmm
NC_007406.1,3360148,3364288,4140,sigi_hmm
NC_011035.1,548119,560378,12259,sigi_hmm
NC_011035.1,576112,586344,10232,sigi_hmm
NC_011035.1,838535,843207,4672,sigi_hmm
NC_011035.1,844210,852126,7916,sigi_hmm
NC_011035.1,857256,871794,14538,sigi_hmm
NC_011035.1,885968,893523,7555,sigi_hmm
NC_011035.1,1358032,1363084,5052,sigi_hmm
NC_011035.1,1574712,1579141,4429,sigi_hmm
NC_011035.1,1886145,1890474,4329,sigi_hmm
NC_011035.1,1980938,1987289,6351,sigi_hmm
NC_008699.1,70016,80844,10828,sigi_hmm
NC_008699.1,588726,592798,4072,sigi_hmm
NC_008699.1,604897,613143,8246,sigi_hmm
NC_008699.1,618228,631874,13646,sigi_hmm
NC_008699.1,638469,664000,25531,sigi_hmm
NC_008699.1,666640,676617,9977,sigi_hmm
NC_008699.1,678430,684141,5711,sigi_hmm
NC_008699.1,1076420,1097981,21561,sigi_hmm
NC_008699.1,1099509,1107102,7593,sigi_hmm
NC_008699.1,1139738,1158872,19134,sigi_hmm
NC_008699.1,1942853,1948663,5810,sigi_hmm
NC_008699.1,2096111,2103407,7296,sigi_hmm
NC_008699.1,2172664,2177253,4589,sigi_hmm
NC_008699.1,2274395,2288216,13821,sigi_hmm
NC_008699.1,2289576,2302779,13203,sigi_hmm
NC_008699.1,2303931,2313428,9497,sigi_hmm
NC_008699.1,2318250,2322861,4611,sigi_hmm
NC_008699.1,2326903,2331265,4362,sigi_hmm
NC_008699.1,2342932,2347650,4718,sigi_hmm
NC_008699.1,2426480,2430571,4091,sigi_hmm
NC_008699.1,3781989,3789377,7388,sigi_hmm
NC_008699.1,3899985,3909377,9392,sigi_hmm
NC_008699.1,4451303,4466913,15610,sigi_hmm
NC_008699.1,4548592,4552860,4268,sigi_hmm
NC_007964.1,882957,887198,4241,sigi_hmm
NC_007964.1,1297935,1307983,10048,sigi_hmm
NC_007964.1,1340955,1352834,11879,sigi_hmm
NC_007964.1,2124722,2128869,4147,sigi_hmm
NC_007964.1,2139604,2145018,5414,sigi_hmm
NC_007964.1,2158893,2164854,5961,sigi_hmm
NC_007964.1,2176480,2187579,11099,sigi_hmm
NC_007964.1,2376966,2382388,5422,sigi_hmm
NC_007964.1,2625777,2630637,4860,sigi_hmm
NC_007964.1,2632689,2637253,4564,sigi_hmm
NC_007964.1,3305134,3310126,4992,sigi_hmm
NC_007964.1,3644576,3653542,8966,sigi_hmm
NC_007964.1,3692024,3697468,5444,sigi_hmm
NC_007964.1,4084170,4089204,5034,sigi_hmm
NC_007964.1,4161219,4167924,6705,sigi_hmm
NC_007964.1,4187295,4201114,13819,sigi_hmm
NC_007964.1,4207225,4211377,4152,sigi_hmm
NC_007964.1,4233281,4238372,5091,sigi_hmm
NC_009656.1,90100,104342,14242,sigi_hmm
NC_009656.1,131359,139875,8516,sigi_hmm
NC_009656.1,481723,486348,4625,sigi_hmm
NC_009656.1,2413847,2418100,4253,sigi_hmm
NC_009656.1,2429246,2436771,7525,sigi_hmm
NC_009656.1,2525541,2536869,11328,sigi_hmm
NC_009656.1,2820437,2825316,4879,sigi_hmm
NC_009656.1,3137298,3151307,14009,sigi_hmm
NC_009656.1,3151808,3167592,15784,sigi_hmm
NC_009656.1,3176540,3182960,6420,sigi_hmm
NC_009656.1,3851178,3857540,6362,sigi_hmm
NC_009656.1,3868165,3873305,5140,sigi_hmm
NC_009656.1,4083721,4092124,8403,sigi_hmm
NC_009656.1,4419812,4424211,4399,sigi_hmm
NC_009656.1,4544571,4549907,5336,sigi_hmm
NC_009656.1,4559028,4565496,6468,sigi_hmm
NC_009656.1,4575994,4582799,6805,sigi_hmm
NC_009656.1,4594078,4599709,5631,sigi_hmm
NC_009656.1,4654282,4660121,5839,sigi_hmm
NC_009656.1,5488676,5498380,9704,sigi_hmm
NC_009656.1,5508935,5515650,6715,sigi_hmm
NC_009656.1,5528759,5534463,5704,sigi_hmm
NC_009656.1,6254316,6260921,6605,sigi_hmm
NC_009656.1,6459052,6475054,16002,sigi_hmm
NC_010628.1,7503543,7507830,4287,sigi_hmm
NC_007948.1,103719,113006,9287,sigi_hmm
NC_007948.1,297820,301934,4114,sigi_hmm
NC_007948.1,359451,366179,6728,sigi_hmm
NC_009488.1,1763576,1767616,4040,sigi_hmm
NC_009668.1,455428,465846,10418,sigi_hmm
NC_009668.1,468154,491791,23637,sigi_hmm
NC_009668.1,495477,519963,24486,sigi_hmm
NC_009668.1,523045,527378,4333,sigi_hmm
NC_009668.1,531374,541816,10442,sigi_hmm
NC_009668.1,547962,558758,10796,sigi_hmm
NC_009668.1,559807,569619,9812,sigi_hmm
NC_009668.1,601773,609936,8163,sigi_hmm
NC_009668.1,1730380,1739218,8838,sigi_hmm
NC_009668.1,1765061,1769684,4623,sigi_hmm
NC_010793.1,547194,551587,4393,sigi_hmm
NC_010793.1,554390,565460,11070,sigi_hmm
NC_008781.1,86106,90212,4106,sigi_hmm
NC_008781.1,661587,668359,6772,sigi_hmm
NC_008781.1,4288398,4294674,6276,sigi_hmm
NC_010085.1,121900,127622,5722,sigi_hmm
NC_009662.1,1688005,1698554,10549,sigi_hmm
NC_008344.1,23288,40306,17018,sigi_hmm
NC_008344.1,66341,98959,32618,sigi_hmm
NC_008344.1,102502,121818,19316,sigi_hmm
NC_008344.1,558327,566843,8516,sigi_hmm
NC_008344.1,675395,680055,4660,sigi_hmm
NC_008344.1,681747,687159,5412,sigi_hmm
NC_009615.1,1764217,1768892,4675,sigi_hmm
NC_009615.1,1854186,1858845,4659,sigi_hmm
NC_009615.1,2194745,2199061,4316,sigi_hmm
NC_009615.1,2520580,2531175,10595,sigi_hmm
NC_009615.1,2533562,2544858,11296,sigi_hmm
NC_009615.1,2593619,2612030,18411,sigi_hmm
NC_009615.1,2616454,2629528,13074,sigi_hmm
NC_009615.1,2683445,2691398,7953,sigi_hmm
NC_009615.1,2913649,2918152,4503,sigi_hmm
NC_009615.1,3002284,3007598,5314,sigi_hmm
NC_009615.1,3494019,3502110,8091,sigi_hmm
NC_009615.1,3504927,3508932,4005,sigi_hmm
NC_009615.1,3914331,3921029,6698,sigi_hmm
NC_009615.1,3927822,3946198,18376,sigi_hmm
NC_009615.1,4041242,4049425,8183,sigi_hmm
NC_009615.1,4434385,4438958,4573,sigi_hmm
NC_009615.1,4661010,4665437,4427,sigi_hmm
NC_009615.1,4700630,4725108,24478,sigi_hmm
NC_008463.1,2705011,2709337,4326,sigi_hmm
NC_010322.1,597636,606649,9013,sigi_hmm
NC_010322.1,774308,784414,10106,sigi_hmm
NC_010322.1,1529343,1535041,5698,sigi_hmm
NC_010322.1,1547273,1553109,5836,sigi_hmm
NC_010322.1,1823952,1838225,14273,sigi_hmm
NC_010322.1,1839105,1858967,19862,sigi_hmm
NC_010322.1,3326734,3332121,5387,sigi_hmm
NC_010322.1,3338758,3345355,6597,sigi_hmm
NC_010322.1,3811556,3815990,4434,sigi_hmm
NC_010322.1,4631637,4654899,23262,sigi_hmm
NC_010322.1,4655791,4673396,17605,sigi_hmm
NC_010322.1,5308900,5316630,7730,sigi_hmm
NC_010322.1,5353455,5360682,7227,sigi_hmm
NC_010322.1,5362263,5378934,16671,sigi_hmm
NC_010322.1,5382289,5389177,6888,sigi_hmm
NC_010322.1,6047157,6058482,11325,sigi_hmm
NC_006371.1,18413,23641,5228,sigi_hmm
NC_006371.1,46151,50745,4594,sigi_hmm
NC_006371.1,68059,72655,4596,sigi_hmm
NC_006371.1,404646,409969,5323,sigi_hmm
NC_006371.1,485808,490452,4644,sigi_hmm
NC_006371.1,495003,500186,5183,sigi_hmm
NC_006371.1,538381,544890,6509,sigi_hmm
NC_006371.1,929232,933777,4545,sigi_hmm
NC_006371.1,1040963,1045070,4107,sigi_hmm
NC_006371.1,1184023,1191216,7193,sigi_hmm
NC_006371.1,1319121,1323774,4653,sigi_hmm
NC_006371.1,1457510,1470548,13038,sigi_hmm
NC_006371.1,1478574,1483655,5081,sigi_hmm
NC_006371.1,1747449,1756242,8793,sigi_hmm
NC_006371.1,1801050,1808231,7181,sigi_hmm
NC_006371.1,1863331,1868050,4719,sigi_hmm
NC_006371.1,2060663,2065328,4665,sigi_hmm
NC_009719.1,351500,361729,10229,sigi_hmm
NC_009719.1,1120530,1127337,6807,sigi_hmm
NC_009719.1,1140997,1149829,8832,sigi_hmm
NC_009719.1,1975746,1982056,6310,sigi_hmm
NC_009719.1,2363641,2368188,4547,sigi_hmm
NC_009719.1,2532942,2539308,6366,sigi_hmm
NC_009719.1,2724670,2730264,5594,sigi_hmm
NC_009719.1,3542779,3558651,15872,sigi_hmm
NC_009719.1,3614742,3621537,6795,sigi_hmm
NC_009719.1,3644251,3650895,6644,sigi_hmm
NC_009719.1,3667189,3674044,6855,sigi_hmm
NC_009719.1,3694180,3708025,13845,sigi_hmm
NC_008609.1,38130,42474,4344,sigi_hmm
NC_009615.1,25452,40641,15189,sigi_hmm
NC_009615.1,499557,507871,8314,sigi_hmm
NC_009615.1,664753,668953,4200,sigi_hmm
NC_009615.1,671332,675593,4261,sigi_hmm
NC_009615.1,860954,867118,6164,sigi_hmm
NC_009615.1,882418,887730,5312,sigi_hmm
NC_009615.1,997362,1001874,4512,sigi_hmm
NC_009615.1,1499107,1504632,5525,sigi_hmm
NC_009615.1,1633510,1642884,9374,sigi_hmm
NC_008686.1,360445,364824,4379,sigi_hmm
NC_008686.1,411827,426456,14629,sigi_hmm
NC_008686.1,434326,440477,6151,sigi_hmm
NC_008686.1,974064,979738,5674,sigi_hmm
NC_008686.1,1186983,1194746,7763,sigi_hmm
NC_008686.1,1388943,1402195,13252,sigi_hmm
NC_008686.1,1407734,1441771,34037,sigi_hmm
NC_008686.1,1444285,1453366,9081,sigi_hmm
NC_008686.1,1457084,1503942,46858,sigi_hmm
NC_008686.1,1510055,1515234,5179,sigi_hmm
NC_008686.1,1599713,1606682,6969,sigi_hmm
NC_008686.1,1965483,1972491,7008,sigi_hmm
NC_008686.1,2057392,2065744,8352,sigi_hmm
NC_008686.1,2066523,2071915,5392,sigi_hmm
NC_008686.1,2084031,2095783,11752,sigi_hmm
NC_008686.1,2276961,2281010,4049,sigi_hmm
NC_008686.1,2419791,2425491,5700,sigi_hmm
NC_008686.1,2713983,2720559,6576,sigi_hmm
NC_007498.2,139594,152884,13290,sigi_hmm
NC_007498.2,203376,213773,10397,sigi_hmm
NC_007498.2,365884,372645,6761,sigi_hmm
NC_007498.2,923161,932417,9256,sigi_hmm
NC_007498.2,932888,942006,9118,sigi_hmm
NC_007498.2,946418,958309,11891,sigi_hmm
NC_007498.2,1077920,1082499,4579,sigi_hmm
NC_007498.2,1113585,1120468,6883,sigi_hmm
NC_007498.2,1154497,1163550,9053,sigi_hmm
NC_007498.2,1728669,1734897,6228,sigi_hmm
NC_007498.2,1865433,1870100,4667,sigi_hmm
NC_007498.2,2098094,2102492,4398,sigi_hmm
NC_007498.2,3094989,3101516,6527,sigi_hmm
NC_007498.2,3406476,3417672,11196,sigi_hmm
NC_007498.2,3421849,3428842,6993,sigi_hmm
NC_007498.2,3650427,3656843,6416,sigi_hmm
NC_005303.1,131206,138400,7194,sigi_hmm
NC_008027.1,566835,575025,8190,sigi_hmm
NC_008027.1,782281,793195,10914,sigi_hmm
NC_008027.1,1569373,1575826,6453,sigi_hmm
NC_008027.1,1855580,1863636,8056,sigi_hmm
NC_008027.1,2337757,2348127,10370,sigi_hmm
NC_008027.1,2405764,2412288,6524,sigi_hmm
NC_008027.1,2652978,2657564,4586,sigi_hmm
NC_008027.1,2914603,2919917,5314,sigi_hmm
NC_008027.1,3394060,3399750,5690,sigi_hmm
NC_008027.1,3446551,3451532,4981,sigi_hmm
NC_008027.1,3517982,3524362,6380,sigi_hmm
NC_008027.1,3851888,3857203,5315,sigi_hmm
NC_008027.1,3959920,3967175,7255,sigi_hmm
NC_008027.1,4437050,4443176,6126,sigi_hmm
NC_008027.1,4896218,4905561,9343,sigi_hmm
NC_008027.1,4959793,4967544,7751,sigi_hmm
NC_008027.1,5847408,5861286,13878,sigi_hmm
NC_008027.1,5862568,5868056,5488,sigi_hmm
NC_010322.1,8209,13734,5525,sigi_hmm
NC_010322.1,20143,25413,5270,sigi_hmm
NC_010322.1,35491,40485,4994,sigi_hmm
NC_010322.1,589425,595884,6459,sigi_hmm
NC_008820.1,2124332,2128699,4367,sigi_hmm
NC_008820.1,2517499,2522313,4814,sigi_hmm
NC_008820.1,2599508,2608024,8516,sigi_hmm
NC_008686.1,57925,65059,7134,sigi_hmm
NC_008686.1,102305,108014,5709,sigi_hmm
NC_008686.1,234598,243817,9219,sigi_hmm
NC_008686.1,343476,349151,5675,sigi_hmm
NC_009439.1,2470859,2476639,5780,sigi_hmm
NC_009439.1,2477854,2484056,6202,sigi_hmm
NC_009439.1,3338024,3342467,4443,sigi_hmm
NC_009439.1,3400834,3408797,7963,sigi_hmm
NC_009439.1,3489275,3496683,7408,sigi_hmm
NC_009439.1,3547696,3552240,4544,sigi_hmm
NC_009439.1,3784524,3789169,4645,sigi_hmm
NC_009439.1,3838257,3842526,4269,sigi_hmm
NC_009439.1,4534186,4539334,5148,sigi_hmm
NC_009439.1,4609211,4613729,4518,sigi_hmm
NC_009439.1,4667090,4672745,5655,sigi_hmm
NC_009439.1,4677868,4681910,4042,sigi_hmm
NC_009439.1,4922628,4928515,5887,sigi_hmm
NC_011060.1,186123,190157,4034,sigi_hmm
NC_011060.1,262356,267414,5058,sigi_hmm
NC_011060.1,337865,343593,5728,sigi_hmm
NC_011060.1,501080,505486,4406,sigi_hmm
NC_011060.1,533895,545154,11259,sigi_hmm
NC_011060.1,549369,554035,4666,sigi_hmm
NC_011060.1,776460,781979,5519,sigi_hmm
NC_011060.1,1278990,1284100,5110,sigi_hmm
NC_011060.1,1295810,1302114,6304,sigi_hmm
NC_011060.1,1472340,1480639,8299,sigi_hmm
NC_011060.1,1754063,1759904,5841,sigi_hmm
NC_011060.1,1904175,1909024,4849,sigi_hmm
NC_011060.1,2109930,2116710,6780,sigi_hmm
NC_011060.1,2489660,2494113,4453,sigi_hmm
NC_011060.1,2532500,2537635,5135,sigi_hmm
NC_005861.1,1028259,1039812,11553,sigi_hmm
NC_009454.1,364980,370894,5914,sigi_hmm
NC_009454.1,372615,377575,4960,sigi_hmm
NC_009454.1,495825,502512,6687,sigi_hmm
NC_009454.1,688704,694615,5911,sigi_hmm
NC_009454.1,702243,707237,4994,sigi_hmm
NC_009454.1,1583070,1600531,17461,sigi_hmm
NC_009454.1,1626068,1632505,6437,sigi_hmm
NC_009454.1,1641590,1656810,15220,sigi_hmm
NC_009454.1,1979590,1984302,4712,sigi_hmm
NC_009454.1,1988747,1998454,9707,sigi_hmm
NC_009454.1,2206246,2212676,6430,sigi_hmm
NC_009454.1,2511300,2519123,7823,sigi_hmm
NC_009454.1,2523232,2534408,11176,sigi_hmm
NC_009454.1,2537622,2549652,12030,sigi_hmm
NC_009454.1,2553263,2557978,4715,sigi_hmm
NC_009454.1,2611434,2615604,4170,sigi_hmm
NC_009454.1,2668132,2674412,6280,sigi_hmm
NC_009454.1,2676100,2689292,13192,sigi_hmm
NC_009454.1,2805492,2810867,5375,sigi_hmm
NC_006370.1,13497,18876,5379,sigi_hmm
NC_006370.1,356531,375677,19146,sigi_hmm
NC_006370.1,851795,860502,8707,sigi_hmm
NC_006370.1,1480063,1491517,11454,sigi_hmm
NC_006370.1,1495306,1501041,5735,sigi_hmm
NC_006370.1,1523060,1530790,7730,sigi_hmm
NC_006370.1,1624889,1629478,4589,sigi_hmm
NC_006370.1,1817598,1824574,6976,sigi_hmm
NC_006370.1,1842231,1851158,8927,sigi_hmm
NC_006370.1,3105776,3118495,12719,sigi_hmm
NC_006370.1,3135532,3139547,4015,sigi_hmm
NC_006370.1,3634275,3638297,4022,sigi_hmm
NC_008820.1,97134,136556,39422,sigi_hmm
NC_008820.1,815694,820757,5063,sigi_hmm
NC_008820.1,947171,952420,5249,sigi_hmm
NC_008820.1,1277157,1282608,5451,sigi_hmm
NC_008820.1,1364629,1377161,12532,sigi_hmm
NC_008820.1,1666087,1676646,10559,sigi_hmm
NC_008820.1,1773623,1778770,5147,sigi_hmm
NC_008820.1,1787759,1797068,9309,sigi_hmm
NC_008820.1,1809635,1815383,5748,sigi_hmm
NC_008820.1,1824995,1831779,6784,sigi_hmm
NC_008820.1,1895821,1900136,4315,sigi_hmm
NC_008820.1,1948401,1957012,8611,sigi_hmm
NC_007335.2,1352,10430,9078,sigi_hmm
NC_011059.1,478205,485522,7317,sigi_hmm
NC_011059.1,827354,843697,16343,sigi_hmm
NC_011059.1,1880573,1888805,8232,sigi_hmm
NC_011059.1,1899035,1904176,5141,sigi_hmm
NC_011059.1,1920396,1925836,5440,sigi_hmm
NC_002950.2,132731,136922,4191,sigi_hmm
NC_002950.2,886360,893857,7497,sigi_hmm
NC_002950.2,897353,902543,5190,sigi_hmm
NC_002950.2,1277570,1285021,7451,sigi_hmm
NC_002950.2,1299165,1303396,4231,sigi_hmm
NC_002950.2,1521796,1527357,5561,sigi_hmm
NC_002950.2,1543350,1548491,5141,sigi_hmm
NC_002950.2,1553299,1563553,10254,sigi_hmm
NC_002950.2,1573482,1583261,9779,sigi_hmm
NC_002950.2,1587519,1597485,9966,sigi_hmm
NC_002950.2,1987705,1994300,6595,sigi_hmm
NC_002950.2,2106124,2111752,5628,sigi_hmm
NC_005071.1,94522,99216,4694,sigi_hmm
NC_005071.1,102059,126554,24495,sigi_hmm
NC_005071.1,316426,321188,4762,sigi_hmm
NC_005071.1,334288,345256,10968,sigi_hmm
NC_005071.1,798071,804484,6413,sigi_hmm
NC_005071.1,1008773,1014850,6077,sigi_hmm
NC_005071.1,1909682,1913872,4190,sigi_hmm
NC_005071.1,2247308,2252139,4831,sigi_hmm
NC_010729.1,629353,634965,5612,sigi_hmm
NC_010729.1,1029061,1034606,5545,sigi_hmm
NC_010729.1,2048526,2052776,4250,sigi_hmm
NC_008228.1,380844,385071,4227,sigi_hmm
NC_008228.1,829739,835778,6039,sigi_hmm
NC_010531.1,1206527,1210744,4217,sigi_hmm
NC_010003.1,456322,462333,6011,sigi_hmm
NC_002663.1,571581,577823,6242,sigi_hmm
NC_002663.1,1998080,2008494,10414,sigi_hmm
NC_007512.1,115954,124609,8655,sigi_hmm
NC_007512.1,596651,601726,5075,sigi_hmm
NC_007512.1,741743,748966,7223,sigi_hmm
NC_007512.1,870712,891648,20936,sigi_hmm
NC_007512.1,946534,959924,13390,sigi_hmm
NC_007512.1,970051,975633,5582,sigi_hmm
NC_007512.1,1170718,1178192,7474,sigi_hmm
NC_007512.1,1465575,1475860,10285,sigi_hmm
NC_007512.1,2015913,2020828,4915,sigi_hmm
NC_007512.1,2033414,2042957,9543,sigi_hmm
NC_007512.1,2045918,2066861,20943,sigi_hmm
NC_007512.1,2070495,2075104,4609,sigi_hmm
NC_007512.1,2077352,2083608,6256,sigi_hmm
NC_007512.1,2086709,2091153,4444,sigi_hmm
NC_008525.1,554786,558816,4030,sigi_hmm
NC_008687.1,141439,151268,9829,sigi_hmm
NC_008687.1,261632,273519,11887,sigi_hmm
NC_008687.1,309663,313784,4121,sigi_hmm
NC_008687.1,368591,375254,6663,sigi_hmm
NC_008687.1,445296,449533,4237,sigi_hmm
NC_008687.1,467563,488112,20549,sigi_hmm
NC_008687.1,741907,747589,5682,sigi_hmm
NC_008687.1,972058,984180,12122,sigi_hmm
NC_009439.1,19365,23528,4163,sigi_hmm
NC_009439.1,108566,114204,5638,sigi_hmm
NC_009439.1,123150,131469,8319,sigi_hmm
NC_009439.1,209995,215818,5823,sigi_hmm
NC_009439.1,221603,230059,8456,sigi_hmm
NC_009439.1,451432,457467,6035,sigi_hmm
NC_009439.1,465679,469705,4026,sigi_hmm
NC_009439.1,470321,475107,4786,sigi_hmm
NC_009439.1,514463,521703,7240,sigi_hmm
NC_009439.1,798517,811127,12610,sigi_hmm
NC_009439.1,924888,931928,7040,sigi_hmm
NC_009439.1,1085213,1089593,4380,sigi_hmm
NC_009439.1,1139798,1148651,8853,sigi_hmm
NC_009439.1,1157524,1163224,5700,sigi_hmm
NC_009439.1,2133783,2139870,6087,sigi_hmm
NC_009439.1,2213859,2219924,6065,sigi_hmm
NC_009439.1,2344999,2350131,5132,sigi_hmm
NC_009439.1,2381640,2385808,4168,sigi_hmm
NC_009439.1,2430468,2440075,9607,sigi_hmm
NC_009439.1,2441067,2445700,4633,sigi_hmm
NC_009439.1,2459164,2464963,5799,sigi_hmm
NC_002947.3,2816247,2821328,5081,sigi_hmm
NC_002947.3,3409967,3415104,5137,sigi_hmm
NC_002947.3,3417234,3421850,4616,sigi_hmm
NC_002947.3,3494199,3508344,14145,sigi_hmm
NC_002947.3,3729028,3735104,6076,sigi_hmm
NC_002947.3,4175034,4210719,35685,sigi_hmm
NC_002947.3,4211652,4232789,21137,sigi_hmm
NC_002947.3,4371340,4378042,6702,sigi_hmm
NC_002947.3,4411763,4416056,4293,sigi_hmm
NC_002947.3,4475930,4481839,5909,sigi_hmm
NC_002947.3,4489217,4493638,4421,sigi_hmm
NC_002947.3,4495258,4501060,5802,sigi_hmm
NC_002947.3,4627518,4632391,4873,sigi_hmm
NC_002947.3,4937006,4943728,6722,sigi_hmm
NC_002947.3,5002214,5015350,13136,sigi_hmm
NC_002947.3,5038453,5065770,27317,sigi_hmm
NC_002947.3,5071130,5075234,4104,sigi_hmm
NC_002947.3,6154860,6170284,15424,sigi_hmm
NC_009512.1,7427,15394,7967,sigi_hmm
NC_009512.1,19361,24631,5270,sigi_hmm
NC_009512.1,34482,39431,4949,sigi_hmm
NC_009512.1,475912,481834,5922,sigi_hmm
NC_009512.1,764563,770674,6111,sigi_hmm
NC_009512.1,1031328,1040698,9370,sigi_hmm
NC_009512.1,1527555,1536041,8486,sigi_hmm
NC_009512.1,1699466,1707209,7743,sigi_hmm
NC_009512.1,2114710,2129837,15127,sigi_hmm
NC_009512.1,2199065,2204319,5254,sigi_hmm
NC_009512.1,2243393,2250384,6991,sigi_hmm
NC_009512.1,3123405,3130457,7052,sigi_hmm
NC_009512.1,3291372,3302713,11341,sigi_hmm
NC_009512.1,3344453,3350061,5608,sigi_hmm
NC_009512.1,4381647,4393044,11397,sigi_hmm
NC_009512.1,4614272,4618678,4406,sigi_hmm
NC_009512.1,5637658,5657032,19374,sigi_hmm
NC_009512.1,5658492,5663838,5346,sigi_hmm
NC_009512.1,5665399,5675383,9984,sigi_hmm
NC_007492.1,863118,876957,13839,sigi_hmm
NC_007492.1,1739580,1748541,8961,sigi_hmm
NC_007492.1,2040968,2050029,9061,sigi_hmm
NC_007492.1,2316541,2323365,6824,sigi_hmm
NC_007492.1,2768375,2772544,4169,sigi_hmm
NC_007492.1,2776800,2786603,9803,sigi_hmm
NC_007492.1,3001715,3009306,7591,sigi_hmm
NC_007492.1,3188399,3198006,9607,sigi_hmm
NC_007492.1,3212166,3220193,8027,sigi_hmm
NC_007492.1,3338119,3343897,5778,sigi_hmm
NC_007492.1,3411859,3430128,18269,sigi_hmm
NC_007492.1,3431147,3436680,5533,sigi_hmm
NC_007492.1,3487378,3507550,20172,sigi_hmm
NC_007492.1,3660535,3670435,9900,sigi_hmm
NC_007492.1,4315938,4323988,8050,sigi_hmm
NC_007492.1,5222159,5229405,7246,sigi_hmm
NC_007492.1,5724070,5731991,7921,sigi_hmm
NC_007492.1,6229797,6234939,5142,sigi_hmm
NC_007492.1,6379351,6389585,10234,sigi_hmm
NC_007492.1,6407098,6417950,10852,sigi_hmm
NC_007347.1,6870,16255,9385,sigi_hmm
NC_007347.1,19761,28596,8835,sigi_hmm
NC_007347.1,774604,801875,27271,sigi_hmm
NC_007347.1,847612,852411,4799,sigi_hmm
NC_007347.1,1221383,1233246,11863,sigi_hmm
NC_007347.1,1240431,1283633,43202,sigi_hmm
NC_007347.1,1314988,1320367,5379,sigi_hmm
NC_007347.1,1599704,1610332,10628,sigi_hmm
NC_007347.1,1730692,1743678,12986,sigi_hmm
NC_007347.1,1751403,1759265,7862,sigi_hmm
NC_007347.1,2418833,2424360,5527,sigi_hmm
NC_007347.1,2430764,2434867,4103,sigi_hmm
NC_007347.1,2646664,2652267,5603,sigi_hmm
NC_007347.1,2721787,2725929,4142,sigi_hmm
NC_007347.1,2890572,2895642,5070,sigi_hmm
NC_007347.1,2907794,2913604,5810,sigi_hmm
NC_007347.1,3195229,3200762,5533,sigi_hmm
NC_007347.1,3217940,3222214,4274,sigi_hmm
NC_007347.1,3619050,3624780,5730,sigi_hmm
NC_009142.1,835768,839851,4083,sigi_hmm
NC_009142.1,960785,971649,10864,sigi_hmm
NC_009142.1,1259039,1267397,8358,sigi_hmm
NC_009142.1,2495675,2505983,10308,sigi_hmm
NC_009142.1,2759798,2764401,4603,sigi_hmm
NC_009142.1,2789610,2795583,5973,sigi_hmm
NC_009142.1,2822260,2832318,10058,sigi_hmm
NC_009142.1,4059348,4064185,4837,sigi_hmm
NC_009142.1,5525829,5535420,9591,sigi_hmm
NC_009142.1,5538639,5545044,6405,sigi_hmm
NC_009142.1,5548513,5555585,7072,sigi_hmm
NC_009142.1,5662489,5671749,9260,sigi_hmm
NC_009142.1,5674794,5683521,8727,sigi_hmm
NC_009142.1,5689322,5693759,4437,sigi_hmm
NC_009142.1,5699141,5713839,14698,sigi_hmm
NC_009142.1,6116958,6145984,29026,sigi_hmm
NC_009142.1,6150160,6189338,39178,sigi_hmm
NC_009142.1,6205463,6233057,27594,sigi_hmm
NC_009337.1,724016,729112,5096,sigi_hmm
NC_009337.1,1281688,1285880,4192,sigi_hmm
NC_002516.2,3020504,3024715,4211,sigi_hmm
NC_008313.1,9460,24374,14914,sigi_hmm
NC_008313.1,26086,37024,10938,sigi_hmm
NC_008313.1,40214,46362,6148,sigi_hmm
NC_008313.1,651329,657449,6120,sigi_hmm
NC_008313.1,697450,710235,12785,sigi_hmm
NC_008313.1,892839,908632,15793,sigi_hmm
NC_008313.1,921809,927194,5385,sigi_hmm
NC_008313.1,935467,940096,4629,sigi_hmm
NC_008313.1,943117,950614,7497,sigi_hmm
NC_008313.1,962464,980827,18363,sigi_hmm
NC_008313.1,1617786,1625445,7659,sigi_hmm
NC_008313.1,1776940,1781119,4179,sigi_hmm
NC_008313.1,1798594,1802748,4154,sigi_hmm
NC_008313.1,1837408,1844506,7098,sigi_hmm
NC_008313.1,1866729,1872425,5696,sigi_hmm
NC_008313.1,1882319,1894831,12512,sigi_hmm
NC_008313.1,1932881,1941097,8216,sigi_hmm
NC_008313.1,1959131,1968788,9657,sigi_hmm
NC_008313.1,1979547,1988772,9225,sigi_hmm
NC_008313.1,1991426,2002413,10987,sigi_hmm
NC_008313.1,2005650,2010315,4665,sigi_hmm
NC_008313.1,2023782,2029688,5906,sigi_hmm
NC_008313.1,2058417,2063571,5154,sigi_hmm
NC_008313.1,2148251,2160415,12164,sigi_hmm
NC_008313.1,2177060,2183342,6282,sigi_hmm
NC_008313.1,2195909,2203070,7161,sigi_hmm
NC_008313.1,2290859,2297738,6879,sigi_hmm
NC_008313.1,2320920,2330200,9280,sigi_hmm
NC_008313.1,2365899,2370483,4584,sigi_hmm
NC_008313.1,2383940,2388179,4239,sigi_hmm
NC_008313.1,2394852,2401325,6473,sigi_hmm
NC_008313.1,2633871,2642711,8840,sigi_hmm
NC_008313.1,2693614,2706952,13338,sigi_hmm
NC_008313.1,3116576,3144343,27767,sigi_hmm
NC_008313.1,3463528,3491521,27993,sigi_hmm
NC_008819.1,1351,11986,10635,sigi_hmm
NC_008819.1,790788,807230,16442,sigi_hmm
NC_007481.1,429278,434185,4907,sigi_hmm
NC_006085.1,874573,879361,4788,sigi_hmm
NC_006085.1,932989,946999,14010,sigi_hmm
NC_006085.1,1392027,1408639,16612,sigi_hmm
NC_006085.1,1707836,1712093,4257,sigi_hmm
NC_002947.3,1740678,1748235,7557,sigi_hmm
NC_002947.3,2000057,2011430,11373,sigi_hmm
NC_002947.3,2164314,2174029,9715,sigi_hmm
NC_002947.3,2179803,2203310,23507,sigi_hmm
NC_002947.3,2204821,2227398,22577,sigi_hmm
NC_010501.1,2520458,2541032,20574,sigi_hmm
NC_010501.1,2545337,2551369,6032,sigi_hmm
NC_010501.1,2597880,2604744,6864,sigi_hmm
NC_010501.1,2612926,2632987,20061,sigi_hmm
NC_010501.1,2811416,2826491,15075,sigi_hmm
NC_010501.1,3453021,3459728,6707,sigi_hmm
NC_010501.1,3563506,3568119,4613,sigi_hmm
NC_010501.1,3583517,3592068,8551,sigi_hmm
NC_010501.1,3601556,3607513,5957,sigi_hmm
NC_010501.1,3679074,3695406,16332,sigi_hmm
NC_010501.1,3992256,4005137,12881,sigi_hmm
NC_010501.1,4086890,4094579,7689,sigi_hmm
NC_010501.1,4352174,4357051,4877,sigi_hmm
NC_010501.1,4386482,4391949,5467,sigi_hmm
NC_010501.1,4792154,4796415,4261,sigi_hmm
NC_010501.1,4995670,5007563,11893,sigi_hmm
NC_010501.1,5741564,5753604,12040,sigi_hmm
NC_002947.3,17133,22114,4981,sigi_hmm
NC_002947.3,23176,27727,4551,sigi_hmm
NC_002947.3,746515,759026,12511,sigi_hmm
NC_002947.3,1023765,1028737,4972,sigi_hmm
NC_002947.3,1278734,1282906,4172,sigi_hmm
NC_004578.1,5211342,5218624,7282,sigi_hmm
NC_004578.1,5302307,5307701,5394,sigi_hmm
NC_004578.1,5344569,5350647,6078,sigi_hmm
NC_004578.1,5367332,5374362,7030,sigi_hmm
NC_004578.1,5376643,5384651,8008,sigi_hmm
NC_004578.1,5423493,5427757,4264,sigi_hmm
NC_004578.1,5631161,5641774,10613,sigi_hmm
NC_004578.1,5922182,5926277,4095,sigi_hmm
NC_004578.1,5927129,5932424,5295,sigi_hmm
NC_004578.1,6076193,6081853,5660,sigi_hmm
NC_004578.1,6094527,6101872,7345,sigi_hmm
NC_004578.1,6146992,6151620,4628,sigi_hmm
NC_004578.1,6341287,6354199,12912,sigi_hmm
NC_004578.1,6356934,6362011,5077,sigi_hmm
NC_007005.1,108211,116873,8662,sigi_hmm
NC_007005.1,149457,155016,5559,sigi_hmm
NC_007005.1,177069,181845,4776,sigi_hmm
NC_007005.1,327895,332632,4737,sigi_hmm
NC_007005.1,786913,791205,4292,sigi_hmm
NC_007005.1,838293,857875,19582,sigi_hmm
NC_007005.1,1377971,1384949,6978,sigi_hmm
NC_007005.1,1421368,1427144,5776,sigi_hmm
NC_007005.1,1605214,1612940,7726,sigi_hmm
NC_007005.1,1620935,1629257,8322,sigi_hmm
NC_007005.1,1646308,1656401,10093,sigi_hmm
NC_007005.1,1670787,1678069,7282,sigi_hmm
NC_007005.1,1691456,1702323,10867,sigi_hmm
NC_007005.1,1712925,1734884,21959,sigi_hmm
NC_007005.1,1746099,1750403,4304,sigi_hmm
NC_007005.1,2192780,2208556,15776,sigi_hmm
NC_007005.1,2721143,2726128,4985,sigi_hmm
NC_007005.1,3207940,3224826,16886,sigi_hmm
NC_007005.1,3226787,3236753,9966,sigi_hmm
NC_007005.1,3378698,3385478,6780,sigi_hmm
NC_007005.1,3388751,3393898,5147,sigi_hmm
NC_007005.1,3409060,3415406,6346,sigi_hmm
NC_007005.1,3417630,3428691,11061,sigi_hmm
NC_007005.1,3695765,3705765,10000,sigi_hmm
NC_007005.1,4435760,4440036,4276,sigi_hmm
NC_007005.1,4522205,4531439,9234,sigi_hmm
NC_007005.1,4532460,4542603,10143,sigi_hmm
NC_007005.1,5000484,5007992,7508,sigi_hmm
NC_007005.1,5164033,5170846,6813,sigi_hmm
NC_007005.1,5357037,5361257,4220,sigi_hmm
NC_007005.1,5373470,5382201,8731,sigi_hmm
NC_007005.1,5510601,5520779,10178,sigi_hmm
NC_007005.1,5780858,5785244,4386,sigi_hmm
NC_007005.1,5892198,5897137,4939,sigi_hmm
NC_007005.1,5901334,5908228,6894,sigi_hmm
NC_007005.1,5921011,5925952,4941,sigi_hmm
NC_007005.1,6063869,6071856,7987,sigi_hmm
NC_010501.1,7447,15414,7967,sigi_hmm
NC_010501.1,34741,40172,5431,sigi_hmm
NC_010501.1,747768,758519,10751,sigi_hmm
NC_010501.1,914928,927176,12248,sigi_hmm
NC_010501.1,1453346,1458351,5005,sigi_hmm
NC_010501.1,1530711,1535798,5087,sigi_hmm
NC_010501.1,1876635,1896277,19642,sigi_hmm
NC_007348.1,1892014,1898788,6774,sigi_hmm
NC_007348.1,1910613,1918726,8113,sigi_hmm
NC_007348.1,1920649,1930776,10127,sigi_hmm
NC_007348.1,2021156,2025384,4228,sigi_hmm
NC_007348.1,2121475,2126456,4981,sigi_hmm
NC_007348.1,2523558,2540846,17288,sigi_hmm
NC_007348.1,2560996,2573769,12773,sigi_hmm
NC_007348.1,2629388,2635265,5877,sigi_hmm
NC_003413.1,702106,706533,4427,sigi_hmm
NC_003413.1,710768,714814,4046,sigi_hmm
NC_003413.1,724074,728257,4183,sigi_hmm
NC_003413.1,769195,775161,5966,sigi_hmm
NC_009434.1,68677,73573,4896,sigi_hmm
NC_009434.1,97818,102973,5155,sigi_hmm
NC_009434.1,208056,212708,4652,sigi_hmm
NC_009434.1,270154,276889,6735,sigi_hmm
NC_009434.1,449684,454191,4507,sigi_hmm
NC_009434.1,652729,666295,13566,sigi_hmm
NC_009434.1,675875,680553,4678,sigi_hmm
NC_009434.1,702609,715899,13290,sigi_hmm
NC_009434.1,754035,759380,5345,sigi_hmm
NC_009434.1,804054,813631,9577,sigi_hmm
NC_009434.1,864940,874388,9448,sigi_hmm
NC_009434.1,994646,1004396,9750,sigi_hmm
NC_009434.1,1411990,1416631,4641,sigi_hmm
NC_009434.1,1432264,1436725,4461,sigi_hmm
NC_009434.1,1586969,1595320,8351,sigi_hmm
NC_009434.1,1749562,1754036,4474,sigi_hmm
NC_009434.1,2530039,2537862,7823,sigi_hmm
NC_009434.1,3443813,3454571,10758,sigi_hmm
NC_009434.1,3475001,3479732,4731,sigi_hmm
NC_009434.1,3512101,3521202,9101,sigi_hmm
NC_009434.1,3617577,3624037,6460,sigi_hmm
NC_009434.1,3627268,3644154,16886,sigi_hmm
NC_009434.1,3647048,3651656,4608,sigi_hmm
NC_009434.1,3664373,3670033,5660,sigi_hmm
NC_009434.1,3674484,3683063,8579,sigi_hmm
NC_009434.1,3685580,3692435,6855,sigi_hmm
NC_009434.1,3693504,3698430,4926,sigi_hmm
NC_009434.1,3714917,3726493,11576,sigi_hmm
NC_009434.1,3738471,3755529,17058,sigi_hmm
NC_009434.1,3817391,3821830,4439,sigi_hmm
NC_009434.1,3858993,3868169,9176,sigi_hmm
NC_009434.1,4504054,4508556,4502,sigi_hmm
NC_009434.1,4517163,4522201,5038,sigi_hmm
NC_008314.1,17145,38129,20984,sigi_hmm
NC_008314.1,317688,323793,6105,sigi_hmm
NC_008314.1,336038,340445,4407,sigi_hmm
NC_008314.1,392906,398089,5183,sigi_hmm
NC_008314.1,483347,487856,4509,sigi_hmm
NC_008314.1,490069,500256,10187,sigi_hmm
NC_008314.1,525088,534098,9010,sigi_hmm
NC_008314.1,690914,696950,6036,sigi_hmm
NC_008314.1,1021628,1026141,4513,sigi_hmm
NC_008314.1,1137711,1142882,5171,sigi_hmm
NC_008314.1,1208222,1218507,10285,sigi_hmm
NC_008314.1,1484317,1497038,12721,sigi_hmm
NC_008314.1,1564484,1573622,9138,sigi_hmm
NC_008314.1,1574181,1584482,10301,sigi_hmm
NC_008314.1,1592650,1598263,5613,sigi_hmm
NC_008314.1,1825223,1841389,16166,sigi_hmm
NC_008314.1,1963319,1980013,16694,sigi_hmm
NC_008314.1,1990669,1994976,4307,sigi_hmm
NC_008314.1,2247398,2254379,6981,sigi_hmm
NC_008314.1,2274014,2278648,4634,sigi_hmm
NC_008314.1,2281850,2289709,7859,sigi_hmm
NC_008314.1,2616842,2625019,8177,sigi_hmm
NC_008314.1,2690066,2706163,16097,sigi_hmm
NC_008314.1,2751281,2789597,38316,sigi_hmm
NC_007958.1,835419,851354,15935,sigi_hmm
NC_007958.1,2209291,2214403,5112,sigi_hmm
NC_007958.1,2376912,2402817,25905,sigi_hmm
NC_007958.1,2406084,2410995,4911,sigi_hmm
NC_007958.1,2414971,2419847,4876,sigi_hmm
NC_007958.1,2421854,2435313,13459,sigi_hmm
NC_007958.1,4085511,4089703,4192,sigi_hmm
NC_007958.1,4374600,4380315,5715,sigi_hmm
NC_007958.1,4382628,4388867,6239,sigi_hmm
NC_007958.1,4397755,4404100,6345,sigi_hmm
NC_005773.3,111138,116691,5553,sigi_hmm
NC_005773.3,205079,222554,17475,sigi_hmm
NC_005773.3,521614,526030,4416,sigi_hmm
NC_005773.3,718229,730181,11952,sigi_hmm
NC_005773.3,873205,883145,9940,sigi_hmm
NC_005773.3,889391,895116,5725,sigi_hmm
NC_005773.3,897416,906249,8833,sigi_hmm
NC_005773.3,910262,914931,4669,sigi_hmm
NC_005773.3,1139722,1149723,10001,sigi_hmm
NC_005773.3,1153466,1162073,8607,sigi_hmm
NC_005773.3,1340646,1345496,4850,sigi_hmm
NC_005773.3,1857970,1864999,7029,sigi_hmm
NC_005773.3,2176429,2181951,5522,sigi_hmm
NC_005773.3,2192457,2201546,9089,sigi_hmm
NC_005773.3,2502610,2508530,5920,sigi_hmm
NC_005773.3,2769767,2776804,7037,sigi_hmm
NC_005773.3,3231624,3238853,7229,sigi_hmm
NC_005773.3,3263636,3269114,5478,sigi_hmm
NC_005773.3,3630432,3638727,8295,sigi_hmm
NC_005773.3,4290066,4294703,4637,sigi_hmm
NC_005773.3,4309087,4314121,5034,sigi_hmm
NC_005773.3,4549481,4556168,6687,sigi_hmm
NC_005773.3,4804838,4811839,7001,sigi_hmm
NC_005773.3,4902917,4914782,11865,sigi_hmm
NC_005773.3,4929004,4938885,9881,sigi_hmm
NC_005773.3,5158974,5163448,4474,sigi_hmm
NC_005773.3,5172524,5183480,10956,sigi_hmm
NC_005773.3,5185788,5197870,12082,sigi_hmm
NC_005773.3,5643544,5652302,8758,sigi_hmm
NC_005773.3,5741856,5747983,6127,sigi_hmm
NC_005773.3,5755796,5760340,4544,sigi_hmm
NC_004578.1,25187,29323,4136,sigi_hmm
NC_004578.1,30850,44310,13460,sigi_hmm
NC_004578.1,56542,69606,13064,sigi_hmm
NC_004578.1,221125,234099,12974,sigi_hmm
NC_004578.1,574681,582171,7490,sigi_hmm
NC_004578.1,645345,649705,4360,sigi_hmm
NC_004578.1,906604,916415,9811,sigi_hmm
NC_004578.1,938532,950149,11617,sigi_hmm
NC_004578.1,1198881,1204314,5433,sigi_hmm
NC_004578.1,1278328,1282393,4065,sigi_hmm
NC_004578.1,1730311,1734670,4359,sigi_hmm
NC_004578.1,2018748,2023519,4771,sigi_hmm
NC_004578.1,2639556,2644068,4512,sigi_hmm
NC_004578.1,2679142,2689505,10363,sigi_hmm
NC_004578.1,2803874,2808165,4291,sigi_hmm
NC_004578.1,3209245,3226375,17130,sigi_hmm
NC_004578.1,3824533,3829780,5247,sigi_hmm
NC_004578.1,3856601,3860797,4196,sigi_hmm
NC_004578.1,4211413,4215694,4281,sigi_hmm
NC_004578.1,4441402,4447263,5861,sigi_hmm
NC_004578.1,4470140,4474902,4762,sigi_hmm
NC_004578.1,4543232,4547441,4209,sigi_hmm
NC_004578.1,4715051,4719450,4399,sigi_hmm
NC_004578.1,4872780,4878457,5677,sigi_hmm
NC_007778.1,1737800,1748408,10608,sigi_hmm
NC_007778.1,1836666,1840983,4317,sigi_hmm
NC_007778.1,2484918,2489195,4277,sigi_hmm
NC_007778.1,2511631,2515781,4150,sigi_hmm
NC_007778.1,2887224,2900967,13743,sigi_hmm
NC_007778.1,2906811,2911190,4379,sigi_hmm
NC_007778.1,3356382,3361898,5516,sigi_hmm
NC_007778.1,3470661,3498759,28098,sigi_hmm
NC_007778.1,3500442,3507828,7386,sigi_hmm
NC_007778.1,3780879,3788422,7543,sigi_hmm
NC_007778.1,3789128,3806152,17024,sigi_hmm
NC_007778.1,3979332,3983402,4070,sigi_hmm
NC_007778.1,4675441,4680512,5071,sigi_hmm
NC_007778.1,5085273,5089921,4648,sigi_hmm
NC_007348.1,423583,428471,4888,sigi_hmm
NC_010162.1,10907016,10917206,10190,sigi_hmm
NC_010162.1,11772957,11778899,5942,sigi_hmm
NC_010162.1,11815213,11825682,10469,sigi_hmm
NC_010162.1,12232334,12246202,13868,sigi_hmm
NC_010162.1,12254090,12258143,4053,sigi_hmm
NC_007778.1,210211,214485,4274,sigi_hmm
NC_007778.1,1060476,1070166,9690,sigi_hmm
NC_009997.1,1374349,1379902,5553,sigi_hmm
NC_009997.1,2074408,2083422,9014,sigi_hmm
NC_009997.1,2358232,2364294,6062,sigi_hmm
NC_009997.1,2364920,2374697,9777,sigi_hmm
NC_009997.1,2379448,2386250,6802,sigi_hmm
NC_009997.1,2416194,2420751,4557,sigi_hmm
NC_009997.1,2590478,2595433,4955,sigi_hmm
NC_009997.1,2641910,2646326,4416,sigi_hmm
NC_009997.1,2974205,2980135,5930,sigi_hmm
NC_009997.1,3396055,3400314,4259,sigi_hmm
NC_009997.1,3489964,3494919,4955,sigi_hmm
NC_009997.1,3596972,3607173,10201,sigi_hmm
NC_009997.1,3995450,3999562,4112,sigi_hmm
NC_009997.1,4004663,4010861,6198,sigi_hmm
NC_009997.1,4115293,4121152,5859,sigi_hmm
NC_009997.1,4320885,4326641,5756,sigi_hmm
NC_009997.1,5026250,5031996,5746,sigi_hmm
NC_009997.1,5108192,5113664,5472,sigi_hmm
NC_009997.1,5196781,5203316,6535,sigi_hmm
NC_009997.1,5210868,5223170,12302,sigi_hmm
NC_007204.1,556815,561825,5010,sigi_hmm
NC_007204.1,758105,764955,6850,sigi_hmm
NC_007204.1,778547,789016,10469,sigi_hmm
NC_007204.1,1179272,1194221,14949,sigi_hmm
NC_007204.1,1451054,1458524,7470,sigi_hmm
NC_007204.1,1658537,1666260,7723,sigi_hmm
NC_007204.1,1959325,1979472,20147,sigi_hmm
NC_007974.1,796268,800872,4604,sigi_hmm
NC_007974.1,1721127,1725914,4787,sigi_hmm
NC_007974.1,1726823,1731070,4247,sigi_hmm
NC_007974.1,2061000,2067267,6267,sigi_hmm
NC_007974.1,2079754,2086475,6721,sigi_hmm
NC_007974.1,2102113,2115214,13101,sigi_hmm
NC_007974.1,2120601,2127005,6404,sigi_hmm
NC_007974.1,2131041,2135708,4667,sigi_hmm
NC_007974.1,2143067,2147610,4543,sigi_hmm
NC_007974.1,2154654,2158801,4147,sigi_hmm
NC_007974.1,2160214,2174272,14058,sigi_hmm
NC_007969.1,734360,744382,10022,sigi_hmm
NC_007969.1,746640,752365,5725,sigi_hmm
NC_007969.1,1092083,1096367,4284,sigi_hmm
NC_007969.1,1110067,1115584,5517,sigi_hmm
NC_007969.1,1655185,1659907,4722,sigi_hmm
NC_007969.1,1672782,1679284,6502,sigi_hmm
NC_007969.1,2214520,2219269,4749,sigi_hmm
NC_007969.1,2882520,2886585,4065,sigi_hmm
NC_007969.1,2890038,2895094,5056,sigi_hmm
NC_009524.1,270520,274601,4081,sigi_hmm
NC_009524.1,276694,285613,8919,sigi_hmm
NC_009524.1,864730,873581,8851,sigi_hmm
NC_009524.1,1377399,1382562,5163,sigi_hmm
NC_009524.1,1497952,1508339,10387,sigi_hmm
NC_009524.1,1569287,1576380,7093,sigi_hmm
NC_009524.1,1632420,1640698,8278,sigi_hmm
NC_000868.1,1610398,1629175,18777,sigi_hmm
NC_008709.1,1909585,1915637,6052,sigi_hmm
NC_008709.1,1989328,1996478,7150,sigi_hmm
NC_008709.1,2912351,2925853,13502,sigi_hmm
NC_005296.1,1929247,1933506,4259,sigi_hmm
NC_005296.1,2560618,2567742,7124,sigi_hmm
NC_005296.1,2869057,2873579,4522,sigi_hmm
NC_005296.1,4578940,4583694,4754,sigi_hmm
NC_005296.1,4587670,4605989,18319,sigi_hmm
NC_005296.1,4652962,4658322,5360,sigi_hmm
NC_005296.1,4668297,4672884,4587,sigi_hmm
NC_005296.1,4822209,4827884,5675,sigi_hmm
NC_005296.1,5119758,5124109,4351,sigi_hmm
NC_010162.1,385371,390856,5485,sigi_hmm
NC_010162.1,904975,912570,7595,sigi_hmm
NC_010162.1,1773401,1777924,4523,sigi_hmm
NC_010162.1,2963129,2967558,4429,sigi_hmm
NC_010162.1,6570044,6575272,5228,sigi_hmm
NC_010162.1,7579541,7585308,5767,sigi_hmm
NC_010162.1,7833550,7838043,4493,sigi_hmm
NC_010162.1,8521851,8525890,4039,sigi_hmm
NC_010162.1,8532849,8540401,7552,sigi_hmm
NC_010162.1,8765776,8773319,7543,sigi_hmm
NC_010162.1,8882134,8888816,6682,sigi_hmm
NC_010162.1,9318832,9330429,11597,sigi_hmm
NC_010162.1,9567437,9572853,5416,sigi_hmm
NC_010162.1,10447964,10457683,9719,sigi_hmm
NC_010162.1,10681420,10685752,4332,sigi_hmm
NC_008380.1,2217727,2231724,13997,sigi_hmm
NC_008380.1,2236744,2240970,4226,sigi_hmm
NC_008380.1,2243365,2250551,7186,sigi_hmm
NC_008380.1,2272138,2276561,4423,sigi_hmm
NC_008380.1,2279417,2288121,8704,sigi_hmm
NC_008380.1,2291261,2304189,12928,sigi_hmm
NC_008380.1,2315135,2320763,5628,sigi_hmm
NC_008380.1,3246317,3258233,11916,sigi_hmm
NC_008380.1,4051606,4056464,4858,sigi_hmm
NC_008380.1,4173125,4178779,5654,sigi_hmm
NC_008380.1,4972495,4980263,7768,sigi_hmm
NC_008268.1,574938,579317,4379,sigi_hmm
NC_008268.1,703997,708575,4578,sigi_hmm
NC_008268.1,2475151,2479628,4477,sigi_hmm
NC_008268.1,2882973,2887757,4784,sigi_hmm
NC_008268.1,2908895,2914236,5341,sigi_hmm
NC_008268.1,3372721,3376747,4026,sigi_hmm
NC_008268.1,3446384,3452195,5811,sigi_hmm
NC_008268.1,3595335,3599400,4065,sigi_hmm
NC_009953.1,687132,691689,4557,sigi_hmm
NC_009953.1,1041099,1045780,4681,sigi_hmm
NC_009953.1,1372286,1377638,5352,sigi_hmm
NC_009953.1,1836317,1840325,4008,sigi_hmm
NC_009953.1,2112644,2121287,8643,sigi_hmm
NC_009953.1,2251593,2258002,6409,sigi_hmm
NC_009953.1,2286233,2295035,8802,sigi_hmm
NC_009953.1,3431337,3435578,4241,sigi_hmm
NC_009953.1,3450446,3458122,7676,sigi_hmm
NC_009953.1,4238602,4245128,6526,sigi_hmm
NC_009953.1,4752860,4764567,11707,sigi_hmm
NC_009997.1,420622,425461,4839,sigi_hmm
NC_009997.1,631564,636952,5388,sigi_hmm
NC_009997.1,676559,682536,5977,sigi_hmm
NC_009997.1,692871,697712,4841,sigi_hmm
NC_009997.1,719407,727463,8056,sigi_hmm
NC_009997.1,736954,741536,4582,sigi_hmm
NC_009997.1,749019,754796,5777,sigi_hmm
NC_009523.1,1797654,1803597,5943,sigi_hmm
NC_009523.1,2070056,2074436,4380,sigi_hmm
NC_009523.1,3668279,3675368,7089,sigi_hmm
NC_009523.1,4097779,4102257,4478,sigi_hmm
NC_009523.1,4247632,4252017,4385,sigi_hmm
NC_009523.1,4453187,4458418,5231,sigi_hmm
NC_009523.1,4592216,4600932,8716,sigi_hmm
NC_009523.1,5114137,5119487,5350,sigi_hmm
NC_009523.1,5529611,5534725,5114,sigi_hmm
NC_009523.1,5540954,5547457,6503,sigi_hmm
NC_007643.1,603321,607532,4211,sigi_hmm
NC_007643.1,917373,921860,4487,sigi_hmm
NC_007643.1,964687,970436,5749,sigi_hmm
NC_007643.1,989355,996059,6704,sigi_hmm
NC_007643.1,1512945,1517793,4848,sigi_hmm
NC_007643.1,1786025,1790116,4091,sigi_hmm
NC_007643.1,1935149,1940680,5531,sigi_hmm
NC_007643.1,1999261,2003555,4294,sigi_hmm
NC_007643.1,4301226,4305737,4511,sigi_hmm
NC_004347.1,726928,731744,4816,sigi_hmm
NC_004347.1,1045281,1060305,15024,sigi_hmm
NC_004347.1,2052016,2057547,5531,sigi_hmm
NC_004347.1,2674599,2682465,7866,sigi_hmm
NC_004347.1,3205035,3209303,4268,sigi_hmm
NC_004347.1,3311216,3331130,19914,sigi_hmm
NC_004347.1,3441525,3458709,17184,sigi_hmm
NC_004347.1,3677468,3683691,6223,sigi_hmm
NC_004347.1,4018056,4022190,4134,sigi_hmm
NC_004347.1,4309601,4319566,9965,sigi_hmm
NC_004347.1,4436455,4441113,4658,sigi_hmm
NC_004347.1,4465546,4472866,7320,sigi_hmm
NC_011004.1,1127760,1133953,6193,sigi_hmm
NC_011004.1,1136895,1157655,20760,sigi_hmm
NC_011004.1,1159574,1171765,12191,sigi_hmm
NC_011004.1,1180059,1185300,5241,sigi_hmm
NC_011004.1,1584699,1590229,5530,sigi_hmm
NC_011004.1,2462509,2490465,27956,sigi_hmm
NC_011004.1,2509550,2514834,5284,sigi_hmm
NC_011004.1,2518798,2522961,4163,sigi_hmm
NC_011004.1,2697845,2703029,5184,sigi_hmm
NC_011004.1,2920251,2924887,4636,sigi_hmm
NC_011004.1,3265888,3270146,4258,sigi_hmm
NC_011004.1,3587744,3597217,9473,sigi_hmm
NC_011004.1,3844529,3848758,4229,sigi_hmm
NC_011004.1,4070798,4077614,6816,sigi_hmm
NC_011004.1,4082080,4088181,6101,sigi_hmm
NC_011004.1,4091174,4095419,4245,sigi_hmm
NC_011004.1,4097849,4107471,9622,sigi_hmm
NC_011004.1,4208560,4214225,5665,sigi_hmm
NC_011004.1,5119688,5124467,4779,sigi_hmm
NC_009831.1,794301,798773,4472,sigi_hmm
NC_009831.1,1554850,1560048,5198,sigi_hmm
NC_009831.1,2126997,2131054,4057,sigi_hmm
NC_009831.1,2345093,2353855,8762,sigi_hmm
NC_009831.1,2896701,2901775,5074,sigi_hmm
NC_009831.1,3591027,3597374,6347,sigi_hmm
NC_009831.1,3621109,3647787,26678,sigi_hmm
NC_009831.1,4550071,4555117,5046,sigi_hmm
NC_009831.1,4564614,4572347,7733,sigi_hmm
NC_009831.1,4891430,4897369,5939,sigi_hmm
NC_009831.1,5203441,5211499,8058,sigi_hmm
NC_009901.1,64064,69545,5481,sigi_hmm
NC_009901.1,602626,608490,5864,sigi_hmm
NC_009901.1,1417740,1424648,6908,sigi_hmm
NC_009901.1,1522829,1527147,4318,sigi_hmm
NC_009901.1,1697589,1717238,19649,sigi_hmm
NC_009901.1,2278702,2283173,4471,sigi_hmm
NC_009901.1,2296140,2305251,9111,sigi_hmm
NC_009901.1,2436305,2444503,8198,sigi_hmm
NC_009901.1,2614177,2623617,9440,sigi_hmm
NC_009901.1,2676990,2683710,6720,sigi_hmm
NC_009901.1,2799563,2813660,14097,sigi_hmm
NC_009901.1,3568168,3578667,10499,sigi_hmm
NC_009901.1,4221496,4230607,9111,sigi_hmm
NC_009665.1,642271,648248,5977,sigi_hmm
NC_009665.1,685087,693143,8056,sigi_hmm
NC_009665.1,702634,708610,5976,sigi_hmm
NC_009665.1,1338653,1346714,8061,sigi_hmm
NC_009665.1,1842086,1847180,5094,sigi_hmm
NC_009665.1,1889955,1894965,5010,sigi_hmm
NC_009665.1,2041051,2045667,4616,sigi_hmm
NC_009665.1,2222502,2232190,9688,sigi_hmm
NC_009665.1,2233825,2239443,5618,sigi_hmm
NC_009665.1,2362309,2370278,7969,sigi_hmm
NC_009665.1,2600990,2611481,10491,sigi_hmm
NC_009665.1,2614480,2619812,5332,sigi_hmm
NC_009665.1,3032553,3036737,4184,sigi_hmm
NC_009665.1,3059786,3066385,6599,sigi_hmm
NC_009665.1,3324387,3328646,4259,sigi_hmm
NC_009665.1,3464527,3469294,4767,sigi_hmm
NC_009665.1,3470716,3478527,7811,sigi_hmm
NC_009665.1,3479501,3488574,9073,sigi_hmm
NC_009665.1,3876969,3888591,11622,sigi_hmm
NC_009665.1,3996062,4002601,6539,sigi_hmm
NC_009665.1,4011165,4016117,4952,sigi_hmm
NC_009665.1,4364742,4368887,4145,sigi_hmm
NC_009665.1,4996478,5001951,5473,sigi_hmm
NC_009665.1,5077871,5086189,8318,sigi_hmm
NC_007677.1,806744,811047,4303,sigi_hmm
NC_007677.1,824152,829698,5546,sigi_hmm
NC_007494.1,33315,45330,12015,sigi_hmm
NC_007494.1,727054,732306,5252,sigi_hmm
NC_007494.1,747125,758089,10964,sigi_hmm
NC_007494.1,873585,887611,14026,sigi_hmm
NC_009050.1,224189,228542,4353,sigi_hmm
NC_009050.1,238090,244353,6263,sigi_hmm
NC_009050.1,271707,276525,4818,sigi_hmm
NC_009050.1,429480,440468,10988,sigi_hmm
NC_009050.1,834146,838709,4563,sigi_hmm
NC_009050.1,846327,859203,12876,sigi_hmm
NC_004631.1,694100,699329,5229,sigi_hmm
NC_004631.1,790168,796098,5930,sigi_hmm
NC_004631.1,808586,815542,6956,sigi_hmm
NC_004631.1,872595,886216,13621,sigi_hmm
NC_004631.1,956794,979501,22707,sigi_hmm
NC_004631.1,1097908,1107971,10063,sigi_hmm
NC_004631.1,1189317,1200861,11544,sigi_hmm
NC_004631.1,1330634,1348077,17443,sigi_hmm
NC_004631.1,1351759,1355895,4136,sigi_hmm
NC_004631.1,1506693,1514542,7849,sigi_hmm
NC_004631.1,1847804,1853310,5506,sigi_hmm
NC_004631.1,1963917,1972330,8413,sigi_hmm
NC_004631.1,2212418,2224117,11699,sigi_hmm
NC_004631.1,2370775,2376910,6135,sigi_hmm
NC_004631.1,2587736,2595648,7912,sigi_hmm
NC_004631.1,2620356,2625194,4838,sigi_hmm
NC_004631.1,2628013,2632431,4418,sigi_hmm
NC_004631.1,2637504,2645732,8228,sigi_hmm
NC_004631.1,2652840,2661062,8222,sigi_hmm
NC_004631.1,2848522,2852874,4352,sigi_hmm
NC_004631.1,2940026,2944229,4203,sigi_hmm
NC_004631.1,3035273,3041183,5910,sigi_hmm
NC_004631.1,3119651,3126747,7096,sigi_hmm
NC_004631.1,3766760,3771093,4333,sigi_hmm
NC_004631.1,3815625,3820854,5229,sigi_hmm
NC_004631.1,3917889,3926345,8456,sigi_hmm
NC_004631.1,4307643,4312231,4588,sigi_hmm
NC_004631.1,4389128,4393457,4329,sigi_hmm
NC_004631.1,4419989,4434991,15002,sigi_hmm
NC_004631.1,4444245,4450643,6398,sigi_hmm
NC_004631.1,4513988,4521061,7073,sigi_hmm
NC_004631.1,4674542,4688115,13573,sigi_hmm
NC_009049.1,87359,94098,6739,sigi_hmm
NC_009049.1,627898,638686,10788,sigi_hmm
NC_009049.1,1137190,1142759,5569,sigi_hmm
NC_009049.1,2144901,2152241,7340,sigi_hmm
NC_009049.1,2395075,2402243,7168,sigi_hmm
NC_009428.1,734141,743935,9794,sigi_hmm
NC_009428.1,816517,821716,5199,sigi_hmm
NC_009428.1,843574,847640,4066,sigi_hmm
NC_009428.1,1309790,1314305,4515,sigi_hmm
NC_009428.1,1439853,1445550,5697,sigi_hmm
NC_009428.1,1837682,1851964,14282,sigi_hmm
NC_009428.1,1866159,1871558,5399,sigi_hmm
NC_007925.1,143017,163330,20313,sigi_hmm
NC_007925.1,1090358,1100829,10471,sigi_hmm
NC_007925.1,1455716,1462553,6837,sigi_hmm
NC_007925.1,2195926,2201545,5619,sigi_hmm
NC_007925.1,2574832,2579633,4801,sigi_hmm
NC_007925.1,2745609,2749671,4062,sigi_hmm
NC_007925.1,3129495,3133940,4445,sigi_hmm
NC_007493.1,217086,221896,4810,sigi_hmm
NC_007925.1,3361422,3366681,5259,sigi_hmm
NC_007925.1,3915221,3925338,10117,sigi_hmm
NC_007493.1,550280,557740,7460,sigi_hmm
NC_007925.1,3939771,3946798,7027,sigi_hmm
NC_007493.1,636721,644698,7977,sigi_hmm
NC_007925.1,4066717,4075714,8997,sigi_hmm
NC_007493.1,1070679,1075888,5209,sigi_hmm
NC_007925.1,4298460,4317680,19220,sigi_hmm
NC_007493.1,1407231,1413761,6530,sigi_hmm
NC_007925.1,4361522,4374573,13051,sigi_hmm
NC_007925.1,4807213,4811358,4145,sigi_hmm
NC_007493.1,1680129,1691755,11626,sigi_hmm
NC_007493.1,1693482,1700622,7140,sigi_hmm
NC_007493.1,1936160,1944140,7980,sigi_hmm
NC_007493.1,2348723,2352757,4034,sigi_hmm
NC_007761.1,246548,253588,7040,sigi_hmm
NC_007761.1,786883,795259,8376,sigi_hmm
NC_007761.1,803743,814177,10434,sigi_hmm
NC_007761.1,817981,822400,4419,sigi_hmm
NC_007761.1,1085398,1091505,6107,sigi_hmm
NC_007761.1,1103398,1114412,11014,sigi_hmm
NC_007761.1,1124949,1130314,5365,sigi_hmm
NC_007761.1,1153311,1167768,14457,sigi_hmm
NC_007761.1,2049670,2056727,7057,sigi_hmm
NC_007761.1,2060798,2078002,17204,sigi_hmm
NC_007761.1,2079352,2096582,17230,sigi_hmm
NC_007761.1,2109497,2114711,5214,sigi_hmm
NC_007761.1,3051864,3058622,6758,sigi_hmm
NC_007761.1,3061354,3066343,4989,sigi_hmm
NC_007761.1,3334814,3341501,6687,sigi_hmm
NC_007908.1,1030341,1035710,5369,sigi_hmm
NC_007908.1,1047461,1055022,7561,sigi_hmm
NC_007908.1,1115422,1121090,5668,sigi_hmm
NC_007908.1,1257378,1262636,5258,sigi_hmm
NC_007908.1,1271080,1280036,8956,sigi_hmm
NC_007908.1,1283387,1292285,8898,sigi_hmm
NC_007908.1,1319612,1326028,6416,sigi_hmm
NC_007908.1,1328832,1333048,4216,sigi_hmm
NC_007908.1,3377550,3382215,4665,sigi_hmm
NC_007908.1,3396620,3402031,5411,sigi_hmm
NC_007908.1,4530454,4538454,8000,sigi_hmm
NC_007908.1,4578201,4588640,10439,sigi_hmm
NC_007973.1,1797425,1803919,6494,sigi_hmm
NC_007973.1,2057087,2061537,4450,sigi_hmm
NC_007973.1,2357123,2377771,20648,sigi_hmm
NC_007973.1,2780834,2785938,5104,sigi_hmm
NC_007973.1,2898606,2904770,6164,sigi_hmm
NC_007973.1,2961081,2967844,6763,sigi_hmm
NC_007973.1,3088866,3097218,8352,sigi_hmm
NC_007973.1,3247285,3255076,7791,sigi_hmm
NC_003295.1,117992,125064,7072,sigi_hmm
NC_003295.1,203511,207916,4405,sigi_hmm
NC_003295.1,208819,237353,28534,sigi_hmm
NC_003295.1,275259,282566,7307,sigi_hmm
NC_003295.1,663206,667897,4691,sigi_hmm
NC_003295.1,670291,685122,14831,sigi_hmm
NC_003295.1,862468,876754,14286,sigi_hmm
NC_003295.1,1003644,1008369,4725,sigi_hmm
NC_003295.1,1538221,1542938,4717,sigi_hmm
NC_003295.1,1591303,1601619,10316,sigi_hmm
NC_003295.1,1787243,1797147,9904,sigi_hmm
NC_003295.1,1819189,1824566,5377,sigi_hmm
NC_003295.1,1980282,1987271,6989,sigi_hmm
NC_003295.1,2025558,2033939,8381,sigi_hmm
NC_003295.1,2313137,2318956,5819,sigi_hmm
NC_003295.1,2515076,2523702,8626,sigi_hmm
NC_003295.1,2525430,2534570,9140,sigi_hmm
NC_003295.1,2674532,2683021,8489,sigi_hmm
NC_003295.1,2684002,2689402,5400,sigi_hmm
NC_003295.1,2794292,2804443,10151,sigi_hmm
NC_003295.1,2811557,2817048,5491,sigi_hmm
NC_003295.1,2904830,2912108,7278,sigi_hmm
NC_003295.1,3273612,3280590,6978,sigi_hmm
NC_003295.1,3425694,3439676,13982,sigi_hmm
NC_003295.1,3455148,3464519,9371,sigi_hmm
NC_003295.1,3467878,3478079,10201,sigi_hmm
NC_003295.1,3490312,3495207,4895,sigi_hmm
NC_003295.1,3505182,3511435,6253,sigi_hmm
NC_003295.1,3692112,3710569,18457,sigi_hmm
NC_008435.1,609299,616082,6783,sigi_hmm
NC_008435.1,618933,635208,16275,sigi_hmm
NC_008435.1,1139971,1155658,15687,sigi_hmm
NC_008435.1,1163665,1167984,4319,sigi_hmm
NC_008435.1,1217650,1252446,34796,sigi_hmm
NC_008435.1,1256372,1272749,16377,sigi_hmm
NC_008435.1,1274506,1281818,7312,sigi_hmm
NC_008435.1,1292903,1299711,6808,sigi_hmm
NC_008435.1,2117083,2121683,4600,sigi_hmm
NC_008435.1,2373237,2414627,41390,sigi_hmm
NC_008435.1,2662582,2673539,10957,sigi_hmm
NC_008435.1,2676801,2688891,12090,sigi_hmm
NC_008435.1,2692803,2699923,7120,sigi_hmm
NC_008435.1,2706620,2713314,6694,sigi_hmm
NC_008435.1,2717569,2732492,14923,sigi_hmm
NC_008435.1,2735034,2748358,13324,sigi_hmm
NC_008435.1,2749741,2754733,4992,sigi_hmm
NC_008435.1,3621817,3628139,6322,sigi_hmm
NC_008435.1,4536306,4542739,6433,sigi_hmm
NC_006511.1,691606,696835,5229,sigi_hmm
NC_006511.1,801588,808368,6780,sigi_hmm
NC_006511.1,865299,884690,19391,sigi_hmm
NC_006511.1,1068872,1076759,7887,sigi_hmm
NC_006511.1,1080441,1090577,10136,sigi_hmm
NC_006511.1,1256195,1260451,4256,sigi_hmm
NC_006511.1,1279570,1287523,7953,sigi_hmm
NC_006511.1,1384829,1388891,4062,sigi_hmm
NC_006511.1,1510809,1515303,4494,sigi_hmm
NC_006511.1,1518627,1536130,17503,sigi_hmm
NC_006511.1,1662951,1673399,10448,sigi_hmm
NC_006511.1,1775403,1780049,4646,sigi_hmm
NC_006511.1,2096670,2109107,12437,sigi_hmm
NC_006511.1,2256198,2262333,6135,sigi_hmm
NC_006511.1,2471357,2479155,7798,sigi_hmm
NC_006511.1,2485824,2516124,30300,sigi_hmm
NC_006511.1,2516877,2527582,10705,sigi_hmm
NC_006511.1,2545075,2549919,4844,sigi_hmm
NC_006511.1,2552738,2558797,6059,sigi_hmm
NC_006511.1,2562231,2571960,9729,sigi_hmm
NC_006511.1,2576641,2580689,4048,sigi_hmm
NC_006511.1,2825197,2829549,4352,sigi_hmm
NC_006511.1,2917583,2921729,4146,sigi_hmm
NC_006511.1,3010011,3014910,4899,sigi_hmm
NC_006511.1,3087131,3092389,5258,sigi_hmm
NC_006511.1,3696236,3704551,8315,sigi_hmm
NC_006511.1,3767683,3774119,6436,sigi_hmm
NC_006511.1,3801424,3806653,5229,sigi_hmm
NC_006511.1,4232777,4237377,4600,sigi_hmm
NC_006511.1,4311279,4315608,4329,sigi_hmm
NC_006511.1,4473323,4481388,8065,sigi_hmm
NC_007912.1,341150,345722,4572,sigi_hmm
NC_007912.1,3492242,3496243,4001,sigi_hmm
NC_007912.1,3504504,3508943,4439,sigi_hmm
NC_010994.1,857181,871287,14106,sigi_hmm
NC_010994.1,873906,884153,10247,sigi_hmm
NC_010994.1,1158659,1164206,5547,sigi_hmm
NC_010994.1,1202602,1208364,5762,sigi_hmm
NC_010994.1,1819113,1823725,4612,sigi_hmm
NC_010994.1,2772904,2777283,4379,sigi_hmm
NC_010994.1,2869543,2876157,6614,sigi_hmm
NC_010994.1,3082651,3102369,19718,sigi_hmm
NC_010994.1,3313594,3323108,9514,sigi_hmm
NC_010994.1,3333464,3339490,6026,sigi_hmm
NC_010994.1,3349753,3356877,7124,sigi_hmm
NC_010994.1,3434051,3445757,11706,sigi_hmm
NC_010994.1,3481278,3487136,5858,sigi_hmm
NC_010994.1,3868021,3876721,8700,sigi_hmm
NC_009380.1,107799,112059,4260,sigi_hmm
NC_009380.1,592886,612583,19697,sigi_hmm
NC_009380.1,624001,628235,4234,sigi_hmm
NC_009380.1,631876,635897,4021,sigi_hmm
NC_009380.1,1203008,1212428,9420,sigi_hmm
NC_009380.1,1498434,1506596,8162,sigi_hmm
NC_009380.1,1615947,1629084,13137,sigi_hmm
NC_009380.1,1893098,1897762,4664,sigi_hmm
NC_009380.1,2258650,2266856,8206,sigi_hmm
NC_009380.1,3569223,3576205,6982,sigi_hmm
NC_000961.1,366611,375700,9089,sigi_hmm
NC_000961.1,380328,387133,6805,sigi_hmm
NC_000961.1,389666,393802,4136,sigi_hmm
NC_000961.1,1066512,1071074,4562,sigi_hmm
NC_000961.1,1615352,1620253,4901,sigi_hmm
NC_006905.1,331839,338184,6345,sigi_hmm
NC_006905.1,340740,355369,14629,sigi_hmm
NC_006905.1,372847,398174,25327,sigi_hmm
NC_006905.1,402576,417179,14603,sigi_hmm
NC_006905.1,430112,436472,6360,sigi_hmm
NC_006905.1,662279,666647,4368,sigi_hmm
NC_006905.1,853563,858753,5190,sigi_hmm
NC_006905.1,953021,960575,7554,sigi_hmm
NC_006905.1,1090512,1097685,7173,sigi_hmm
NC_006905.1,1098296,1104338,6042,sigi_hmm
NC_006905.1,1119604,1124402,4798,sigi_hmm
NC_006905.1,1351955,1356958,5003,sigi_hmm
NC_006905.1,1357713,1364442,6729,sigi_hmm
NC_006905.1,1513910,1531359,17449,sigi_hmm
NC_006905.1,1534629,1539177,4548,sigi_hmm
NC_006905.1,1732778,1742708,9930,sigi_hmm
NC_006905.1,1772412,1780350,7938,sigi_hmm
NC_006905.1,1967739,1978269,10530,sigi_hmm
NC_006905.1,1984202,1988508,4306,sigi_hmm
NC_006905.1,2182207,2191076,8869,sigi_hmm
NC_006905.1,2242893,2252255,9362,sigi_hmm
NC_006905.1,2362717,2367946,5229,sigi_hmm
NC_006905.1,2638190,2643241,5051,sigi_hmm
NC_006905.1,2749431,2754260,4829,sigi_hmm
NC_006905.1,2774766,2779969,5203,sigi_hmm
NC_006905.1,2861269,2866506,5237,sigi_hmm
NC_006905.1,2964494,2968530,4036,sigi_hmm
NC_006905.1,3151274,3155462,4188,sigi_hmm
NC_006905.1,3235867,3240025,4158,sigi_hmm
NC_006905.1,3724176,3728466,4290,sigi_hmm
NC_006905.1,3788396,3793239,4843,sigi_hmm
NC_006905.1,3850591,3858217,7626,sigi_hmm
NC_006905.1,3918088,3925660,7572,sigi_hmm
NC_006905.1,4411902,4417074,5172,sigi_hmm
NC_006905.1,4494144,4501111,6967,sigi_hmm
NC_006905.1,4646619,4662230,15611,sigi_hmm
NC_006905.1,4682267,4686823,4556,sigi_hmm
NC_008380.1,500140,504159,4019,sigi_hmm
NC_008380.1,862293,877559,15266,sigi_hmm
NC_008380.1,881245,901477,20232,sigi_hmm
NC_008380.1,2134399,2140730,6331,sigi_hmm
NC_011080.1,1967491,1973544,6053,sigi_hmm
NC_011080.1,2169633,2182351,12718,sigi_hmm
NC_011080.1,2350205,2355440,5235,sigi_hmm
NC_011080.1,2729050,2733947,4897,sigi_hmm
NC_011080.1,2765202,2773160,7958,sigi_hmm
NC_011080.1,2876683,2882402,5719,sigi_hmm
NC_011080.1,3547664,3555286,7622,sigi_hmm
NC_011080.1,3880728,3889044,8316,sigi_hmm
NC_011080.1,3983944,3989182,5238,sigi_hmm
NC_011080.1,4468194,4473625,5431,sigi_hmm
NC_011080.1,4555391,4560355,4964,sigi_hmm
NC_011080.1,4711108,4715937,4829,sigi_hmm
NC_011083.1,346378,351080,4702,sigi_hmm
NC_011083.1,354552,359369,4817,sigi_hmm
NC_011083.1,383946,390705,6759,sigi_hmm
NC_011083.1,407600,419768,12168,sigi_hmm
NC_011083.1,431530,439059,7529,sigi_hmm
NC_011083.1,660606,667637,7031,sigi_hmm
NC_011083.1,829858,842285,12427,sigi_hmm
NC_011083.1,873717,881454,7737,sigi_hmm
NC_011083.1,972136,980859,8723,sigi_hmm
NC_011083.1,1102597,1111585,8988,sigi_hmm
NC_011083.1,1222996,1227637,4641,sigi_hmm
NC_011083.1,1330171,1341025,10854,sigi_hmm
NC_011083.1,1481682,1499186,17504,sigi_hmm
NC_011083.1,1502901,1507004,4103,sigi_hmm
NC_011083.1,1514787,1522236,7449,sigi_hmm
NC_011083.1,1523686,1539430,15744,sigi_hmm
NC_011083.1,1540739,1556062,15323,sigi_hmm
NC_011083.1,1768108,1774841,6733,sigi_hmm
NC_011083.1,1999621,2012734,13113,sigi_hmm
NC_011083.1,2208550,2218517,9967,sigi_hmm
NC_011083.1,2378548,2386735,8187,sigi_hmm
NC_011083.1,2396013,2401248,5235,sigi_hmm
NC_011083.1,2550781,2555712,4931,sigi_hmm
NC_011083.1,2853923,2857972,4049,sigi_hmm
NC_011083.1,2860197,2864619,4422,sigi_hmm
NC_011083.1,2875986,2884908,8922,sigi_hmm
NC_011083.1,2984412,2989517,5105,sigi_hmm
NC_011083.1,3268850,3272905,4055,sigi_hmm
NC_011083.1,3579904,3587564,7660,sigi_hmm
NC_011083.1,3921300,3928902,7602,sigi_hmm
NC_011083.1,3965892,3973993,8101,sigi_hmm
NC_011083.1,3993760,4000196,6436,sigi_hmm
NC_011083.1,4024800,4032806,8006,sigi_hmm
NC_011083.1,4472915,4478408,5493,sigi_hmm
NC_011083.1,4555646,4563397,7751,sigi_hmm
NC_011083.1,4571142,4579370,8228,sigi_hmm
NC_011083.1,4582253,4591734,9481,sigi_hmm
NC_011083.1,4598267,4609714,11447,sigi_hmm
NC_011083.1,4611453,4618621,7168,sigi_hmm
NC_011083.1,4786915,4791008,4093,sigi_hmm
NC_010102.1,664629,669249,4620,sigi_hmm
NC_010102.1,692155,697390,5235,sigi_hmm
NC_010102.1,710448,714848,4400,sigi_hmm
NC_010102.1,872454,884975,12521,sigi_hmm
NC_010102.1,915062,922615,7553,sigi_hmm
NC_010102.1,940063,946972,6909,sigi_hmm
NC_010102.1,1013296,1020483,7187,sigi_hmm
NC_010102.1,1144021,1154271,10250,sigi_hmm
NC_010102.1,1154995,1167890,12895,sigi_hmm
NC_010102.1,1398259,1404046,5787,sigi_hmm
NC_010102.1,1492130,1496600,4470,sigi_hmm
NC_010102.1,1620287,1624909,4622,sigi_hmm
NC_010102.1,1628242,1645873,17631,sigi_hmm
NC_010102.1,1786877,1801114,14237,sigi_hmm
NC_010102.1,1824606,1829342,4736,sigi_hmm
NC_010102.1,1836167,1842170,6003,sigi_hmm
NC_010102.1,1985128,1990080,4952,sigi_hmm
NC_010102.1,2184456,2192717,8261,sigi_hmm
NC_010102.1,2294382,2299282,4900,sigi_hmm
NC_010102.1,2330196,2342650,12454,sigi_hmm
NC_010102.1,2499483,2506667,7184,sigi_hmm
NC_010102.1,2774402,2789706,15304,sigi_hmm
NC_010102.1,2868414,2872824,4410,sigi_hmm
NC_010102.1,2973644,2977985,4341,sigi_hmm
NC_010102.1,3236740,3240898,4158,sigi_hmm
NC_010102.1,3524266,3530941,6675,sigi_hmm
NC_010102.1,3857238,3864839,7601,sigi_hmm
NC_010102.1,3927645,3933632,5987,sigi_hmm
NC_010102.1,3962243,3967385,5142,sigi_hmm
NC_010102.1,4402788,4408413,5625,sigi_hmm
NC_010102.1,4485547,4493883,8336,sigi_hmm
NC_010102.1,4513988,4522684,8696,sigi_hmm
NC_010102.1,4539011,4544936,5925,sigi_hmm
NC_010102.1,4553534,4558037,4503,sigi_hmm
NC_010102.1,4562893,4567365,4472,sigi_hmm
NC_010102.1,4754691,4758944,4253,sigi_hmm
NC_010102.1,4761640,4766557,4917,sigi_hmm
NC_010263.1,258652,263609,4957,sigi_hmm
NC_009882.1,258567,263530,4963,sigi_hmm
NC_008148.1,589575,598247,8672,sigi_hmm
NC_008148.1,1576627,1584336,7709,sigi_hmm
NC_008148.1,1867222,1901679,34457,sigi_hmm
NC_008148.1,1905494,1934625,29131,sigi_hmm
NC_008148.1,2060472,2066183,5711,sigi_hmm
NC_008148.1,2237020,2247357,10337,sigi_hmm
NC_008148.1,2257700,2270821,13121,sigi_hmm
NC_008148.1,2273038,2281133,8095,sigi_hmm
NC_008148.1,2296763,2302580,5817,sigi_hmm
NC_008148.1,2505893,2520988,15095,sigi_hmm
NC_008148.1,3029834,3052136,22302,sigi_hmm
NC_009092.1,1144881,1152966,8085,sigi_hmm
NC_009438.1,179220,187701,8481,sigi_hmm
NC_009438.1,201597,206073,4476,sigi_hmm
NC_009438.1,216839,221450,4611,sigi_hmm
NC_009438.1,223399,227853,4454,sigi_hmm
NC_009438.1,232687,243183,10496,sigi_hmm
NC_009438.1,269410,287919,18509,sigi_hmm
NC_009438.1,900070,905361,5291,sigi_hmm
NC_009438.1,1191237,1203305,12068,sigi_hmm
NC_009438.1,1663279,1669565,6286,sigi_hmm
NC_009438.1,2847181,2851497,4316,sigi_hmm
NC_009438.1,2946427,2955148,8721,sigi_hmm
NC_009438.1,3034766,3041444,6678,sigi_hmm
NC_009438.1,3168550,3172656,4106,sigi_hmm
NC_009438.1,3345183,3352093,6910,sigi_hmm
NC_009438.1,3729902,3734956,5054,sigi_hmm
NC_009438.1,4109328,4113436,4108,sigi_hmm
NC_009438.1,4457321,4462548,5227,sigi_hmm
NC_009438.1,4556196,4565766,9570,sigi_hmm
NC_009438.1,4575639,4585003,9364,sigi_hmm
NC_009767.1,441402,445921,4519,sigi_hmm
NC_009767.1,1003600,1018863,15263,sigi_hmm
NC_009767.1,1316926,1326665,9739,sigi_hmm
NC_009767.1,2060967,2069791,8824,sigi_hmm
NC_009767.1,2455389,2459823,4434,sigi_hmm
NC_009767.1,2739152,2744921,5769,sigi_hmm
NC_009767.1,3344932,3349462,4530,sigi_hmm
NC_009767.1,3716862,3724988,8126,sigi_hmm
NC_009767.1,4760153,4764522,4369,sigi_hmm
NC_009767.1,4824131,4832258,8127,sigi_hmm
NC_009767.1,4841764,4854784,13020,sigi_hmm
NC_009767.1,5235124,5239957,4833,sigi_hmm
NC_007954.1,65090,72757,7667,sigi_hmm
NC_007954.1,343856,351003,7147,sigi_hmm
NC_007954.1,1273504,1279679,6175,sigi_hmm
NC_007954.1,1332611,1347093,14482,sigi_hmm
NC_007954.1,3178865,3200413,21548,sigi_hmm
NC_007954.1,3521212,3526028,4816,sigi_hmm
NC_007954.1,3734575,3739696,5121,sigi_hmm
NC_007954.1,4291252,4297673,6421,sigi_hmm
NC_008209.1,153466,159929,6463,sigi_hmm
NC_008209.1,256643,268964,12321,sigi_hmm
NC_008209.1,768003,772985,4982,sigi_hmm
NC_008209.1,779429,794007,14578,sigi_hmm
NC_008209.1,1099378,1108630,9252,sigi_hmm
NC_008209.1,1391051,1396580,5529,sigi_hmm
NC_007606.1,1440894,1446061,5167,sigi_hmm
NC_007606.1,1522734,1529355,6621,sigi_hmm
NC_007606.1,2006782,2014365,7583,sigi_hmm
NC_007606.1,2203715,2207785,4070,sigi_hmm
NC_007606.1,2365253,2372518,7265,sigi_hmm
NC_007606.1,3791534,3797411,5877,sigi_hmm
NC_007606.1,4190076,4195778,5702,sigi_hmm
NC_010334.1,618555,627586,9031,sigi_hmm
NC_010334.1,838698,846643,7945,sigi_hmm
NC_010334.1,1568632,1577742,9110,sigi_hmm
NC_010334.1,1641941,1646302,4361,sigi_hmm
NC_010334.1,1709701,1714655,4954,sigi_hmm
NC_010334.1,1788071,1799994,11923,sigi_hmm
NC_010334.1,2099025,2105092,6067,sigi_hmm
NC_010334.1,2136220,2148377,12157,sigi_hmm
NC_010334.1,2392284,2398038,5754,sigi_hmm
NC_010334.1,2562901,2574375,11474,sigi_hmm
NC_010334.1,2623416,2636639,13223,sigi_hmm
NC_010334.1,2645936,2650764,4828,sigi_hmm
NC_010334.1,3476618,3482023,5405,sigi_hmm
NC_010334.1,4188803,4195542,6739,sigi_hmm
NC_010334.1,4932415,4942346,9931,sigi_hmm
NC_010658.1,232076,236110,4034,sigi_hmm
NC_010658.1,251996,257695,5699,sigi_hmm
NC_010658.1,263649,267878,4229,sigi_hmm
NC_010658.1,796769,801765,4996,sigi_hmm
NC_010658.1,938734,943015,4281,sigi_hmm
NC_010658.1,1098421,1108770,10349,sigi_hmm
NC_010658.1,1135174,1140196,5022,sigi_hmm
NC_010658.1,1142348,1147830,5482,sigi_hmm
NC_010658.1,1163130,1171847,8717,sigi_hmm
NC_010658.1,1347408,1352463,5055,sigi_hmm
NC_010658.1,1454367,1459946,5579,sigi_hmm
NC_010658.1,1608359,1614237,5878,sigi_hmm
NC_010658.1,1778518,1783173,4655,sigi_hmm
NC_010658.1,1941225,1948565,7340,sigi_hmm
NC_010658.1,1987635,1991694,4059,sigi_hmm
NC_010658.1,2535335,2544883,9548,sigi_hmm
NC_010658.1,3005839,3010668,4829,sigi_hmm
NC_010658.1,3781816,3787964,6148,sigi_hmm
NC_010658.1,3806034,3818937,12903,sigi_hmm
NC_010658.1,4262305,4267384,5079,sigi_hmm
NC_010658.1,4342010,4348447,6437,sigi_hmm
NC_009523.1,1036755,1043463,6708,sigi_hmm
NC_009523.1,1111474,1115744,4270,sigi_hmm
NC_009523.1,1750293,1764121,13828,sigi_hmm
NC_009832.1,116464,121997,5533,sigi_hmm
NC_009832.1,297589,307129,9540,sigi_hmm
NC_009832.1,341925,347828,5903,sigi_hmm
NC_009832.1,355043,360027,4984,sigi_hmm
NC_009832.1,367237,372968,5731,sigi_hmm
NC_009832.1,406808,413646,6838,sigi_hmm
NC_009832.1,433817,442411,8594,sigi_hmm
NC_009832.1,444220,451085,6865,sigi_hmm
NC_009832.1,630641,638016,7375,sigi_hmm
NC_009832.1,1156692,1162151,5459,sigi_hmm
NC_009832.1,1286139,1294358,8219,sigi_hmm
NC_009832.1,1673012,1683182,10170,sigi_hmm
NC_009832.1,1728718,1742886,14168,sigi_hmm
NC_009832.1,1755708,1762383,6675,sigi_hmm
NC_009832.1,1854132,1858388,4256,sigi_hmm
NC_009832.1,1953167,1959446,6279,sigi_hmm
NC_009832.1,2165117,2169180,4063,sigi_hmm
NC_009832.1,2220061,2231279,11218,sigi_hmm
NC_009832.1,2231614,2236073,4459,sigi_hmm
NC_009832.1,2464528,2471356,6828,sigi_hmm
NC_009832.1,2603374,2612692,9318,sigi_hmm
NC_009832.1,3320375,3324584,4209,sigi_hmm
NC_009832.1,3446785,3454647,7862,sigi_hmm
NC_009832.1,3502363,3510849,8486,sigi_hmm
NC_009832.1,3709623,3714933,5310,sigi_hmm
NC_009832.1,3899598,3905100,5502,sigi_hmm
NC_009832.1,3965112,3970752,5640,sigi_hmm
NC_009832.1,4275274,4281193,5919,sigi_hmm
NC_009832.1,4284451,4297750,13299,sigi_hmm
NC_009832.1,4486861,4496407,9546,sigi_hmm
NC_009832.1,4499792,4512386,12594,sigi_hmm
NC_009832.1,4534439,4542710,8271,sigi_hmm
NC_009832.1,4567747,4577205,9458,sigi_hmm
NC_009832.1,4580598,4597157,16559,sigi_hmm
NC_009832.1,4610722,4615550,4828,sigi_hmm
NC_009832.1,4977787,4982522,4735,sigi_hmm
NC_009832.1,5375366,5382950,7584,sigi_hmm
NC_009832.1,5423480,5430988,7508,sigi_hmm
NC_011080.1,339872,348049,8177,sigi_hmm
NC_011080.1,388781,396157,7376,sigi_hmm
NC_011080.1,616613,622985,6372,sigi_hmm
NC_011080.1,786049,798487,12438,sigi_hmm
NC_011080.1,829271,834466,5195,sigi_hmm
NC_011080.1,930240,937925,7685,sigi_hmm
NC_011080.1,1071042,1077386,6344,sigi_hmm
NC_011080.1,1099386,1104186,4800,sigi_hmm
NC_011080.1,1175267,1180550,5283,sigi_hmm
NC_011080.1,1220614,1225261,4647,sigi_hmm
NC_011080.1,1327864,1334599,6735,sigi_hmm
NC_011080.1,1475608,1493111,17503,sigi_hmm
NC_011080.1,1496826,1500929,4103,sigi_hmm
NC_011080.1,1716359,1723092,6733,sigi_hmm
NC_011080.1,1950157,1966343,16186,sigi_hmm
NC_011094.1,2063177,2069438,6261,sigi_hmm
NC_011094.1,2070671,2075262,4591,sigi_hmm
NC_011094.1,2123857,2128065,4208,sigi_hmm
NC_011094.1,2180209,2192440,12231,sigi_hmm
NC_011094.1,2354211,2359446,5235,sigi_hmm
NC_011094.1,2797034,2820098,23064,sigi_hmm
NC_011094.1,2917095,2922209,5114,sigi_hmm
NC_011094.1,2951326,2955408,4082,sigi_hmm
NC_011094.1,3783645,3791979,8334,sigi_hmm
NC_011094.1,3804662,3813491,8829,sigi_hmm
NC_011094.1,3892383,3900380,7997,sigi_hmm
NC_011094.1,4367519,4371737,4218,sigi_hmm
NC_011094.1,4450333,4458116,7783,sigi_hmm
NC_003198.1,319019,327694,8675,sigi_hmm
NC_003198.1,335381,343609,8228,sigi_hmm
NC_003198.1,348682,353100,4418,sigi_hmm
NC_003198.1,355919,360757,4838,sigi_hmm
NC_003198.1,385465,393377,7912,sigi_hmm
NC_003198.1,604191,610326,6135,sigi_hmm
NC_003198.1,756978,768671,11693,sigi_hmm
NC_003198.1,1008747,1017160,8413,sigi_hmm
NC_003198.1,1127503,1133009,5506,sigi_hmm
NC_003198.1,1466582,1475232,8650,sigi_hmm
NC_003198.1,1625241,1629735,4494,sigi_hmm
NC_003198.1,1633059,1650502,17443,sigi_hmm
NC_003198.1,1779441,1791815,12374,sigi_hmm
NC_003198.1,1873161,1883224,10063,sigi_hmm
NC_003198.1,1912585,1921726,9141,sigi_hmm
NC_003198.1,2117712,2131333,13621,sigi_hmm
NC_003198.1,2188394,2195350,6956,sigi_hmm
NC_003198.1,2305384,2310613,5229,sigi_hmm
NC_003198.1,2862665,2867017,4352,sigi_hmm
NC_003198.1,2954131,2958334,4203,sigi_hmm
NC_003198.1,3049366,3053522,4156,sigi_hmm
NC_003198.1,3134156,3141252,7096,sigi_hmm
NC_003198.1,3781269,3785602,4333,sigi_hmm
NC_003198.1,3830135,3835364,5229,sigi_hmm
NC_003198.1,3932390,3940846,8456,sigi_hmm
NC_003198.1,4322993,4327581,4588,sigi_hmm
NC_003198.1,4404478,4408807,4329,sigi_hmm
NC_003198.1,4435339,4450341,15002,sigi_hmm
NC_003198.1,4460652,4467050,6398,sigi_hmm
NC_003198.1,4531179,4538252,7073,sigi_hmm
NC_003198.1,4694767,4705191,10424,sigi_hmm
NC_003197.1,3908290,3915916,7626,sigi_hmm
NC_003197.1,3979551,3985987,6436,sigi_hmm
NC_003197.1,4013361,4018590,5229,sigi_hmm
NC_003197.1,4477857,4482457,4600,sigi_hmm
NC_003197.1,4559416,4566331,6915,sigi_hmm
NC_011094.1,338692,344484,5792,sigi_hmm
NC_011094.1,349221,353358,4137,sigi_hmm
NC_011094.1,387522,391703,4181,sigi_hmm
NC_011094.1,597308,603219,5911,sigi_hmm
NC_011094.1,603941,609957,6016,sigi_hmm
NC_011094.1,610894,623871,12977,sigi_hmm
NC_011094.1,630505,634890,4385,sigi_hmm
NC_011094.1,637763,642419,4656,sigi_hmm
NC_011094.1,647546,652093,4547,sigi_hmm
NC_011094.1,662495,667709,5214,sigi_hmm
NC_011094.1,695659,701313,5654,sigi_hmm
NC_011094.1,847237,859625,12388,sigi_hmm
NC_011094.1,979306,986733,7427,sigi_hmm
NC_011094.1,1176949,1181596,4647,sigi_hmm
NC_011094.1,1289495,1302648,13153,sigi_hmm
NC_011094.1,1440134,1457575,17441,sigi_hmm
NC_011094.1,1461290,1465393,4103,sigi_hmm
NC_011094.1,1689962,1700292,10330,sigi_hmm
NC_011094.1,1929825,1938214,8389,sigi_hmm
NC_003197.1,2886073,2890113,4040,sigi_hmm
NC_003197.1,2901480,2913162,11682,sigi_hmm
NC_003197.1,3009898,3015024,5126,sigi_hmm
NC_003197.1,3044389,3050120,5731,sigi_hmm
NC_003197.1,3191120,3197290,6170,sigi_hmm
NC_003197.1,3276380,3280538,4158,sigi_hmm
NC_003197.1,1951563,1968238,16675,sigi_hmm
NC_003197.1,2160931,2173345,12414,sigi_hmm
NC_003197.1,2330961,2339552,8591,sigi_hmm
NC_003197.1,2348433,2353662,5229,sigi_hmm
NC_003197.1,2728976,2733915,4939,sigi_hmm
NC_003197.1,2758320,2762627,4307,sigi_hmm
NC_003197.1,2766074,2770870,4796,sigi_hmm
NC_003197.1,2879247,2883465,4218,sigi_hmm
NC_008321.1,983557,989365,5808,sigi_hmm
NC_008321.1,1532345,1538675,6330,sigi_hmm
NC_008321.1,1643414,1647706,4292,sigi_hmm
NC_008321.1,2002389,2006809,4420,sigi_hmm
NC_008321.1,2011355,2016952,5597,sigi_hmm
NC_008321.1,2655427,2659675,4248,sigi_hmm
NC_008321.1,2666953,2674397,7444,sigi_hmm
NC_008321.1,2676245,2681614,5369,sigi_hmm
NC_008321.1,3821825,3840126,18301,sigi_hmm
NC_008321.1,3840459,3845476,5017,sigi_hmm
NC_008700.1,316580,331021,14441,sigi_hmm
NC_008700.1,682208,688713,6505,sigi_hmm
NC_008700.1,1121344,1129382,8038,sigi_hmm
NC_008700.1,1635729,1643427,7698,sigi_hmm
NC_008700.1,2177393,2181476,4083,sigi_hmm
NC_008700.1,2710189,2727350,17161,sigi_hmm
NC_008700.1,2796037,2801716,5679,sigi_hmm
NC_008700.1,2827640,2832468,4828,sigi_hmm
NC_002952.2,33660,38373,4713,sigi_hmm
NC_002952.2,70924,76787,5863,sigi_hmm
NC_002952.2,1993688,1999571,5883,sigi_hmm
NC_008750.1,387808,393819,6011,sigi_hmm
NC_008750.1,453943,459010,5067,sigi_hmm
NC_008750.1,460959,465413,4454,sigi_hmm
NC_008750.1,470247,480743,10496,sigi_hmm
NC_008750.1,816654,821097,4443,sigi_hmm
NC_008750.1,1270783,1277103,6320,sigi_hmm
NC_008750.1,1278712,1287415,8703,sigi_hmm
NC_008750.1,1297895,1302844,4949,sigi_hmm
NC_008750.1,1572675,1580487,7812,sigi_hmm
NC_008750.1,1584031,1591386,7355,sigi_hmm
NC_008750.1,1763120,1767430,4310,sigi_hmm
NC_008750.1,2537000,2541773,4773,sigi_hmm
NC_008750.1,2861568,2865570,4002,sigi_hmm
NC_008750.1,3529772,3541841,12069,sigi_hmm
NC_008750.1,4571747,4576164,4417,sigi_hmm
NC_008750.1,4679924,4686524,6600,sigi_hmm
NC_008322.1,961338,965351,4013,sigi_hmm
NC_008322.1,1174692,1188917,14225,sigi_hmm
NC_008322.1,1193790,1201628,7838,sigi_hmm
NC_008322.1,1607453,1616785,9332,sigi_hmm
NC_008322.1,1714777,1719069,4292,sigi_hmm
NC_008322.1,2086695,2091181,4486,sigi_hmm
NC_008322.1,2116059,2123874,7815,sigi_hmm
NC_008322.1,2723389,2727637,4248,sigi_hmm
NC_008322.1,3593656,3599347,5691,sigi_hmm
NC_008322.1,3763761,3769325,5564,sigi_hmm
NC_008322.1,4005859,4016588,10729,sigi_hmm
NC_008322.1,4616820,4622181,5361,sigi_hmm
NC_008577.1,1458282,1467916,9634,sigi_hmm
NC_008577.1,1471427,1480666,9239,sigi_hmm
NC_008577.1,1489643,1503399,13756,sigi_hmm
NC_008577.1,1595572,1601691,6119,sigi_hmm
NC_008577.1,1698103,1702404,4301,sigi_hmm
NC_008577.1,2120257,2125307,5050,sigi_hmm
NC_008577.1,2130760,2141865,11105,sigi_hmm
NC_008577.1,2409833,2420771,10938,sigi_hmm
NC_008577.1,2430156,2434672,4516,sigi_hmm
NC_008577.1,2521663,2526448,4785,sigi_hmm
NC_008577.1,2612819,2624715,11896,sigi_hmm
NC_008577.1,2827860,2831923,4063,sigi_hmm
NC_008577.1,3145167,3149577,4410,sigi_hmm
NC_008577.1,3547630,3552383,4753,sigi_hmm
NC_008577.1,3750577,3758012,7435,sigi_hmm
NC_008577.1,4542160,4552542,10382,sigi_hmm
NC_008577.1,4618877,4628241,9364,sigi_hmm
NC_008577.1,4636729,4640873,4144,sigi_hmm
NC_003197.1,337095,343542,6447,sigi_hmm
NC_003197.1,346098,351350,5252,sigi_hmm
NC_003197.1,384403,391932,7529,sigi_hmm
NC_003197.1,612233,617722,5489,sigi_hmm
NC_003197.1,781437,793876,12439,sigi_hmm
NC_003197.1,824918,830113,5195,sigi_hmm
NC_003197.1,926181,933603,7422,sigi_hmm
NC_003197.1,962612,969841,7229,sigi_hmm
NC_003197.1,1111373,1116900,5527,sigi_hmm
NC_003197.1,1138914,1143714,4800,sigi_hmm
NC_003197.1,1218274,1222921,4647,sigi_hmm
NC_003197.1,1326083,1335983,9900,sigi_hmm
NC_003197.1,1476167,1493671,17504,sigi_hmm
NC_003197.1,1497353,1501489,4136,sigi_hmm
NC_003197.1,1624874,1631871,6997,sigi_hmm
NC_003197.1,1720151,1726739,6588,sigi_hmm
NC_007622.1,1871502,1877481,5979,sigi_hmm
NC_003047.1,90500,96345,5845,sigi_hmm
NC_003047.1,540915,548811,7896,sigi_hmm
NC_003047.1,670768,677770,7002,sigi_hmm
NC_003047.1,2483254,2492595,9341,sigi_hmm
NC_003047.1,3357817,3394547,36730,sigi_hmm
NC_003047.1,3429430,3435792,6362,sigi_hmm
NC_008044.1,839907,845414,5507,sigi_hmm
NC_008044.1,1403888,1412040,8152,sigi_hmm
NC_008044.1,1748176,1752485,4309,sigi_hmm
NC_008044.1,3032719,3038572,5853,sigi_hmm
NC_002953.3,40866,45827,4961,sigi_hmm
NC_009782.1,61230,66357,5127,sigi_hmm
NC_009782.1,437294,455924,18630,sigi_hmm
NC_009782.1,1951723,1959762,8039,sigi_hmm
NC_009782.1,2352961,2360789,7828,sigi_hmm
NC_009636.1,1399300,1404400,5100,sigi_hmm
NC_009636.1,1431835,1436426,4591,sigi_hmm
NC_003911.11,122521,129201,6680,sigi_hmm
NC_003911.11,218871,223038,4167,sigi_hmm
NC_003911.11,636308,652889,16581,sigi_hmm
NC_003911.11,1091162,1099539,8377,sigi_hmm
NC_003911.11,1274319,1292876,18557,sigi_hmm
NC_003911.11,1295431,1306843,11412,sigi_hmm
NC_003911.11,1755718,1761857,6139,sigi_hmm
NC_003911.11,2385038,2390372,5334,sigi_hmm
NC_003911.11,2545770,2559843,14073,sigi_hmm
NC_003911.11,2899435,2913927,14492,sigi_hmm
NC_003911.11,2923238,2929648,6410,sigi_hmm
NC_003911.11,3245171,3252041,6870,sigi_hmm
NC_003911.11,3871988,3889520,17532,sigi_hmm
NC_009487.1,1998557,2002817,4260,sigi_hmm
NC_009487.1,2383780,2389449,5669,sigi_hmm
NC_004337.1,318226,324899,6673,sigi_hmm
NC_004337.1,374607,380283,5676,sigi_hmm
NC_004337.1,905393,909522,4129,sigi_hmm
NC_004337.1,2038913,2048461,9548,sigi_hmm
NC_004337.1,2074210,2080667,6457,sigi_hmm
NC_004337.1,2110582,2118689,8107,sigi_hmm
NC_004337.1,2483701,2493249,9548,sigi_hmm
NC_004337.1,3081531,3087142,5611,sigi_hmm
NC_004337.1,3595612,3602828,7216,sigi_hmm
NC_004337.1,3768481,3774613,6132,sigi_hmm
NC_004337.1,3806770,3812263,5493,sigi_hmm
NC_004337.1,4382585,4387557,4972,sigi_hmm
NC_007384.1,22741,27197,4456,sigi_hmm
NC_007384.1,250465,256647,6182,sigi_hmm
NC_007384.1,285247,289524,4277,sigi_hmm
NC_007384.1,348835,353186,4351,sigi_hmm
NC_007384.1,921864,926795,4931,sigi_hmm
NC_007384.1,1015398,1022750,7352,sigi_hmm
NC_007384.1,1129342,1133589,4247,sigi_hmm
NC_007384.1,1361414,1369148,7734,sigi_hmm
NC_007384.1,1705565,1709890,4325,sigi_hmm
NC_007384.1,1769582,1776138,6556,sigi_hmm
NC_007384.1,1983467,1988987,5520,sigi_hmm
NC_007384.1,2015762,2024453,8691,sigi_hmm
NC_007384.1,2125439,2135802,10363,sigi_hmm
NC_007384.1,2138736,2146057,7321,sigi_hmm
NC_007384.1,2258477,2265220,6743,sigi_hmm
NC_007384.1,2593806,2608449,14643,sigi_hmm
NC_007384.1,2942092,2948325,6233,sigi_hmm
NC_007384.1,3159793,3165089,5296,sigi_hmm
NC_007384.1,3388344,3393818,5474,sigi_hmm
NC_007384.1,3729052,3733159,4107,sigi_hmm
NC_007384.1,3748931,3753521,4590,sigi_hmm
NC_007384.1,3962740,3968888,6148,sigi_hmm
NC_007384.1,4100934,4111246,10312,sigi_hmm
NC_007384.1,4116983,4123374,6391,sigi_hmm
NC_007384.1,4698852,4703833,4981,sigi_hmm
NC_007384.1,4739129,4745095,5966,sigi_hmm
NC_007613.1,236559,251336,14777,sigi_hmm
NC_007613.1,873587,883668,10081,sigi_hmm
NC_007613.1,993070,998691,5621,sigi_hmm
NC_007613.1,1048210,1056367,8157,sigi_hmm
NC_007613.1,1542936,1547262,4326,sigi_hmm
NC_007613.1,2382570,2397221,14651,sigi_hmm
NC_007613.1,2705990,2710055,4065,sigi_hmm
NC_007613.1,2988235,2992681,4446,sigi_hmm
NC_007613.1,3495756,3501870,6114,sigi_hmm
NC_007613.1,3644592,3650740,6148,sigi_hmm
NC_007613.1,4121697,4125951,4254,sigi_hmm
NC_007613.1,4411445,4416419,4974,sigi_hmm
NC_009511.1,147170,151709,4539,sigi_hmm
NC_009511.1,1779902,1800356,20454,sigi_hmm
NC_009511.1,2731027,2735486,4459,sigi_hmm
NC_009511.1,2928992,2934799,5807,sigi_hmm
NC_009511.1,4066170,4073343,7173,sigi_hmm
NC_009511.1,4892210,4899711,7501,sigi_hmm
NC_009511.1,4907801,4913491,5690,sigi_hmm
NC_009511.1,5368264,5373695,5431,sigi_hmm
NC_004741.1,316960,323695,6735,sigi_hmm
NC_004741.1,373741,379416,5675,sigi_hmm
NC_004741.1,1425769,1429944,4175,sigi_hmm
NC_004741.1,1911631,1915884,4253,sigi_hmm
NC_004741.1,2015585,2020817,5232,sigi_hmm
NC_004741.1,2038773,2045545,6772,sigi_hmm
NC_004741.1,2093449,2101555,8106,sigi_hmm
NC_004741.1,2461840,2476482,14642,sigi_hmm
NC_004741.1,2534868,2539239,4371,sigi_hmm
NC_004741.1,2599752,2613694,13942,sigi_hmm
NC_004741.1,2751885,2755889,4004,sigi_hmm
NC_004741.1,4000604,4006736,6132,sigi_hmm
NC_004741.1,4140487,4145836,5349,sigi_hmm
NC_004741.1,4163019,4167694,4675,sigi_hmm
NC_004741.1,4171175,4178391,7216,sigi_hmm
NC_004741.1,4373681,4378653,4972,sigi_hmm
NC_004741.1,4525870,4532994,7124,sigi_hmm
NC_008345.1,1636544,1641892,5348,sigi_hmm
NC_008345.1,2178319,2187578,9259,sigi_hmm
NC_008345.1,3291369,3297920,6551,sigi_hmm
NC_008345.1,3740059,3748992,8933,sigi_hmm
NC_008345.1,4073379,4079658,6279,sigi_hmm
NC_008345.1,4081138,4085721,4583,sigi_hmm
NC_008345.1,4114512,4124904,10392,sigi_hmm
NC_008258.1,274041,282908,8867,sigi_hmm
NC_008258.1,414587,419349,4762,sigi_hmm
NC_008258.1,514289,519591,5302,sigi_hmm
NC_008258.1,763586,767721,4135,sigi_hmm
NC_008258.1,1415130,1419515,4385,sigi_hmm
NC_008258.1,1487272,1492017,4745,sigi_hmm
NC_008258.1,1757512,1762167,4655,sigi_hmm
NC_008258.1,1867956,1872551,4595,sigi_hmm
NC_008258.1,1941424,1951934,10510,sigi_hmm
NC_008258.1,2047576,2052808,5232,sigi_hmm
NC_008258.1,2078139,2084079,5940,sigi_hmm
NC_008258.1,2084831,2090057,5226,sigi_hmm
NC_008258.1,2110675,2120554,9879,sigi_hmm
NC_008258.1,2477440,2486989,9549,sigi_hmm
NC_008258.1,2551212,2555284,4072,sigi_hmm
NC_008258.1,3232563,3237030,4467,sigi_hmm
NC_008258.1,3556023,3563239,7216,sigi_hmm
NC_008258.1,3566720,3572226,5506,sigi_hmm
NC_008258.1,3587413,3593610,6197,sigi_hmm
NC_008258.1,3966106,3971588,5482,sigi_hmm
NC_008258.1,4003734,4009896,6162,sigi_hmm
NC_008258.1,4353253,4358225,4972,sigi_hmm
NC_008258.1,4378760,4382886,4126,sigi_hmm
NC_009140.1,17510,25313,7803,sigi_hmm
NC_009140.1,121107,135428,14321,sigi_hmm
NC_009140.1,139976,148261,8285,sigi_hmm
NC_008536.1,811177,829717,18540,sigi_hmm
NC_008536.1,2016174,2020405,4231,sigi_hmm
NC_008536.1,2070016,2075068,5052,sigi_hmm
NC_008536.1,2081772,2088581,6809,sigi_hmm
NC_008536.1,2099773,2123384,23611,sigi_hmm
NC_008536.1,2968506,2975181,6675,sigi_hmm
NC_008536.1,3607310,3614471,7161,sigi_hmm
NC_008536.1,3831372,3835815,4443,sigi_hmm
NC_008536.1,3994948,3998977,4029,sigi_hmm
NC_008536.1,5423985,5433913,9928,sigi_hmm
NC_008536.1,5671996,5677637,5641,sigi_hmm
NC_008536.1,5870022,5887844,17822,sigi_hmm
NC_008536.1,7538578,7549505,10927,sigi_hmm
NC_008536.1,7570069,7577916,7847,sigi_hmm
NC_008536.1,7877221,7882642,5421,sigi_hmm
NC_008536.1,8547663,8552190,4527,sigi_hmm
NC_008536.1,8554749,8561062,6313,sigi_hmm
NC_008536.1,8566153,8575870,9717,sigi_hmm
NC_008536.1,9569753,9574169,4416,sigi_hmm
NC_008536.1,9906062,9910951,4889,sigi_hmm
NC_009052.1,76123,80277,4154,sigi_hmm
NC_009052.1,1219492,1229979,10487,sigi_hmm
NC_009052.1,1312135,1317629,5494,sigi_hmm
NC_009052.1,1838853,1843572,4719,sigi_hmm
NC_009052.1,2113897,2121266,7369,sigi_hmm
NC_009052.1,2515827,2521792,5965,sigi_hmm
NC_009052.1,2699422,2707960,8538,sigi_hmm
NC_009052.1,3103939,3110846,6907,sigi_hmm
NC_009052.1,3237627,3241886,4259,sigi_hmm
NC_009052.1,3380326,3399728,19402,sigi_hmm
NC_009052.1,3404476,3408508,4032,sigi_hmm
NC_009052.1,3469906,3477035,7129,sigi_hmm
NC_009052.1,3479160,3485909,6749,sigi_hmm
NC_009052.1,3671608,3681788,10180,sigi_hmm
NC_009052.1,4448857,4454698,5841,sigi_hmm
NC_009052.1,5052507,5060748,8241,sigi_hmm
NC_009052.1,5093776,5103467,9691,sigi_hmm
NC_008048.1,2532727,2536843,4116,sigi_hmm
NC_008048.1,2600495,2610632,10137,sigi_hmm
NC_008048.1,2669187,2676257,7070,sigi_hmm
NC_008048.1,2710933,2719418,8485,sigi_hmm
NC_008048.1,2728043,2732596,4553,sigi_hmm
NC_008048.1,2741705,2746924,5219,sigi_hmm
NC_008048.1,2825279,2830578,5299,sigi_hmm
NC_010943.1,16178,48621,32443,sigi_hmm
NC_010943.1,306023,310977,4954,sigi_hmm
NC_010943.1,332227,339174,6947,sigi_hmm
NC_010943.1,503011,513030,10019,sigi_hmm
NC_010943.1,651385,658375,6990,sigi_hmm
NC_010943.1,766118,770876,4758,sigi_hmm
NC_010943.1,1336606,1345635,9029,sigi_hmm
NC_010943.1,1347593,1357388,9795,sigi_hmm
NC_010943.1,1360425,1366203,5778,sigi_hmm
NC_010943.1,1891046,1903376,12330,sigi_hmm
NC_010943.1,1944254,1949687,5433,sigi_hmm
NC_010943.1,1954064,1965763,11699,sigi_hmm
NC_010943.1,1980296,1991988,11692,sigi_hmm
NC_010943.1,2099013,2103334,4321,sigi_hmm
NC_010943.1,2433272,2444301,11029,sigi_hmm
NC_010943.1,2446089,2453249,7160,sigi_hmm
NC_010943.1,2456194,2461513,5319,sigi_hmm
NC_010943.1,2467136,2479451,12315,sigi_hmm
NC_010943.1,2496036,2530589,34553,sigi_hmm
NC_010943.1,2821110,2825494,4384,sigi_hmm
NC_010943.1,3038654,3043341,4687,sigi_hmm
NC_010943.1,3075823,3127070,51247,sigi_hmm
NC_010943.1,3913248,3917930,4682,sigi_hmm
NC_010943.1,4271080,4278491,7411,sigi_hmm
NC_010943.1,4481044,4490230,9186,sigi_hmm
NC_010943.1,4557523,4561581,4058,sigi_hmm
NC_008554.1,1632299,1637284,4985,sigi_hmm
NC_008554.1,1669365,1675293,5928,sigi_hmm
NC_008554.1,2476088,2484452,8364,sigi_hmm
NC_008554.1,4599371,4603996,4625,sigi_hmm
NC_008554.1,4646042,4650070,4028,sigi_hmm
NC_002745.2,61269,66396,5127,sigi_hmm
NC_002745.2,1872531,1880570,8039,sigi_hmm
NC_002745.2,2044062,2048420,4358,sigi_hmm
NC_002745.2,2281823,2289651,7828,sigi_hmm
NC_007712.1,37556,42610,5054,sigi_hmm
NC_007712.1,254988,266480,11492,sigi_hmm
NC_007712.1,528861,535045,6184,sigi_hmm
NC_007712.1,813530,825470,11940,sigi_hmm
NC_007712.1,970703,975805,5102,sigi_hmm
NC_007712.1,1189540,1197189,7649,sigi_hmm
NC_007712.1,1211054,1220757,9703,sigi_hmm
NC_007712.1,1221242,1226870,5628,sigi_hmm
NC_007712.1,1233752,1249551,15799,sigi_hmm
NC_007712.1,1269118,1280976,11858,sigi_hmm
NC_007712.1,1336645,1343399,6754,sigi_hmm
NC_007712.1,1520735,1527457,6722,sigi_hmm
NC_007712.1,1528945,1542752,13807,sigi_hmm
NC_007712.1,1607091,1613573,6482,sigi_hmm
NC_007712.1,1615901,1621414,5513,sigi_hmm
NC_007712.1,1720096,1726647,6551,sigi_hmm
NC_007712.1,1797144,1813984,16840,sigi_hmm
NC_007712.1,1900400,1904638,4238,sigi_hmm
NC_007712.1,1924622,1950076,25454,sigi_hmm
NC_007712.1,1956108,1969007,12899,sigi_hmm
NC_007712.1,1974024,1986679,12655,sigi_hmm
NC_007712.1,2031220,2043733,12513,sigi_hmm
NC_007712.1,2057823,2077850,20027,sigi_hmm
NC_007712.1,2471424,2475601,4177,sigi_hmm
NC_007712.1,2565107,2580013,14906,sigi_hmm
NC_007712.1,2843505,2850973,7468,sigi_hmm
NC_007712.1,2893851,2907516,13665,sigi_hmm
NC_007712.1,3090133,3108665,18532,sigi_hmm
NC_007712.1,3112013,3118584,6571,sigi_hmm
NC_007712.1,3223056,3228054,4998,sigi_hmm
NC_007712.1,3240761,3249655,8894,sigi_hmm
NC_007712.1,3387076,3393341,6265,sigi_hmm
NC_007712.1,3517211,3535721,18510,sigi_hmm
NC_007712.1,3571689,3578128,6439,sigi_hmm
NC_004461.1,25615,32786,7171,sigi_hmm
NC_007712.1,4030241,4043589,13348,sigi_hmm
NC_007712.1,4049031,4054257,5226,sigi_hmm
NC_004461.1,81622,89104,7482,sigi_hmm
NC_007712.1,4058158,4063482,5324,sigi_hmm
NC_004461.1,2310176,2314273,4097,sigi_hmm
NC_002758.2,61230,66357,5127,sigi_hmm
NC_002758.2,437291,455920,18629,sigi_hmm
NC_002758.2,1950324,1958363,8039,sigi_hmm
NC_002758.2,2351323,2359151,7828,sigi_hmm
NC_008048.1,124375,132969,8594,sigi_hmm
NC_008048.1,393186,415291,22105,sigi_hmm
NC_008048.1,418042,423605,5563,sigi_hmm
NC_008048.1,424080,428840,4760,sigi_hmm
NC_008048.1,438445,455954,17509,sigi_hmm
NC_008048.1,740222,761383,21161,sigi_hmm
NC_008048.1,1300431,1305270,4839,sigi_hmm
NC_007296.1,358463,367459,8996,sigi_hmm
NC_007296.1,1013347,1018122,4775,sigi_hmm
NC_007296.1,1081126,1091670,10544,sigi_hmm
NC_007296.1,1253672,1267855,14183,sigi_hmm
NC_007296.1,1311466,1315962,4496,sigi_hmm
NC_004350.1,54337,60542,6205,sigi_hmm
NC_003888.3,39107,44090,4983,sigi_hmm
NC_003888.3,64994,71235,6241,sigi_hmm
NC_003888.3,80845,86643,5798,sigi_hmm
NC_003888.3,162661,167337,4676,sigi_hmm
NC_003888.3,2432297,2436577,4280,sigi_hmm
NC_003888.3,3413804,3419409,5605,sigi_hmm
NC_003888.3,3609789,3618922,9133,sigi_hmm
NC_003888.3,3680056,3684617,4561,sigi_hmm
NC_003888.3,3831705,3835742,4037,sigi_hmm
NC_003888.3,3898613,3906801,8188,sigi_hmm
NC_003888.3,4275980,4280136,4156,sigi_hmm
NC_003888.3,4667076,4671589,4513,sigi_hmm
NC_003888.3,4756150,4761673,5523,sigi_hmm
NC_003888.3,4934190,4938520,4330,sigi_hmm
NC_003888.3,5049893,5058728,8835,sigi_hmm
NC_003888.3,5796053,5809434,13381,sigi_hmm
NC_003888.3,6137881,6142887,5006,sigi_hmm
NC_003888.3,6243938,6253335,9397,sigi_hmm
NC_003888.3,6859900,6864658,4758,sigi_hmm
NC_003888.3,7033729,7051151,17422,sigi_hmm
NC_003888.3,7353207,7358552,5345,sigi_hmm
NC_003888.3,7568251,7572801,4550,sigi_hmm
NC_003888.3,7609452,7614387,4935,sigi_hmm
NC_003888.3,7669027,7675178,6151,sigi_hmm
NC_003888.3,7711970,7719441,7471,sigi_hmm
NC_003888.3,8591283,8595444,4161,sigi_hmm
NC_003888.3,8596583,8601808,5225,sigi_hmm
NC_003888.3,8625198,8632408,7210,sigi_hmm
NC_003888.3,8639456,8649793,10337,sigi_hmm
NC_009033.1,1497317,1509019,11702,sigi_hmm
NC_007432.1,629936,637492,7556,sigi_hmm
NC_007432.1,666727,701707,34980,sigi_hmm
NC_007432.1,1952333,1956398,4065,sigi_hmm
NC_007432.1,2072646,2080975,8329,sigi_hmm
NC_004116.1,57991,62548,4557,sigi_hmm
NC_004116.1,452388,457956,5568,sigi_hmm
NC_004116.1,572165,576861,4696,sigi_hmm
NC_004116.1,601746,609341,7595,sigi_hmm
NC_004116.1,929390,940830,11440,sigi_hmm
NC_004116.1,1029739,1036437,6698,sigi_hmm
NC_004116.1,1300833,1310061,9228,sigi_hmm
NC_004116.1,1848048,1855565,7517,sigi_hmm
NC_004116.1,1856026,1862240,6214,sigi_hmm
NC_004116.1,2091952,2096168,4216,sigi_hmm
NC_009785.1,10780,16033,5253,sigi_hmm
NC_009785.1,69785,86073,16288,sigi_hmm
NC_009785.1,148333,152636,4303,sigi_hmm
NC_009785.1,369505,374078,4573,sigi_hmm
NC_009785.1,391476,403610,12134,sigi_hmm
NC_009785.1,599723,604209,4486,sigi_hmm
NC_009785.1,684212,689673,5461,sigi_hmm
NC_009785.1,1011694,1018230,6536,sigi_hmm
NC_009785.1,1395626,1402249,6623,sigi_hmm
NC_009785.1,1424302,1430160,5858,sigi_hmm
NC_009785.1,2129825,2136085,6260,sigi_hmm
NC_009785.1,2138540,2151663,13123,sigi_hmm
NC_009785.1,2189270,2196625,7355,sigi_hmm
NC_003106.2,5970,10127,4157,sigi_hmm
NC_003106.2,24046,41135,17089,sigi_hmm
NC_003106.2,269452,274140,4688,sigi_hmm
NC_003106.2,927240,934022,6782,sigi_hmm
NC_003106.2,1183586,1187700,4114,sigi_hmm
NC_003106.2,1312528,1318963,6435,sigi_hmm
NC_003106.2,1320561,1332676,12115,sigi_hmm
NC_003106.2,1335555,1342595,7040,sigi_hmm
NC_003106.2,1348812,1355558,6746,sigi_hmm
NC_003106.2,1719325,1734204,14879,sigi_hmm
NC_003106.2,1944470,1950436,5966,sigi_hmm
NC_003106.2,2027218,2033441,6223,sigi_hmm
NC_003106.2,2237456,2241481,4025,sigi_hmm
NC_003106.2,2669964,2679323,9359,sigi_hmm
NC_004368.1,614923,622288,7365,sigi_hmm
NC_004368.1,1100342,1106208,5866,sigi_hmm
NC_004368.1,1169422,1177995,8573,sigi_hmm
NC_004368.1,1410217,1422074,11857,sigi_hmm
NC_004368.1,2143020,2149568,6548,sigi_hmm
NC_002976.3,1612361,1617610,5249,sigi_hmm
NC_002976.3,2542861,2550184,7323,sigi_hmm
NC_002976.3,2581944,2591072,9128,sigi_hmm
NC_007795.1,1899812,1904943,5131,sigi_hmm
NC_009632.1,65263,70591,5328,sigi_hmm
NC_009632.1,1998431,2002691,4260,sigi_hmm
NC_009632.1,2383655,2389324,5669,sigi_hmm
NC_008023.1,363793,371008,7215,sigi_hmm
NC_008023.1,453919,458929,5010,sigi_hmm
NC_008023.1,1073071,1120305,47234,sigi_hmm
NC_011071.1,17350,23173,5823,sigi_hmm
NC_011071.1,436501,443714,7213,sigi_hmm
NC_011071.1,445563,456406,10843,sigi_hmm
NC_011071.1,575874,590143,14269,sigi_hmm
NC_011071.1,1523575,1527637,4062,sigi_hmm
NC_011071.1,1780557,1784963,4406,sigi_hmm
NC_011071.1,1884692,1890445,5753,sigi_hmm
NC_011071.1,2210785,2221415,10630,sigi_hmm
NC_011071.1,2225117,2231644,6527,sigi_hmm
NC_011071.1,2261344,2274146,12802,sigi_hmm
NC_011071.1,2336136,2340931,4795,sigi_hmm
NC_011071.1,2737908,2745106,7198,sigi_hmm
NC_011071.1,2781264,2795117,13853,sigi_hmm
NC_011071.1,2811593,2821583,9990,sigi_hmm
NC_011071.1,3549946,3558767,8821,sigi_hmm
NC_011071.1,3637160,3644536,7376,sigi_hmm
NC_011071.1,4010224,4020256,10032,sigi_hmm
NC_011071.1,4244096,4250567,6471,sigi_hmm
NC_008048.1,48884,58296,9412,sigi_hmm
NC_008048.1,75977,83740,7763,sigi_hmm
NC_008048.1,90499,110170,19671,sigi_hmm
NC_010572.1,4512471,4516604,4133,sigi_hmm
NC_010572.1,5772793,5776966,4173,sigi_hmm
NC_010572.1,5960812,5966274,5462,sigi_hmm
NC_010572.1,6470371,6489135,18764,sigi_hmm
NC_010572.1,7320342,7330610,10268,sigi_hmm
NC_010572.1,7954466,7959103,4637,sigi_hmm
NC_010572.1,8346661,8351198,4537,sigi_hmm
NC_010572.1,8365228,8373356,8128,sigi_hmm
NC_010572.1,8376636,8384030,7394,sigi_hmm
NC_010572.1,8390912,8399256,8344,sigi_hmm
NC_010572.1,8412113,8424624,12511,sigi_hmm
NC_010572.1,8432952,8445203,12251,sigi_hmm
NC_010572.1,8453686,8457922,4236,sigi_hmm
NC_010572.1,8460394,8467353,6959,sigi_hmm
NC_010572.1,8477360,8481713,4353,sigi_hmm
NC_010572.1,8499225,8506727,7502,sigi_hmm
NC_002737.1,357122,363589,6467,sigi_hmm
NC_002737.1,447025,456754,9729,sigi_hmm
NC_005070.1,79853,85040,5187,sigi_hmm
NC_005070.1,170007,174876,4869,sigi_hmm
NC_005070.1,342837,348713,5876,sigi_hmm
NC_005070.1,352916,358405,5489,sigi_hmm
NC_005070.1,368840,384627,15787,sigi_hmm
NC_005070.1,427233,465883,38650,sigi_hmm
NC_005070.1,622199,633146,10947,sigi_hmm
NC_005070.1,843871,858919,15048,sigi_hmm
NC_005070.1,912128,954990,42862,sigi_hmm
NC_005070.1,1133804,1139192,5388,sigi_hmm
NC_005070.1,1152273,1157080,4807,sigi_hmm
NC_005070.1,1171474,1177495,6021,sigi_hmm
NC_005070.1,1489335,1524352,35017,sigi_hmm
NC_005070.1,1591501,1606829,15328,sigi_hmm
NC_005070.1,1844466,1849490,5024,sigi_hmm
NC_005070.1,1905312,1910124,4812,sigi_hmm
NC_005070.1,1912788,1917161,4373,sigi_hmm
NC_005070.1,1982292,1990677,8385,sigi_hmm
NC_005070.1,2138970,2144055,5085,sigi_hmm
NC_005070.1,2187339,2193083,5744,sigi_hmm
NC_005070.1,2197013,2207704,10691,sigi_hmm
NC_005070.1,2311143,2321234,10091,sigi_hmm
NC_005070.1,2379775,2394186,14411,sigi_hmm
NC_007297.1,264737,270844,6107,sigi_hmm
NC_007297.1,357500,364191,6691,sigi_hmm
NC_007297.1,448953,458919,9966,sigi_hmm
NC_007297.1,1008247,1015524,7277,sigi_hmm
NC_006086.1,738543,747944,9401,sigi_hmm
NC_006086.1,1171260,1177455,6195,sigi_hmm
NC_003155.4,284429,288562,4133,sigi_hmm
NC_003155.4,641343,650887,9544,sigi_hmm
NC_003155.4,855582,859688,4106,sigi_hmm
NC_003155.4,3103399,3107856,4457,sigi_hmm
NC_003155.4,3662215,3669067,6852,sigi_hmm
NC_003155.4,3678968,3685857,6889,sigi_hmm
NC_003155.4,4626525,4632796,6271,sigi_hmm
NC_003155.4,4634597,4639334,4737,sigi_hmm
NC_003155.4,4913786,4920089,6303,sigi_hmm
NC_003155.4,6303268,6309583,6315,sigi_hmm
NC_003155.4,8977078,8985670,8592,sigi_hmm
NC_003485.1,495569,505285,9716,sigi_hmm
NC_003485.1,1475951,1485767,9816,sigi_hmm
NC_008022.1,359084,367659,8575,sigi_hmm
NC_008022.1,1280770,1294953,14183,sigi_hmm
NC_008022.1,1337367,1341863,4496,sigi_hmm
NC_004070.1,1255835,1270542,14707,sigi_hmm
NC_008024.1,358245,364513,6268,sigi_hmm
NC_008024.1,463725,473687,9962,sigi_hmm
NC_008024.1,1621728,1648373,26645,sigi_hmm
NC_008024.1,1654414,1670248,15834,sigi_hmm
NC_007516.1,1816149,1826961,10812,sigi_hmm
NC_007516.1,1954331,1958717,4386,sigi_hmm
NC_007516.1,1980679,1984862,4183,sigi_hmm
NC_007516.1,2041159,2063085,21926,sigi_hmm
NC_007516.1,2285545,2294918,9373,sigi_hmm
NC_007516.1,2311073,2316194,5121,sigi_hmm
NC_007516.1,2390358,2399989,9631,sigi_hmm
NC_007516.1,2424052,2432027,7975,sigi_hmm
NC_010475.1,430718,437679,6961,sigi_hmm
NC_010475.1,1169020,1174906,5886,sigi_hmm
NC_010475.1,1592082,1599018,6936,sigi_hmm
NC_010475.1,2199058,2203369,4311,sigi_hmm
NC_008319.1,144179,152789,8610,sigi_hmm
NC_008319.1,178589,199076,20487,sigi_hmm
NC_008319.1,269019,275259,6240,sigi_hmm
NC_008319.1,485735,490524,4789,sigi_hmm
NC_008319.1,578128,583203,5075,sigi_hmm
NC_008319.1,1091789,1098008,6219,sigi_hmm
NC_008319.1,1314000,1321556,7556,sigi_hmm
NC_008319.1,1323998,1328284,4286,sigi_hmm
NC_008319.1,1345815,1352295,6480,sigi_hmm
NC_008319.1,1384727,1388858,4131,sigi_hmm
NC_008319.1,1841913,1845994,4081,sigi_hmm
NC_008319.1,1958602,1963700,5098,sigi_hmm
NC_008319.1,2015218,2021044,5826,sigi_hmm
NC_008319.1,2119989,2124036,4047,sigi_hmm
NC_008319.1,2138448,2143307,4859,sigi_hmm
NC_002754.1,442549,447715,5166,sigi_hmm
NC_002754.1,450970,455459,4489,sigi_hmm
NC_002754.1,1336991,1341778,4787,sigi_hmm
NC_002754.1,1627621,1631898,4277,sigi_hmm
NC_002754.1,1789959,1794081,4122,sigi_hmm
NC_002754.1,2670385,2677087,6702,sigi_hmm
NC_006177.1,303708,311000,7292,sigi_hmm
NC_006177.1,347096,357802,10706,sigi_hmm
NC_006177.1,910150,914220,4070,sigi_hmm
NC_006177.1,1261221,1269498,8277,sigi_hmm
NC_006177.1,1427828,1438253,10425,sigi_hmm
NC_006177.1,2404156,2411128,6972,sigi_hmm
NC_006177.1,2435247,2449958,14711,sigi_hmm
NC_006177.1,2459605,2468100,8495,sigi_hmm
NC_006177.1,2889251,2899140,9889,sigi_hmm
NC_006177.1,2900678,2916699,16021,sigi_hmm
NC_010572.1,64217,68570,4353,sigi_hmm
NC_010572.1,78928,85536,6608,sigi_hmm
NC_010572.1,88008,92244,4236,sigi_hmm
NC_010572.1,100727,112978,12251,sigi_hmm
NC_010572.1,121306,133356,12050,sigi_hmm
NC_010572.1,140037,144360,4323,sigi_hmm
NC_010572.1,197464,202455,4991,sigi_hmm
NC_010572.1,424480,429084,4604,sigi_hmm
NC_010572.1,809259,816319,7060,sigi_hmm
NC_010572.1,1881782,1886526,4744,sigi_hmm
NC_010572.1,1896562,1900853,4291,sigi_hmm
NC_010572.1,3388445,3393364,4919,sigi_hmm
NC_010572.1,3885932,3900476,14544,sigi_hmm
NC_010572.1,3935803,3945810,10007,sigi_hmm
NC_010572.1,4031233,4037093,5860,sigi_hmm
NC_010572.1,4190954,4196245,5291,sigi_hmm
NC_009663.1,2413561,2422434,8873,sigi_hmm
NC_009663.1,2507985,2512100,4115,sigi_hmm
NC_009663.1,2522148,2536305,14157,sigi_hmm
NC_009663.1,2538163,2542492,4329,sigi_hmm
NC_007513.1,82312,112683,30371,sigi_hmm
NC_007513.1,114902,131050,16148,sigi_hmm
NC_007513.1,133965,138343,4378,sigi_hmm
NC_007513.1,456889,463425,6536,sigi_hmm
NC_007513.1,520998,525460,4462,sigi_hmm
NC_007513.1,975161,982790,7629,sigi_hmm
NC_007513.1,1318772,1329155,10383,sigi_hmm
NC_007513.1,1341572,1349329,7757,sigi_hmm
NC_007513.1,1512073,1518902,6829,sigi_hmm
NC_007513.1,1817135,1821883,4748,sigi_hmm
NC_007513.1,1909949,1914096,4147,sigi_hmm
NC_004606.1,630222,641050,10828,sigi_hmm
NC_004606.1,1107957,1113410,5453,sigi_hmm
NC_004606.1,1131345,1139961,8616,sigi_hmm
NC_004606.1,1457667,1462671,5004,sigi_hmm
NC_006449.1,104313,112831,8518,sigi_hmm
NC_006449.1,643866,648276,4410,sigi_hmm
NC_006449.1,663869,669496,5627,sigi_hmm
NC_006449.1,781214,786762,5548,sigi_hmm
NC_006449.1,839446,845795,6349,sigi_hmm
NC_006449.1,934093,939943,5850,sigi_hmm
NC_006449.1,964293,970325,6032,sigi_hmm
NC_006449.1,1717663,1735107,17444,sigi_hmm
NC_009443.1,39920,44868,4948,sigi_hmm
NC_009443.1,93205,101921,8716,sigi_hmm
NC_009443.1,195325,208553,13228,sigi_hmm
NC_009443.1,439855,445368,5513,sigi_hmm
NC_009443.1,557424,563918,6494,sigi_hmm
NC_009443.1,579621,583718,4097,sigi_hmm
NC_009443.1,831689,845690,14001,sigi_hmm
NC_009443.1,872733,883256,10523,sigi_hmm
NC_009443.1,905339,910299,4960,sigi_hmm
NC_009443.1,915779,924583,8804,sigi_hmm
NC_009443.1,1219965,1227523,7558,sigi_hmm
NC_009443.1,1453127,1462828,9701,sigi_hmm
NC_009443.1,1794616,1799030,4414,sigi_hmm
NC_009443.1,2013892,2019798,5906,sigi_hmm
NC_011072.1,71778,78013,6235,sigi_hmm
NC_011072.1,112577,122809,10232,sigi_hmm
NC_011072.1,137637,145743,8106,sigi_hmm
NC_011072.1,503553,508734,5181,sigi_hmm
NC_011072.1,918880,933046,14166,sigi_hmm
NC_011072.1,936603,947610,11007,sigi_hmm
NC_011072.1,1018653,1024490,5837,sigi_hmm
NC_011072.1,1175995,1181703,5708,sigi_hmm
NC_011072.1,1188221,1195630,7409,sigi_hmm
NC_011072.1,1213325,1231016,17691,sigi_hmm
NC_011072.1,1631022,1640927,9905,sigi_hmm
NC_011072.1,1653912,1658811,4899,sigi_hmm
NC_011072.1,1667678,1673932,6254,sigi_hmm
NC_011072.1,1880027,1892096,12069,sigi_hmm
NC_009009.1,549405,555489,6084,sigi_hmm
NC_009009.1,807348,812225,4877,sigi_hmm
NC_009009.1,954343,958490,4147,sigi_hmm
NC_009009.1,1343840,1351817,7977,sigi_hmm
NC_009009.1,1403587,1409138,5551,sigi_hmm
NC_009009.1,1602165,1607149,4984,sigi_hmm
NC_009009.1,1752682,1756789,4107,sigi_hmm
NC_009009.1,1797198,1806200,9002,sigi_hmm
NC_009009.1,1881664,1886115,4451,sigi_hmm
NC_009009.1,2173236,2180173,6937,sigi_hmm
NC_009009.1,2243408,2248057,4649,sigi_hmm
NC_003098.1,117728,127802,10074,sigi_hmm
NC_003098.1,140042,149104,9062,sigi_hmm
NC_003098.1,450637,454903,4266,sigi_hmm
NC_003098.1,499631,504995,5364,sigi_hmm
NC_003098.1,619165,624095,4930,sigi_hmm
NC_003098.1,919628,929956,10328,sigi_hmm
NC_003098.1,939505,953000,13495,sigi_hmm
NC_003098.1,1195742,1206701,10959,sigi_hmm
NC_003098.1,1280075,1291121,11046,sigi_hmm
NC_003098.1,1610936,1626314,15378,sigi_hmm
NC_003098.1,1718982,1723153,4171,sigi_hmm
NC_003098.1,1732263,1741389,9126,sigi_hmm
NC_003098.1,1917936,1923403,5467,sigi_hmm
NC_008786.1,147963,155485,7522,sigi_hmm
NC_008786.1,486727,491051,4324,sigi_hmm
NC_008786.1,498480,505928,7448,sigi_hmm
NC_008786.1,509432,517330,7898,sigi_hmm
NC_008786.1,562278,572399,10121,sigi_hmm
NC_008786.1,743768,750351,6583,sigi_hmm
NC_008786.1,968466,973144,4678,sigi_hmm
NC_008786.1,1070196,1074742,4546,sigi_hmm
NC_008786.1,1337689,1344542,6853,sigi_hmm
NC_008786.1,1386525,1392001,5476,sigi_hmm
NC_008786.1,1521784,1537565,15781,sigi_hmm
NC_008786.1,1550967,1556757,5790,sigi_hmm
NC_008786.1,1772725,1779757,7032,sigi_hmm
NC_008786.1,2026877,2033409,6532,sigi_hmm
NC_008786.1,2160605,2166538,5933,sigi_hmm
NC_008786.1,2181663,2191487,9824,sigi_hmm
NC_008786.1,2430258,2434297,4039,sigi_hmm
NC_008786.1,2495828,2500583,4755,sigi_hmm
NC_008786.1,2581062,2587571,6509,sigi_hmm
NC_008786.1,2691914,2701262,9348,sigi_hmm
NC_008786.1,2734940,2740585,5645,sigi_hmm
NC_008786.1,2781044,2789312,8268,sigi_hmm
NC_008786.1,2815237,2825220,9983,sigi_hmm
NC_008786.1,2859169,2864543,5374,sigi_hmm
NC_008786.1,2866263,2870955,4692,sigi_hmm
NC_008786.1,3051958,3062481,10523,sigi_hmm
NC_008786.1,3172380,3178643,6263,sigi_hmm
NC_008786.1,3297614,3305160,7546,sigi_hmm
NC_008786.1,3329113,3343329,14216,sigi_hmm
NC_008786.1,3356542,3360938,4396,sigi_hmm
NC_008786.1,3500668,3506458,5790,sigi_hmm
NC_008786.1,3686682,3693765,7083,sigi_hmm
NC_008786.1,3718930,3723531,4601,sigi_hmm
NC_008786.1,3736408,3741519,5111,sigi_hmm
NC_008786.1,3749160,3753789,4629,sigi_hmm
NC_008786.1,3801370,3806788,5418,sigi_hmm
NC_008786.1,3921610,3927686,6076,sigi_hmm
NC_008786.1,4059399,4063737,4338,sigi_hmm
NC_008786.1,4076875,4083168,6293,sigi_hmm
NC_008786.1,4108502,4114483,5981,sigi_hmm
NC_008786.1,4155550,4160530,4980,sigi_hmm
NC_008786.1,4221298,4232458,11160,sigi_hmm
NC_008786.1,4592184,4597035,4851,sigi_hmm
NC_008786.1,5030028,5035977,5949,sigi_hmm
NC_008786.1,5118975,5127285,8310,sigi_hmm
NC_008786.1,5134744,5153546,18802,sigi_hmm
NC_008786.1,5155048,5161382,6334,sigi_hmm
NC_008786.1,5395757,5400152,4395,sigi_hmm
NC_007604.1,48927,59068,10141,sigi_hmm
NC_007604.1,751277,758327,7050,sigi_hmm
NC_008533.1,117728,127802,10074,sigi_hmm
NC_008533.1,142604,149104,6500,sigi_hmm
NC_008533.1,319904,325807,5903,sigi_hmm
NC_008533.1,356839,361080,4241,sigi_hmm
NC_008533.1,457860,462433,4573,sigi_hmm
NC_008533.1,504947,512525,7578,sigi_hmm
NC_008533.1,626784,631209,4425,sigi_hmm
NC_008533.1,927770,937487,9717,sigi_hmm
NC_008533.1,947686,960531,12845,sigi_hmm
NC_008533.1,1202617,1214232,11615,sigi_hmm
NC_008533.1,1288160,1299147,10987,sigi_hmm
NC_008533.1,1618626,1633845,15219,sigi_hmm
NC_008533.1,1726514,1730557,4043,sigi_hmm
NC_008533.1,1739795,1748921,9126,sigi_hmm
NC_007516.1,130260,135437,5177,sigi_hmm
NC_007516.1,138531,149841,11310,sigi_hmm
NC_007516.1,201515,208682,7167,sigi_hmm
NC_007516.1,424369,428703,4334,sigi_hmm
NC_007516.1,431307,436157,4850,sigi_hmm
NC_007516.1,473134,480011,6877,sigi_hmm
NC_007516.1,529106,534330,5224,sigi_hmm
NC_007516.1,739405,747828,8423,sigi_hmm
NC_007516.1,779590,805263,25673,sigi_hmm
NC_007516.1,828661,835192,6531,sigi_hmm
NC_007516.1,896620,920956,24336,sigi_hmm
NC_007516.1,1093099,1102271,9172,sigi_hmm
NC_007516.1,1153110,1157434,4324,sigi_hmm
NC_007516.1,1288403,1293307,4904,sigi_hmm
NC_007516.1,1329295,1337754,8459,sigi_hmm
NC_007516.1,1447576,1461680,14104,sigi_hmm
NC_007516.1,1566231,1574548,8317,sigi_hmm
NC_007516.1,1578666,1586089,7423,sigi_hmm
NC_007516.1,1588895,1596811,7916,sigi_hmm
NC_007516.1,1599283,1603814,4531,sigi_hmm
NC_007516.1,1625004,1634308,9304,sigi_hmm
NC_009616.1,1467855,1475312,7457,sigi_hmm
NC_009616.1,1692348,1698163,5815,sigi_hmm
NC_009616.1,1854282,1864724,10442,sigi_hmm
NC_009616.1,1873975,1879647,5672,sigi_hmm
NC_002578.1,276690,287243,10553,sigi_hmm
NC_002578.1,384321,398603,14282,sigi_hmm
NC_002578.1,734096,744392,10296,sigi_hmm
NC_002578.1,1440956,1450574,9618,sigi_hmm
NC_006840.2,186852,195304,8452,sigi_hmm
NC_006840.2,2255319,2260946,5627,sigi_hmm
NC_006624.1,332458,342001,9543,sigi_hmm
NC_006624.1,413310,417935,4625,sigi_hmm
NC_006624.1,507342,514848,7506,sigi_hmm
NC_006624.1,1183812,1188835,5023,sigi_hmm
NC_006624.1,1190102,1196354,6252,sigi_hmm
NC_006624.1,1453490,1460673,7183,sigi_hmm
NC_006624.1,1511593,1522611,11018,sigi_hmm
NC_006624.1,1524521,1529155,4634,sigi_hmm
NC_010321.1,953695,958711,5016,sigi_hmm
NC_010321.1,1183479,1187855,4376,sigi_hmm
NC_010321.1,1706632,1715778,9146,sigi_hmm
NC_010321.1,2323487,2332054,8567,sigi_hmm
NC_008346.1,564264,570428,6164,sigi_hmm
NC_008346.1,589856,604569,14713,sigi_hmm
NC_008346.1,815015,819526,4511,sigi_hmm
NC_008346.1,823325,830824,7499,sigi_hmm
NC_008346.1,1505786,1513572,7786,sigi_hmm
NC_008346.1,1515085,1521099,6014,sigi_hmm
NC_008346.1,1672359,1679982,7623,sigi_hmm
NC_008346.1,2543091,2547125,4034,sigi_hmm
NC_008346.1,2587922,2597157,9235,sigi_hmm
NC_008346.1,2600348,2616613,16265,sigi_hmm
NC_010320.1,1282524,1289479,6955,sigi_hmm
NC_010320.1,1290998,1296919,5921,sigi_hmm
NC_010320.1,1589948,1594324,4376,sigi_hmm
NC_010320.1,1866724,1872147,5423,sigi_hmm
NC_010320.1,2404283,2409707,5424,sigi_hmm
NC_003869.1,440967,445927,4960,sigi_hmm
NC_003869.1,1504205,1508865,4660,sigi_hmm
NC_009482.1,164053,169348,5295,sigi_hmm
NC_009482.1,179754,189104,9350,sigi_hmm
NC_009482.1,191795,206670,14875,sigi_hmm
NC_009482.1,347868,354906,7038,sigi_hmm
NC_009482.1,492526,498504,5978,sigi_hmm
NC_009482.1,553491,557566,4075,sigi_hmm
NC_009482.1,1736872,1741810,4938,sigi_hmm
NC_009482.1,1775376,1781225,5849,sigi_hmm
NC_009481.1,91897,100739,8842,sigi_hmm
NC_009481.1,556259,566496,10237,sigi_hmm
NC_009481.1,771442,775626,4184,sigi_hmm
NC_009481.1,850845,858867,8022,sigi_hmm
NC_009481.1,1117015,1128647,11632,sigi_hmm
NC_009481.1,1198963,1205296,6333,sigi_hmm
NC_009481.1,1372168,1377569,5401,sigi_hmm
NC_009481.1,1644150,1648810,4660,sigi_hmm
NC_009481.1,1934828,1942390,7562,sigi_hmm
NC_009481.1,2088868,2096644,7776,sigi_hmm
NC_009481.1,2212734,2221093,8359,sigi_hmm
NC_007404.1,364203,370625,6422,sigi_hmm
NC_007404.1,392078,402433,10355,sigi_hmm
NC_007404.1,979890,988954,9064,sigi_hmm
NC_007404.1,991776,997285,5509,sigi_hmm
NC_007404.1,1132809,1137450,4641,sigi_hmm
NC_007404.1,1266036,1270609,4573,sigi_hmm
NC_007404.1,1395068,1402811,7743,sigi_hmm
NC_007404.1,1424272,1431083,6811,sigi_hmm
NC_007404.1,1575347,1581093,5746,sigi_hmm
NC_007404.1,1773424,1781760,8336,sigi_hmm
NC_007404.1,1782860,1786925,4065,sigi_hmm
NC_007404.1,1881478,1893045,11567,sigi_hmm
NC_007404.1,1896480,1901998,5518,sigi_hmm
NC_007404.1,1912570,1928708,16138,sigi_hmm
NC_007404.1,1968924,1989186,20262,sigi_hmm
NC_007404.1,2089032,2094332,5300,sigi_hmm
NC_007404.1,2160137,2165552,5415,sigi_hmm
NC_007404.1,2346487,2351815,5328,sigi_hmm
NC_007404.1,2752841,2764591,11750,sigi_hmm
NC_007404.1,2900270,2905890,5620,sigi_hmm
NC_006576.1,863273,868297,5024,sigi_hmm
NC_006576.1,1561815,1571956,10141,sigi_hmm
NC_007181.1,417681,426110,8429,sigi_hmm
NC_007181.1,1304997,1309288,4291,sigi_hmm
NC_000911.1,365274,375452,10178,sigi_hmm
NC_000911.1,1623130,1632530,9400,sigi_hmm
NC_000911.1,1725431,1730028,4597,sigi_hmm
NC_000911.1,1961439,1965949,4510,sigi_hmm
NC_000911.1,2754850,2759662,4812,sigi_hmm
NC_007333.1,1529622,1534350,4728,sigi_hmm
NC_007333.1,1784707,1794618,9911,sigi_hmm
NC_007333.1,1853339,1859547,6208,sigi_hmm
NC_007333.1,3252418,3258447,6029,sigi_hmm
NC_007333.1,3448070,3452472,4402,sigi_hmm
NC_010730.1,458952,464138,5186,sigi_hmm
NC_006448.1,104847,115729,10882,sigi_hmm
NC_006448.1,664335,669987,5652,sigi_hmm
NC_006448.1,774818,780464,5646,sigi_hmm
NC_006448.1,833656,840008,6352,sigi_hmm
NC_006448.1,965123,977004,11881,sigi_hmm
NC_006448.1,1720872,1731745,10873,sigi_hmm
NC_008532.1,109965,115067,5102,sigi_hmm
NC_008532.1,747667,753696,6029,sigi_hmm
NC_008532.1,864863,870165,5302,sigi_hmm
NC_008532.1,979709,989191,9482,sigi_hmm
NC_008532.1,1203277,1208884,5607,sigi_hmm
NC_008532.1,1254918,1262598,7680,sigi_hmm
NC_008532.1,1775378,1792274,16896,sigi_hmm
NC_009442.1,15968,26252,10284,sigi_hmm
NC_009442.1,39922,44870,4948,sigi_hmm
NC_009442.1,93948,102012,8064,sigi_hmm
NC_009442.1,195478,208708,13230,sigi_hmm
NC_009442.1,439986,445509,5523,sigi_hmm
NC_009442.1,579757,583872,4115,sigi_hmm
NC_009442.1,833683,845974,12291,sigi_hmm
NC_009442.1,873012,882948,9936,sigi_hmm
NC_009442.1,905632,910594,4962,sigi_hmm
NC_009442.1,916074,924878,8804,sigi_hmm
NC_009442.1,1220498,1228048,7550,sigi_hmm
NC_009442.1,1453701,1463623,9922,sigi_hmm
NC_009442.1,1795024,1799658,4634,sigi_hmm
NC_009442.1,2014530,2020438,5908,sigi_hmm
NC_008021.1,16720,30346,13626,sigi_hmm
NC_008021.1,362861,369094,6233,sigi_hmm
NC_008021.1,452008,456862,4854,sigi_hmm
NC_008021.1,780655,785688,5033,sigi_hmm
NC_008312.1,1730625,1737599,6974,sigi_hmm
NC_008312.1,2512592,2521852,9260,sigi_hmm
NC_008312.1,3835659,3841321,5662,sigi_hmm
NC_008312.1,5314012,5346340,32328,sigi_hmm
NC_008312.1,7261363,7265716,4353,sigi_hmm
NC_009663.1,94094,105916,11822,sigi_hmm
NC_009332.1,258318,264890,6572,sigi_hmm
NC_009663.1,408320,413032,4712,sigi_hmm
NC_009663.1,723952,729127,5175,sigi_hmm
NC_009332.1,522909,529454,6545,sigi_hmm
NC_009663.1,745707,753218,7511,sigi_hmm
NC_009332.1,1382860,1392585,9725,sigi_hmm
NC_009663.1,955392,960230,4838,sigi_hmm
NC_009663.1,1115435,1120264,4829,sigi_hmm
NC_009663.1,1664371,1668648,4277,sigi_hmm
NC_009663.1,1779583,1784170,4587,sigi_hmm
NC_009663.1,2028731,2033908,5177,sigi_hmm
NC_009663.1,2100846,2113598,12752,sigi_hmm
NC_009663.1,2192067,2210864,18797,sigi_hmm
NC_009663.1,2234861,2242609,7748,sigi_hmm
NC_009663.1,2408135,2412290,4155,sigi_hmm
NC_000919.1,150610,158395,7785,sigi_hmm
NC_002505.1,175343,189380,14037,sigi_hmm
NC_002505.1,246529,265486,18957,sigi_hmm
NC_002505.1,523156,534722,11566,sigi_hmm
NC_002505.1,540216,550021,9805,sigi_hmm
NC_002505.1,762497,768541,6044,sigi_hmm
NC_002505.1,869813,889906,20093,sigi_hmm
NC_002505.1,891203,910941,19738,sigi_hmm
NC_002505.1,1513748,1518158,4410,sigi_hmm
NC_002505.1,1896092,1905745,9653,sigi_hmm
NC_002505.1,1922810,1927092,4282,sigi_hmm
NC_002505.1,1935801,1944457,8656,sigi_hmm
NC_002689.2,734352,741039,6687,sigi_hmm
NC_002689.2,899600,911451,11851,sigi_hmm
NC_009486.1,1746753,1756733,9980,sigi_hmm
NC_009486.1,1778044,1782820,4776,sigi_hmm
NC_009457.1,360536,376386,15850,sigi_hmm
NC_009457.1,381943,402877,20934,sigi_hmm
NC_009457.1,1072169,1076579,4410,sigi_hmm
NC_009457.1,1449205,1458848,9643,sigi_hmm
NC_009457.1,1475913,1480195,4282,sigi_hmm
NC_009457.1,1488904,1497518,8614,sigi_hmm
NC_009457.1,2499213,2505385,6172,sigi_hmm
NC_009457.1,2507217,2523967,16750,sigi_hmm
NC_009457.1,2774332,2790500,16168,sigi_hmm
NC_009783.1,185848,190715,4867,sigi_hmm
NC_009783.1,277611,281977,4366,sigi_hmm
NC_009783.1,307543,316045,8502,sigi_hmm
NC_009783.1,354913,367073,12160,sigi_hmm
NC_009783.1,451593,457756,6163,sigi_hmm
NC_009783.1,531901,539141,7240,sigi_hmm
NC_009783.1,647579,664242,16663,sigi_hmm
NC_009783.1,675651,697483,21832,sigi_hmm
NC_009783.1,704182,710221,6039,sigi_hmm
NC_009783.1,1106357,1111268,4911,sigi_hmm
NC_009783.1,1121229,1127704,6475,sigi_hmm
NC_009783.1,1480084,1493280,13196,sigi_hmm
NC_009783.1,1500691,1505095,4404,sigi_hmm
NC_009783.1,1637500,1641829,4329,sigi_hmm
NC_009783.1,1644590,1650184,5594,sigi_hmm
NC_009783.1,1659529,1665613,6084,sigi_hmm
NC_009783.1,1667202,1678100,10898,sigi_hmm
NC_009783.1,1686676,1698224,11548,sigi_hmm
NC_009783.1,1789065,1794334,5269,sigi_hmm
NC_009783.1,1966627,1972383,5756,sigi_hmm
NC_009783.1,1981817,1988403,6586,sigi_hmm
NC_009783.1,2034954,2041395,6441,sigi_hmm
NC_009783.1,2063082,2069432,6350,sigi_hmm
NC_009783.1,2148299,2158440,10141,sigi_hmm
NC_009783.1,2313746,2320878,7132,sigi_hmm
NC_009783.1,2587760,2592770,5010,sigi_hmm
NC_009783.1,2594397,2598745,4348,sigi_hmm
NC_009783.1,2626998,2631412,4414,sigi_hmm
NC_009783.1,2839104,2852111,13007,sigi_hmm
NC_009783.1,3004453,3010003,5550,sigi_hmm
NC_009783.1,3024169,3030081,5912,sigi_hmm
NC_009783.1,3660528,3664707,4179,sigi_hmm
NC_005835.1,268979,274350,5371,sigi_hmm
NC_005835.1,1783504,1787575,4071,sigi_hmm
NC_007520.2,423473,428455,4982,sigi_hmm
NC_007520.2,908425,916488,8063,sigi_hmm
NC_007520.2,1521287,1525676,4389,sigi_hmm
NC_010483.1,280687,286678,5991,sigi_hmm
NC_002506.1,214574,220262,5688,sigi_hmm
NC_002506.1,302926,328558,25632,sigi_hmm
NC_002506.1,329437,361993,32556,sigi_hmm
NC_002506.1,365687,388301,22614,sigi_hmm
NC_002506.1,389588,436789,47201,sigi_hmm
NC_002506.1,734399,739464,5065,sigi_hmm
NC_002506.1,832585,836795,4210,sigi_hmm
NC_009456.1,388323,395651,7328,sigi_hmm
NC_009456.1,566372,570547,4175,sigi_hmm
NC_009456.1,792764,863882,71118,sigi_hmm
NC_009456.1,864837,893983,29146,sigi_hmm
NC_009456.1,896022,923180,27158,sigi_hmm
NC_009456.1,1005832,1012885,7053,sigi_hmm
NC_002967.9,257076,262836,5760,sigi_hmm
NC_002967.9,297857,302259,4402,sigi_hmm
NC_002967.9,1570944,1575127,4183,sigi_hmm
NC_002967.9,1811317,1823350,12033,sigi_hmm
NC_002967.9,1825132,1829885,4753,sigi_hmm
NC_002967.9,1834856,1839360,4504,sigi_hmm
NC_002967.9,1843280,1858434,15154,sigi_hmm
NC_002967.9,1863723,1868407,4684,sigi_hmm
NC_002967.9,2669469,2674484,5015,sigi_hmm
NC_004113.1,2308639,2316098,7459,sigi_hmm
NC_004113.1,2330492,2337324,6832,sigi_hmm
NC_010741.1,151866,159579,7713,sigi_hmm
NC_000853.1,659002,664820,5818,sigi_hmm
NC_009784.1,260427,266342,5915,sigi_hmm
NC_009784.1,2135458,2140500,5042,sigi_hmm
NC_009616.1,73811,80480,6669,sigi_hmm
NC_009616.1,1271056,1275524,4468,sigi_hmm
NC_009616.1,1361445,1366418,4973,sigi_hmm
NC_009616.1,1430295,1434551,4256,sigi_hmm
NC_012563.1,553435,560069,6634,sigi_hmm
NC_012563.1,797422,802455,5033,sigi_hmm
NC_012563.1,863509,870355,6846,sigi_hmm
NC_012563.1,885002,898565,13563,sigi_hmm
NC_011662.2,349288,355298,6010,sigi_hmm
NC_011662.2,1222199,1228228,6029,sigi_hmm
NC_012563.1,909118,913168,4050,sigi_hmm
NC_012563.1,1041759,1055106,13347,sigi_hmm
NC_012563.1,3854736,3867830,13094,sigi_hmm
NC_012563.1,4014690,4021114,6424,sigi_hmm
NC_012563.1,3234848,3240405,5557,sigi_hmm
NC_012563.1,3256888,3268394,11506,sigi_hmm
NC_012563.1,2335372,2348718,13346,sigi_hmm
NC_012563.1,2454996,2461425,6429,sigi_hmm
NC_012590.1,1480055,1490469,10414,sigi_hmm
NC_012590.1,1732097,1736453,4356,sigi_hmm
NC_012590.1,1964744,1985939,21195,sigi_hmm
NC_012590.1,2096643,2101485,4842,sigi_hmm
NC_012590.1,2106040,2110322,4282,sigi_hmm
NC_012590.1,2134426,2155256,20830,sigi_hmm
NC_012563.1,60351,68541,8190,sigi_hmm
NC_012590.1,2760194,2768811,8617,sigi_hmm
NC_012563.1,45926,53667,7741,sigi_hmm
NC_012590.1,2537210,2541217,4007,sigi_hmm
NC_012590.1,2723633,2731762,8129,sigi_hmm
NC_012590.1,2192998,2202989,9991,sigi_hmm
NC_012590.1,2322215,2327863,5648,sigi_hmm
NC_012590.1,2182403,2189786,7383,sigi_hmm
NC_012590.1,349435,353654,4219,sigi_hmm
NC_012590.1,585481,592779,7298,sigi_hmm
NC_012590.1,643830,648895,5065,sigi_hmm
NC_012590.1,659464,664632,5168,sigi_hmm
NC_012590.1,821109,825262,4153,sigi_hmm
NC_012590.1,854133,865346,11213,sigi_hmm
NC_012590.1,982410,988334,5924,sigi_hmm
NC_012590.1,990201,999856,9655,sigi_hmm
NC_012559.1,2863562,2867816,4254,sigi_hmm
NC_012587.1,135218,142854,7636,sigi_hmm
NC_012587.1,148697,158062,9365,sigi_hmm
NC_012587.1,634194,639709,5515,sigi_hmm
NC_012559.1,2572412,2583933,11521,sigi_hmm
NC_012559.1,1072216,1081165,8949,sigi_hmm
NC_012559.1,1092985,1098173,5188,sigi_hmm
NC_012559.1,1132758,1136947,4189,sigi_hmm
NC_012559.1,1235616,1243073,7457,sigi_hmm
NC_012559.1,1254585,1259330,4745,sigi_hmm
NC_012559.1,1503579,1510837,7258,sigi_hmm
NC_012559.1,1512289,1517874,5585,sigi_hmm
NC_012559.1,1599067,1604857,5790,sigi_hmm
NC_012559.1,1668663,1674602,5939,sigi_hmm
NC_012559.1,1691386,1701572,10186,sigi_hmm
NC_012559.1,1896683,1903292,6609,sigi_hmm
NC_012559.1,2358840,2365094,6254,sigi_hmm
NC_012559.1,2460262,2470258,9996,sigi_hmm
NC_012559.1,381123,390016,8893,sigi_hmm
NC_012559.1,739604,744211,4607,sigi_hmm
NC_012559.1,778371,784247,5876,sigi_hmm
NC_012559.1,862811,867280,4469,sigi_hmm
NC_012559.1,877339,886348,9009,sigi_hmm
NC_012721.1,774703,780297,5594,sigi_hmm
NC_012721.1,2028270,2035382,7112,sigi_hmm
NC_012578.1,719946,725991,6045,sigi_hmm
NC_012587.1,2297139,2308542,11403,sigi_hmm
NC_012587.1,1205760,1216736,10976,sigi_hmm
NC_012587.1,719162,725934,6772,sigi_hmm
NC_012587.1,736625,743375,6750,sigi_hmm
NC_012587.1,750205,754676,4471,sigi_hmm
NC_012587.1,1186495,1191387,4892,sigi_hmm
NC_012578.1,827265,843116,15851,sigi_hmm
NC_012590.1,42029,63913,21884,sigi_hmm
NC_012589.1,1438528,1444359,5831,sigi_hmm
NC_012589.1,1692618,1697445,4827,sigi_hmm
NC_012578.1,1869943,1874225,4282,sigi_hmm
NC_012578.1,1882934,1890054,7120,sigi_hmm
NC_012589.1,1357952,1363120,5168,sigi_hmm
NC_012578.1,1471190,1475600,4410,sigi_hmm
NC_012578.1,1530087,1534409,4322,sigi_hmm
NC_012578.1,1843226,1852878,9652,sigi_hmm
NC_012578.1,848655,868393,19738,sigi_hmm
NC_012578.1,233917,239700,5783,sigi_hmm
NC_012580.1,708382,713450,5068,sigi_hmm
NC_012580.1,803453,809669,6216,sigi_hmm
NC_012580.1,646594,651213,4619,sigi_hmm
NC_012580.1,304113,410804,106691,sigi_hmm
NC_012580.1,214502,220190,5688,sigi_hmm
NC_010718.1,1585499,1589945,4446,sigi_hmm
NC_010682.1,469794,476390,6596,sigi_hmm
NC_010682.1,666241,676975,10734,sigi_hmm
NC_010682.1,1210895,1215009,4114,sigi_hmm
NC_010682.1,1233245,1237986,4741,sigi_hmm
NC_010682.1,1241303,1248138,6835,sigi_hmm
NC_010682.1,1577664,1581738,4074,sigi_hmm
NC_010682.1,1659516,1672159,12643,sigi_hmm
NC_010682.1,1689900,1694124,4224,sigi_hmm
NC_010682.1,1767433,1782646,15213,sigi_hmm
NC_010682.1,1865313,1869474,4161,sigi_hmm
NC_010682.1,1918773,1927655,8882,sigi_hmm
NC_010682.1,2853504,2857970,4466,sigi_hmm
NC_010682.1,3038911,3053438,14527,sigi_hmm
NC_010682.1,3336772,3345309,8537,sigi_hmm
NC_011274.1,324025,349513,25488,sigi_hmm
NC_011274.1,610086,616221,6135,sigi_hmm
NC_011274.1,801965,807154,5189,sigi_hmm
NC_011274.1,902978,909716,6738,sigi_hmm
NC_011274.1,1105058,1114930,9872,sigi_hmm
NC_011274.1,1137806,1142601,4795,sigi_hmm
NC_011274.1,1147754,1153231,5477,sigi_hmm
NC_011274.1,1268761,1273803,5042,sigi_hmm
NC_011274.1,1279470,1285009,5539,sigi_hmm
NC_011274.1,1306541,1320469,13928,sigi_hmm
NC_011274.1,1323609,1328405,4796,sigi_hmm
NC_011274.1,1513414,1520261,6847,sigi_hmm
NC_011274.1,1550337,1560270,9933,sigi_hmm
NC_011274.1,1767570,1772064,4494,sigi_hmm
NC_011274.1,1775388,1792831,17443,sigi_hmm
NC_011274.1,1936109,1945374,9265,sigi_hmm
NC_011274.1,2053951,2073336,19385,sigi_hmm
NC_011274.1,2074317,2079963,5646,sigi_hmm
NC_011274.1,2155362,2168988,13626,sigi_hmm
NC_011274.1,2236970,2242717,5747,sigi_hmm
NC_011274.1,2333397,2338626,5229,sigi_hmm
NC_011274.1,2885362,2890488,5126,sigi_hmm
NC_011274.1,2919852,2925683,5831,sigi_hmm
NC_011274.1,3141722,3145880,4158,sigi_hmm
NC_011274.1,3805642,3810871,5229,sigi_hmm
NC_011274.1,3901816,3909444,7628,sigi_hmm
NC_011274.1,4312986,4317586,4600,sigi_hmm
NC_011274.1,4548688,4559940,11252,sigi_hmm
NC_011274.1,4587685,4591693,4008,sigi_hmm
NC_010678.1,647610,660443,12833,sigi_hmm
NC_010678.1,663476,675916,12440,sigi_hmm
NC_010678.1,699370,706365,6995,sigi_hmm
NC_010678.1,906009,916713,10704,sigi_hmm
NC_010678.1,919197,938332,19135,sigi_hmm
NC_011294.1,311796,330890,19094,sigi_hmm
NC_011294.1,364877,371239,6362,sigi_hmm
NC_011294.1,591714,597848,6134,sigi_hmm
NC_011294.1,784071,789269,5198,sigi_hmm
NC_011294.1,885072,891809,6737,sigi_hmm
NC_011294.1,1016757,1021566,4809,sigi_hmm
NC_011294.1,1096144,1100785,4641,sigi_hmm
NC_011294.1,1109967,1116532,6565,sigi_hmm
NC_011294.1,1230217,1257943,27726,sigi_hmm
NC_011294.1,1259420,1264216,4796,sigi_hmm
NC_011294.1,1469680,1476312,6632,sigi_hmm
NC_011294.1,1499533,1509464,9931,sigi_hmm
NC_011294.1,1727746,1732240,4494,sigi_hmm
NC_011294.1,1735564,1753007,17443,sigi_hmm
NC_011294.1,1903338,1912607,9269,sigi_hmm
NC_011294.1,2039378,2044111,4733,sigi_hmm
NC_011294.1,2050091,2058948,8857,sigi_hmm
NC_011294.1,2062709,2082208,19499,sigi_hmm
NC_011294.1,2083189,2087276,4087,sigi_hmm
NC_011294.1,2164360,2177980,13620,sigi_hmm
NC_011294.1,2342528,2347757,5229,sigi_hmm
NC_011294.1,2894557,2899683,5126,sigi_hmm
NC_011294.1,2930354,2934879,4525,sigi_hmm
NC_011294.1,3164339,3168497,4158,sigi_hmm
NC_011294.1,3789391,3797020,7629,sigi_hmm
NC_011294.1,3829270,3834964,5694,sigi_hmm
NC_011294.1,3888017,3893246,5229,sigi_hmm
NC_011294.1,4335078,4339678,4600,sigi_hmm
NC_011294.1,4570869,4582122,11253,sigi_hmm
NC_011294.1,4613162,4618442,5280,sigi_hmm
NC_011002.1,571290,577638,6348,sigi_hmm
NC_011002.1,599273,603470,4197,sigi_hmm
NC_011002.1,709760,729593,19833,sigi_hmm
NC_011002.1,733653,752794,19141,sigi_hmm
NC_011002.1,779052,788908,9856,sigi_hmm
NC_010676.1,60302,65402,5100,sigi_hmm
NC_010676.1,2619350,2627955,8605,sigi_hmm
NC_010676.1,2631906,2639256,7350,sigi_hmm
NC_010676.1,2696756,2709573,12817,sigi_hmm
NC_010676.1,2730124,2738713,8589,sigi_hmm
NC_010676.1,2809765,2814414,4649,sigi_hmm
NC_010676.1,2827411,2834501,7090,sigi_hmm
NC_010676.1,2951508,2956360,4852,sigi_hmm
NC_010676.1,3016052,3035394,19342,sigi_hmm
NC_011244.1,21315,27590,6275,sigi_hmm
NC_011244.1,74968,89580,14612,sigi_hmm
NC_011244.1,193895,198202,4307,sigi_hmm
NC_011244.1,204782,210925,6143,sigi_hmm
NC_011244.1,213853,219359,5506,sigi_hmm
NC_011244.1,219995,230098,10103,sigi_hmm
NC_011244.1,231505,235706,4201,sigi_hmm
NC_011244.1,257950,262832,4882,sigi_hmm
NC_011244.1,266793,275637,8844,sigi_hmm
NC_011244.1,278219,282229,4010,sigi_hmm
NC_011244.1,360242,366136,5894,sigi_hmm
NC_011244.1,390541,396902,6361,sigi_hmm
NC_011244.1,445230,450379,5149,sigi_hmm
NC_011244.1,485200,492023,6823,sigi_hmm
NC_011244.1,547590,551916,4326,sigi_hmm
NC_011244.1,578656,583937,5281,sigi_hmm
NC_011244.1,635293,639853,4560,sigi_hmm
NC_011244.1,668503,673117,4614,sigi_hmm
NC_011244.1,682168,692115,9947,sigi_hmm
NC_011244.1,696001,700683,4682,sigi_hmm
NC_011244.1,785541,793110,7569,sigi_hmm
NC_011244.1,815862,822404,6542,sigi_hmm
NC_011244.1,826429,839193,12764,sigi_hmm
NC_011244.1,892803,900716,7913,sigi_hmm
NC_011244.1,906558,914449,7891,sigi_hmm
NC_011229.1,20447,26722,6275,sigi_hmm
NC_011229.1,74084,88696,14612,sigi_hmm
NC_011229.1,193017,197324,4307,sigi_hmm
NC_011229.1,203904,210047,6143,sigi_hmm
NC_011229.1,212975,229141,16166,sigi_hmm
NC_011229.1,230548,234749,4201,sigi_hmm
NC_011229.1,257006,263485,6479,sigi_hmm
NC_011229.1,265848,274686,8838,sigi_hmm
NC_011229.1,277268,281274,4006,sigi_hmm
NC_011229.1,350579,358409,7830,sigi_hmm
NC_011229.1,382809,389170,6361,sigi_hmm
NC_011229.1,437483,442631,5148,sigi_hmm
NC_011229.1,478470,485300,6830,sigi_hmm
NC_011229.1,540970,545296,4326,sigi_hmm
NC_011229.1,572045,577326,5281,sigi_hmm
NC_011229.1,628678,633238,4560,sigi_hmm
NC_011229.1,661879,666493,4614,sigi_hmm
NC_011229.1,675544,685486,9942,sigi_hmm
NC_011229.1,689369,694051,4682,sigi_hmm
NC_011229.1,778914,786480,7566,sigi_hmm
NC_011229.1,809231,815773,6542,sigi_hmm
NC_011229.1,819798,832535,12737,sigi_hmm
NC_011229.1,891231,899181,7950,sigi_hmm
NC_011229.1,905017,912908,7891,sigi_hmm
NC_010803.1,1018684,1024124,5440,sigi_hmm
NC_011000.1,188900,194244,5344,sigi_hmm
NC_011000.1,196857,204338,7481,sigi_hmm
NC_011000.1,449975,463085,13110,sigi_hmm
NC_011000.1,1273104,1280463,7359,sigi_hmm
NC_011000.1,1282422,1301139,18717,sigi_hmm
NC_011000.1,1303456,1308994,5538,sigi_hmm
NC_011000.1,1310476,1314635,4159,sigi_hmm
NC_011000.1,1403502,1436902,33400,sigi_hmm
NC_011000.1,2519545,2525211,5666,sigi_hmm
NC_011000.1,2738517,2746234,7717,sigi_hmm
NC_011000.1,2763339,2773894,10555,sigi_hmm
NC_011000.1,2777433,2782338,4905,sigi_hmm
NC_011000.1,2784740,2812143,27403,sigi_hmm
NC_011000.1,2837024,2850217,13193,sigi_hmm
NC_011000.1,3241751,3245782,4031,sigi_hmm
NC_011000.1,3251740,3256495,4755,sigi_hmm
NC_011000.1,3368967,3375595,6628,sigi_hmm
NC_011000.1,3411022,3425291,14269,sigi_hmm
NC_011000.1,3502025,3507376,5351,sigi_hmm
NC_011000.1,3521991,3543040,21049,sigi_hmm
NC_011000.1,3544778,3552609,7831,sigi_hmm
NC_010681.1,81567,90931,9364,sigi_hmm
NC_010681.1,129281,135910,6629,sigi_hmm
NC_010681.1,139659,145339,5680,sigi_hmm
NC_010681.1,157516,162726,5210,sigi_hmm
NC_010681.1,233619,239764,6145,sigi_hmm
NC_010681.1,246115,252915,6800,sigi_hmm
NC_010681.1,256031,264026,7995,sigi_hmm
NC_010681.1,280360,291891,11531,sigi_hmm
NC_010681.1,945030,950957,5927,sigi_hmm
NC_010681.1,1210951,1220890,9939,sigi_hmm
NC_010681.1,1237747,1254338,16591,sigi_hmm
NC_010681.1,1334102,1341566,7464,sigi_hmm
NC_010681.1,2941857,2947302,5445,sigi_hmm
NC_010681.1,4159052,4168287,9235,sigi_hmm
NC_010681.1,4306221,4312524,6303,sigi_hmm
NC_010681.1,4314966,4332297,17331,sigi_hmm
NC_010723.1,2917623,2922004,4381,sigi_hmm
NC_011205.1,335909,343353,7444,sigi_hmm
NC_011205.1,389282,395325,6043,sigi_hmm
NC_011205.1,615591,640152,24561,sigi_hmm
NC_011205.1,650176,664201,14025,sigi_hmm
NC_011205.1,849101,854299,5198,sigi_hmm
NC_011205.1,949001,957728,8727,sigi_hmm
NC_011205.1,1117384,1122193,4809,sigi_hmm
NC_011205.1,1357262,1361453,4191,sigi_hmm
NC_011205.1,1367705,1373479,5774,sigi_hmm
NC_011205.1,1396231,1402217,5986,sigi_hmm
NC_011205.1,1406392,1415891,9499,sigi_hmm
NC_011205.1,1641868,1648745,6877,sigi_hmm
NC_011205.1,1856559,1860662,4103,sigi_hmm
NC_011205.1,1864377,1881820,17443,sigi_hmm
NC_011205.1,2028011,2040905,12894,sigi_hmm
NC_011205.1,2143127,2149389,6262,sigi_hmm
NC_011205.1,2189726,2209223,19497,sigi_hmm
NC_011205.1,2209891,2214291,4400,sigi_hmm
NC_011205.1,2291376,2302542,11166,sigi_hmm
NC_011205.1,2469574,2474830,5256,sigi_hmm
NC_011205.1,2971495,2975814,4319,sigi_hmm
NC_011205.1,3240184,3244378,4194,sigi_hmm
NC_011205.1,3947989,3955593,7604,sigi_hmm
NC_011205.1,4046386,4051645,5259,sigi_hmm
NC_011205.1,4492666,4497916,5250,sigi_hmm
NC_011205.1,4574123,4578923,4800,sigi_hmm
NC_011205.1,4724970,4736292,11322,sigi_hmm
NC_011205.1,4771734,4775749,4015,sigi_hmm
NC_011001.1,71131,84789,13658,sigi_hmm
NC_011001.1,172476,177762,5286,sigi_hmm
NC_011001.1,295309,303839,8530,sigi_hmm
NC_011001.1,306046,329888,23842,sigi_hmm
NC_011001.1,379651,396033,16382,sigi_hmm
NC_011001.1,862855,866897,4042,sigi_hmm
NC_011001.1,1140270,1145524,5254,sigi_hmm
NC_011001.1,1149947,1157880,7933,sigi_hmm
NC_011001.1,1471802,1477058,5256,sigi_hmm
NC_011001.1,2089814,2137530,47716,sigi_hmm
NC_011001.1,2335038,2340948,5910,sigi_hmm
NC_011001.1,2358729,2365509,6780,sigi_hmm
NC_011001.1,2523060,2530043,6983,sigi_hmm
NC_011283.1,111276,116635,5359,sigi_hmm
NC_011283.1,949803,955460,5657,sigi_hmm
NC_011283.1,1184623,1189517,4894,sigi_hmm
NC_011283.1,1309011,1321459,12448,sigi_hmm
NC_011283.1,1699259,1715132,15873,sigi_hmm
NC_011283.1,1817656,1826628,8972,sigi_hmm
NC_011283.1,1832136,1841642,9506,sigi_hmm
NC_011283.1,1851688,1864251,12563,sigi_hmm
NC_011283.1,1907918,1912375,4457,sigi_hmm
NC_011283.1,2330364,2335515,5151,sigi_hmm
NC_011283.1,2641261,2647793,6532,sigi_hmm
NC_011283.1,2698886,2704499,5613,sigi_hmm
NC_011283.1,2864801,2885067,20266,sigi_hmm
NC_011283.1,2887860,2892242,4382,sigi_hmm
NC_011283.1,2895642,2901894,6252,sigi_hmm
NC_011283.1,2903580,2908866,5286,sigi_hmm
NC_011283.1,3403494,3413310,9816,sigi_hmm
NC_011283.1,3415820,3421518,5698,sigi_hmm
NC_011283.1,4189097,4196253,7156,sigi_hmm
NC_011283.1,4209737,4216304,6567,sigi_hmm
NC_011283.1,4224553,4230330,5777,sigi_hmm
NC_011283.1,4449198,4454645,5447,sigi_hmm
NC_011283.1,4457972,4467892,9920,sigi_hmm
NC_011283.1,4468545,4474508,5963,sigi_hmm
NC_011283.1,4980928,4990914,9986,sigi_hmm
NC_011283.1,5000896,5008996,8100,sigi_hmm
NC_011206.1,107804,111804,4000,sigi_hmm
NC_011206.1,187640,191657,4017,sigi_hmm
NC_011206.1,276869,285138,8269,sigi_hmm
NC_011206.1,788357,793157,4800,sigi_hmm
NC_011206.1,932139,943822,11683,sigi_hmm
NC_011206.1,1234079,1238978,4899,sigi_hmm
NC_011206.1,1712176,1718203,6027,sigi_hmm
NC_011206.1,2010327,2015653,5326,sigi_hmm
NC_011206.1,2303931,2308099,4168,sigi_hmm
NC_011206.1,2862266,2870135,7869,sigi_hmm
NC_010717.1,913964,918506,4542,sigi_hmm
NC_010717.1,2368918,2374722,5804,sigi_hmm
NC_010717.1,3571935,3576774,4839,sigi_hmm
NC_010717.1,3855024,3861015,5991,sigi_hmm
NC_010717.1,3877381,3883398,6017,sigi_hmm
NC_010717.1,3944016,3950597,6581,sigi_hmm
NC_010717.1,4635869,4642261,6392,sigi_hmm
NC_010717.1,4793973,4804559,10586,sigi_hmm
NC_012115.1,8002,12990,4988,sigi_hmm
NC_012587.1,688520,693206,4686,sigi_hmm
NC_012590.1,90848,95884,5036,sigi_hmm
NC_012563.1,2225564,2231910,6346,sigi_hmm
NC_012559.1,2671273,2702872,31599,sigi_hmm
NC_011186.1,182726,187813,5087,sigi_hmm
NC_011144.1,1079148,1088673,9525,sigi_hmm
NC_011144.1,1137913,1142690,4777,sigi_hmm
NC_011144.1,1607852,1613674,5822,sigi_hmm
NC_011144.1,1615875,1622993,7118,sigi_hmm
NC_011144.1,1720283,1725215,4932,sigi_hmm
NC_011144.1,2661119,2675881,14762,sigi_hmm
NC_011144.1,2677143,2699581,22438,sigi_hmm
NC_011144.1,2706536,2723025,16489,sigi_hmm
NC_011144.1,2733518,2738812,5294,sigi_hmm
NC_011144.1,2744151,2751137,6986,sigi_hmm
NC_011144.1,2755197,2762923,7726,sigi_hmm
NC_011144.1,2765489,2785487,19998,sigi_hmm
NC_010554.1,530729,535768,5039,sigi_hmm
NC_010554.1,544524,548562,4038,sigi_hmm
NC_010554.1,1197400,1210352,12952,sigi_hmm
NC_010554.1,2666041,2676595,10554,sigi_hmm
NC_010554.1,2682565,2692334,9769,sigi_hmm
NC_010554.1,2695438,2702429,6991,sigi_hmm
NC_010554.1,2718606,2731710,13104,sigi_hmm
NC_010554.1,2795085,2800492,5407,sigi_hmm
NC_010554.1,2804931,2822492,17561,sigi_hmm
NC_010554.1,2823335,2829916,6581,sigi_hmm
NC_010554.1,2872070,2876965,4895,sigi_hmm
NC_010554.1,2878555,2886224,7669,sigi_hmm
NC_010554.1,3811924,3816527,4603,sigi_hmm
NC_011146.1,492693,496731,4038,sigi_hmm
NC_011146.1,914731,921348,6617,sigi_hmm
NC_011146.1,1307240,1311452,4212,sigi_hmm
NC_011146.1,2216310,2228190,11880,sigi_hmm
NC_011146.1,2492391,2496989,4598,sigi_hmm
NC_011146.1,2925072,2930683,5611,sigi_hmm
NC_011146.1,3315800,3321023,5223,sigi_hmm
NC_011146.1,3438499,3442714,4215,sigi_hmm
NC_011146.1,3459586,3465995,6409,sigi_hmm
NC_011146.1,3545175,3552534,7359,sigi_hmm
NC_011146.1,3736253,3742027,5774,sigi_hmm
NC_011146.1,4516199,4520214,4015,sigi_hmm
NC_011145.1,534293,538831,4538,sigi_hmm
NC_011145.1,1499365,1509950,10585,sigi_hmm
NC_011145.1,1608683,1614176,5493,sigi_hmm
NC_011145.1,1739799,1747911,8112,sigi_hmm
NC_011145.1,3755127,3761617,6490,sigi_hmm
NC_011145.1,3766293,3776387,10094,sigi_hmm
NC_011145.1,4378173,4389711,11538,sigi_hmm
NC_011145.1,4432435,4463720,31285,sigi_hmm
NC_011145.1,4476396,4484937,8541,sigi_hmm
NC_011145.1,4635079,4646115,11036,sigi_hmm
NC_011145.1,4964853,4977918,13065,sigi_hmm
NC_011134.1,59549,65361,5812,sigi_hmm
NC_011134.1,87471,95952,8481,sigi_hmm
NC_011134.1,1579680,1584436,4756,sigi_hmm
NC_011147.1,691640,696869,5229,sigi_hmm
NC_011147.1,801534,808314,6780,sigi_hmm
NC_011147.1,865244,878865,13621,sigi_hmm
NC_011147.1,1066302,1070769,4467,sigi_hmm
NC_011147.1,1074451,1084587,10136,sigi_hmm
NC_011147.1,1250038,1254294,4256,sigi_hmm
NC_011147.1,1273413,1281366,7953,sigi_hmm
NC_011147.1,1380010,1384072,4062,sigi_hmm
NC_011147.1,1505990,1510484,4494,sigi_hmm
NC_011147.1,1513808,1531311,17503,sigi_hmm
NC_011147.1,1658134,1668582,10448,sigi_hmm
NC_011147.1,1770586,1775232,4646,sigi_hmm
NC_011147.1,2091853,2104290,12437,sigi_hmm
NC_011147.1,2251382,2259494,8112,sigi_hmm
NC_011147.1,2466893,2474691,7798,sigi_hmm
NC_011147.1,2481360,2495475,14115,sigi_hmm
NC_011147.1,2499910,2511660,11750,sigi_hmm
NC_011147.1,2512413,2523118,10705,sigi_hmm
NC_011147.1,2540611,2545455,4844,sigi_hmm
NC_011147.1,2548274,2554333,6059,sigi_hmm
NC_011147.1,2557767,2564633,6866,sigi_hmm
NC_011147.1,2572177,2576225,4048,sigi_hmm
NC_011147.1,2689368,2694264,4896,sigi_hmm
NC_011147.1,2820733,2825085,4352,sigi_hmm
NC_011147.1,2913241,2917387,4146,sigi_hmm
NC_011147.1,3005685,3010584,4899,sigi_hmm
NC_011147.1,3082805,3088063,5258,sigi_hmm
NC_011147.1,3691913,3700228,8315,sigi_hmm
NC_011147.1,3763362,3769798,6436,sigi_hmm
NC_011147.1,3797103,3802332,5229,sigi_hmm
NC_011147.1,4228464,4233064,4600,sigi_hmm
NC_011147.1,4306966,4311295,4329,sigi_hmm
NC_011147.1,4468553,4476618,8065,sigi_hmm
NC_011138.1,1024824,1030273,5449,sigi_hmm
NC_011138.1,3156059,3160362,4303,sigi_hmm
NC_011138.1,3164962,3169701,4739,sigi_hmm
NC_011138.1,3188707,3198544,9837,sigi_hmm
NC_011149.1,314557,324199,9642,sigi_hmm
NC_011149.1,329577,334007,4430,sigi_hmm
NC_011149.1,367187,375146,7959,sigi_hmm
NC_011149.1,595022,601236,6214,sigi_hmm
NC_011149.1,711326,715426,4100,sigi_hmm
NC_011149.1,788593,796890,8297,sigi_hmm
NC_011149.1,1081970,1090337,8367,sigi_hmm
NC_011149.1,1241176,1247846,6670,sigi_hmm
NC_011149.1,1456499,1461021,4522,sigi_hmm
NC_011149.1,1480413,1487137,6724,sigi_hmm
NC_011149.1,1714495,1718989,4494,sigi_hmm
NC_011149.1,1722313,1739816,17503,sigi_hmm
NC_011149.1,1878268,1888049,9781,sigi_hmm
NC_011149.1,1989050,1994744,5694,sigi_hmm
NC_011149.1,1998652,2002756,4104,sigi_hmm
NC_011149.1,2003773,2018278,14505,sigi_hmm
NC_011149.1,2019524,2026479,6955,sigi_hmm
NC_011149.1,2048984,2053574,4590,sigi_hmm
NC_011149.1,2118797,2128763,9966,sigi_hmm
NC_011149.1,2188290,2195357,7067,sigi_hmm
NC_011149.1,2299916,2305151,5235,sigi_hmm
NC_011149.1,2584943,2590068,5125,sigi_hmm
NC_011149.1,2809218,2813398,4180,sigi_hmm
NC_011149.1,2918415,2923531,5116,sigi_hmm
NC_011149.1,3194314,3200244,5930,sigi_hmm
NC_011149.1,3481791,3489283,7492,sigi_hmm
NC_011149.1,3827660,3834981,7321,sigi_hmm
NC_011149.1,3937853,3943091,5238,sigi_hmm
NC_011149.1,4396658,4402087,5429,sigi_hmm
NC_011149.1,4481865,4493951,12086,sigi_hmm
NC_011149.1,4682462,4690125,7663,sigi_hmm
NC_011149.1,4691100,4697165,6065,sigi_hmm
NC_012108.1,1331589,1336107,4518,sigi_hmm
NC_012029.1,1662105,1667190,5085,sigi_hmm
NC_012029.1,20374,26836,6462,sigi_hmm
NC_012115.1,1548875,1559425,10550,sigi_hmm
NC_012563.1,2235771,2242990,7219,sigi_hmm
NC_012578.1,240493,250213,9720,sigi_hmm
NC_014006.1,856512,899344,42832,sigi_hmm
NC_014006.1,348591,357504,8913,sigi_hmm
NC_014006.1,1967444,1973116,5672,sigi_hmm
NC_014006.1,1974918,1982609,7691,sigi_hmm
NC_014006.1,1849796,1854721,4925,sigi_hmm
NC_014006.1,434516,441138,6622,sigi_hmm
NC_014006.1,617133,630078,12945,sigi_hmm
NC_014006.1,1834305,1843715,9410,sigi_hmm
NC_014006.1,1373742,1407702,33960,sigi_hmm
NC_014006.1,1002304,1009723,7419,sigi_hmm
NC_014006.1,984222,994399,10177,sigi_hmm
NC_014006.1,931305,937860,6555,sigi_hmm
NC_014006.1,364337,368955,4618,sigi_hmm
NC_013959.1,2928362,2933827,5465,sigi_hmm
NC_013959.1,2803159,2813634,10475,sigi_hmm
NC_013959.1,2900280,2911847,11567,sigi_hmm
NC_011375.1,357508,367032,9524,sigi_hmm
NC_011375.1,463602,471677,8075,sigi_hmm
NC_011375.1,1498078,1504473,6395,sigi_hmm
NC_011420.1,40915,45231,4316,sigi_hmm
NC_011420.1,74989,87662,12673,sigi_hmm
NC_011420.1,371826,378945,7119,sigi_hmm
NC_011420.1,862708,866980,4272,sigi_hmm
NC_011420.1,1777989,1783016,5027,sigi_hmm
NC_011420.1,3589164,3598675,9511,sigi_hmm
NC_011420.1,3601007,3605305,4298,sigi_hmm
NC_011369.1,761977,771633,9656,sigi_hmm
NC_011369.1,1141611,1158399,16788,sigi_hmm
NC_011369.1,1162055,1179857,17802,sigi_hmm
NC_011369.1,1691958,1696333,4375,sigi_hmm
NC_011369.1,2496043,2501710,5667,sigi_hmm
NC_011369.1,3025082,3032571,7489,sigi_hmm
NC_011369.1,4324349,4332007,7658,sigi_hmm
NC_011369.1,4397862,4412857,14995,sigi_hmm
NC_011369.1,4415564,4422341,6777,sigi_hmm
NC_011386.1,33022,40160,7138,sigi_hmm
NC_011386.1,143688,156332,12644,sigi_hmm
NC_011386.1,939817,956465,16648,sigi_hmm
NC_011386.1,1734228,1738914,4686,sigi_hmm
NC_011386.1,2083960,2093284,9324,sigi_hmm
NC_011386.1,2105599,2116466,10867,sigi_hmm
NC_011386.1,2372945,2377732,4787,sigi_hmm
NC_011386.1,3729499,3735937,6438,sigi_hmm
NC_011498.1,484957,489788,4831,sigi_hmm
NC_011415.1,151030,157558,6528,sigi_hmm
NC_011415.1,236003,242165,6162,sigi_hmm
NC_011415.1,295689,302057,6368,sigi_hmm
NC_011415.1,315998,321068,5070,sigi_hmm
NC_011415.1,349670,355162,5492,sigi_hmm
NC_011415.1,358778,364571,5793,sigi_hmm
NC_011415.1,605829,617619,11790,sigi_hmm
NC_011415.1,619900,625181,5281,sigi_hmm
NC_011415.1,652003,658201,6198,sigi_hmm
NC_011415.1,1171063,1179255,8192,sigi_hmm
NC_011415.1,1279411,1287536,8125,sigi_hmm
NC_011415.1,1480916,1485215,4299,sigi_hmm
NC_011415.1,1486768,1492735,5967,sigi_hmm
NC_011415.1,1493588,1499456,5868,sigi_hmm
NC_011415.1,1508532,1517244,8712,sigi_hmm
NC_011415.1,1559208,1563963,4755,sigi_hmm
NC_011415.1,1620529,1624582,4053,sigi_hmm
NC_011415.1,1676710,1681036,4326,sigi_hmm
NC_011415.1,1683897,1690257,6360,sigi_hmm
NC_011415.1,1774118,1782037,7919,sigi_hmm
NC_011415.1,2160301,2167346,7045,sigi_hmm
NC_011415.1,2259314,2273290,13976,sigi_hmm
NC_011415.1,2282679,2292890,10211,sigi_hmm
NC_011415.1,2294338,2298382,4044,sigi_hmm
NC_011415.1,2323342,2330941,7599,sigi_hmm
NC_011415.1,2441055,2446891,5836,sigi_hmm
NC_011415.1,2659722,2665519,5797,sigi_hmm
NC_011415.1,2748746,2763397,14651,sigi_hmm
NC_011415.1,3014953,3022666,7713,sigi_hmm
NC_011415.1,3226251,3244518,18267,sigi_hmm
NC_011415.1,3450166,3455606,5440,sigi_hmm
NC_011415.1,3534150,3538501,4351,sigi_hmm
NC_011415.1,4047143,4053305,6162,sigi_hmm
NC_011415.1,4751996,4756700,4704,sigi_hmm
NC_011415.1,4785412,4791595,6183,sigi_hmm
NC_011353.1,18326,24751,6425,sigi_hmm
NC_011353.1,237560,242003,4443,sigi_hmm
NC_011353.1,271435,276349,4914,sigi_hmm
NC_011353.1,305820,319679,13859,sigi_hmm
NC_011353.1,325904,330125,4221,sigi_hmm
NC_011353.1,352453,356636,4183,sigi_hmm
NC_011353.1,362185,366595,4410,sigi_hmm
NC_011353.1,371121,376466,5345,sigi_hmm
NC_011353.1,894557,906487,11930,sigi_hmm
NC_011353.1,927540,931728,4188,sigi_hmm
NC_011353.1,1273068,1286067,12999,sigi_hmm
NC_011353.1,1312903,1319545,6642,sigi_hmm
NC_011353.1,1327446,1334026,6580,sigi_hmm
NC_011353.1,1363984,1373646,9662,sigi_hmm
NC_011353.1,1383321,1387364,4043,sigi_hmm
NC_011353.1,1517341,1530437,13096,sigi_hmm
NC_011353.1,1535510,1539653,4143,sigi_hmm
NC_011353.1,1557878,1567299,9421,sigi_hmm
NC_011353.1,1587456,1591754,4298,sigi_hmm
NC_011353.1,1683030,1691674,8644,sigi_hmm
NC_011353.1,1722776,1727195,4419,sigi_hmm
NC_011353.1,1732437,1737270,4833,sigi_hmm
NC_011353.1,1905484,1909545,4061,sigi_hmm
NC_011353.1,2015478,2019790,4312,sigi_hmm
NC_011353.1,2022666,2031056,8390,sigi_hmm
NC_011353.1,2573524,2578570,5046,sigi_hmm
NC_011353.1,2633957,2639333,5376,sigi_hmm
NC_011353.1,2696202,2712064,15862,sigi_hmm
NC_011353.1,2715075,2719919,4844,sigi_hmm
NC_011353.1,2741669,2752109,10440,sigi_hmm
NC_011353.1,2859500,2865218,5718,sigi_hmm
NC_011353.1,2965315,2971242,5927,sigi_hmm
NC_011353.1,2980153,2985110,4957,sigi_hmm
NC_011353.1,3271007,3279430,8423,sigi_hmm
NC_011353.1,3281531,3287323,5792,sigi_hmm
NC_011353.1,3289021,3308576,19555,sigi_hmm
NC_011353.1,3312891,3322435,9544,sigi_hmm
NC_011353.1,3580586,3584799,4213,sigi_hmm
NC_011353.1,3590659,3595427,4768,sigi_hmm
NC_011353.1,3595841,3604133,8292,sigi_hmm
NC_011353.1,3814397,3839805,25408,sigi_hmm
NC_011353.1,3956630,3969723,13093,sigi_hmm
NC_011353.1,4646905,4652078,5173,sigi_hmm
NC_011353.1,4691936,4727623,35687,sigi_hmm
NC_011353.1,4789381,4793555,4174,sigi_hmm
NC_011353.1,5403293,5407894,4601,sigi_hmm
NC_011353.1,5422025,5428946,6921,sigi_hmm
NC_011353.1,5433847,5440891,7044,sigi_hmm
NC_011353.1,5465170,5471189,6019,sigi_hmm
NC_011353.1,5508515,5513231,4716,sigi_hmm
NC_013421.1,709059,714812,5753,sigi_hmm
NC_013421.1,675009,683815,8806,sigi_hmm
NC_013421.1,642551,652005,9454,sigi_hmm
NC_013421.1,469991,475074,5083,sigi_hmm
NC_013421.1,484399,496221,11822,sigi_hmm
NC_013421.1,560464,570692,10228,sigi_hmm
NC_013421.1,169798,179715,9917,sigi_hmm
NC_013421.1,390074,407155,17081,sigi_hmm
NC_013421.1,60930,65021,4091,sigi_hmm
NC_012962.1,4982411,4994500,12089,sigi_hmm
NC_012962.1,3962994,3971975,8981,sigi_hmm
NC_012962.1,3895189,3899620,4431,sigi_hmm
NC_012962.1,3877165,3893032,15867,sigi_hmm
NC_012962.1,3537449,3546715,9266,sigi_hmm
NC_012962.1,2692305,2697605,5300,sigi_hmm
NC_012962.1,3470983,3477377,6394,sigi_hmm
NC_012962.1,2593887,2604488,10601,sigi_hmm
NC_012962.1,2644947,2651891,6944,sigi_hmm
NC_012962.1,887678,894961,7283,sigi_hmm
NC_012962.1,950575,955303,4728,sigi_hmm
NC_012962.1,1076183,1112395,36212,sigi_hmm
NC_012962.1,1457799,1465063,7264,sigi_hmm
NC_012962.1,1339515,1344446,4931,sigi_hmm
NC_012962.1,3478722,3489221,10499,sigi_hmm
NC_012468.1,1193715,1202856,9141,sigi_hmm
NC_012468.1,1276261,1285111,8850,sigi_hmm
NC_012468.1,1361415,1370931,9516,sigi_hmm
NC_012468.1,1687281,1694348,7067,sigi_hmm
NC_012468.1,1745392,1756190,10798,sigi_hmm
NC_012468.1,1850428,1854490,4062,sigi_hmm
NC_012466.1,46471,51638,5167,sigi_hmm
NC_012466.1,129382,136174,6792,sigi_hmm
NC_012466.1,145596,154673,9077,sigi_hmm
NC_012466.1,317733,324226,6493,sigi_hmm
NC_012466.1,454817,459391,4574,sigi_hmm
NC_012466.1,925775,936103,10328,sigi_hmm
NC_012466.1,939941,953975,14034,sigi_hmm
NC_012466.1,1026536,1033015,6479,sigi_hmm
NC_012466.1,1182437,1188145,5708,sigi_hmm
NC_012466.1,1272311,1282830,10519,sigi_hmm
NC_012466.1,1609852,1614469,4617,sigi_hmm
NC_012466.1,1650451,1665645,15194,sigi_hmm
NC_012466.1,1811949,1821076,9127,sigi_hmm
NC_012467.1,144103,152920,8817,sigi_hmm
NC_012467.1,166869,175586,8717,sigi_hmm
NC_012467.1,338534,348382,9848,sigi_hmm
NC_012467.1,478239,482795,4556,sigi_hmm
NC_012467.1,527482,535554,8072,sigi_hmm
NC_012467.1,948920,959192,10272,sigi_hmm
NC_012467.1,963870,980083,16213,sigi_hmm
NC_012467.1,1052264,1058743,6479,sigi_hmm
NC_012467.1,1064005,1068593,4588,sigi_hmm
NC_012467.1,1071400,1075784,4384,sigi_hmm
NC_012467.1,1104614,1112990,8376,sigi_hmm
NC_012467.1,1352286,1362855,10569,sigi_hmm
NC_012467.1,1693275,1704042,10767,sigi_hmm
NC_012467.1,1995694,2001161,5467,sigi_hmm
NC_012467.1,2027029,2032449,5420,sigi_hmm
NC_012469.1,2918,11790,8872,sigi_hmm
NC_012469.1,15835,23357,7522,sigi_hmm
NC_012469.1,136258,144681,8423,sigi_hmm
NC_012469.1,160948,165053,4105,sigi_hmm
NC_012469.1,199347,205611,6264,sigi_hmm
NC_012469.1,305976,321329,15353,sigi_hmm
NC_012469.1,536323,540547,4224,sigi_hmm
NC_012469.1,563356,567961,4605,sigi_hmm
NC_012469.1,684071,689062,4991,sigi_hmm
NC_012469.1,784177,794176,9999,sigi_hmm
NC_012469.1,1023728,1039420,15692,sigi_hmm
NC_012469.1,1660747,1669310,8563,sigi_hmm
NC_012469.1,1761172,1770371,9199,sigi_hmm
NC_012469.1,1772237,1776509,4272,sigi_hmm
NC_012469.1,1797181,1805410,8229,sigi_hmm
NC_012469.1,2024116,2029536,5420,sigi_hmm
NC_012470.1,1431719,1437973,6254,sigi_hmm
NC_012470.1,1441625,1447432,5807,sigi_hmm
NC_012470.1,1917647,1924159,6512,sigi_hmm
NC_012470.1,1950229,1960280,10051,sigi_hmm
NC_012468.1,77671,82838,5167,sigi_hmm
NC_012468.1,159719,170128,10409,sigi_hmm
NC_012468.1,256742,260964,4222,sigi_hmm
NC_012468.1,313449,319128,5679,sigi_hmm
NC_012468.1,321493,326931,5438,sigi_hmm
NC_012468.1,539341,543957,4616,sigi_hmm
NC_012468.1,567712,572589,4877,sigi_hmm
NC_012468.1,1014847,1026093,11246,sigi_hmm
NC_012468.1,1030773,1039996,9223,sigi_hmm
NC_012470.1,721234,728291,7057,sigi_hmm
NC_012470.1,861100,871984,10884,sigi_hmm
NC_012470.1,1067740,1080349,12609,sigi_hmm
NC_012470.1,1399115,1417838,18723,sigi_hmm
NC_012125.1,4759581,4764399,4818,sigi_hmm
NC_012470.1,587129,597249,10120,sigi_hmm
NC_012125.1,4722575,4745024,22449,sigi_hmm
NC_012125.1,4541059,4550011,8952,sigi_hmm
NC_012125.1,4489519,4494183,4664,sigi_hmm
NC_012125.1,4523361,4532414,9053,sigi_hmm
NC_012125.1,3845446,3853047,7601,sigi_hmm
NC_012125.1,3912878,3920460,7582,sigi_hmm
NC_012125.1,3949122,3954306,5184,sigi_hmm
NC_012125.1,4406979,4412409,5430,sigi_hmm
NC_012125.1,3129522,3133931,4409,sigi_hmm
NC_012125.1,3214084,3218242,4158,sigi_hmm
NC_012125.1,3702657,3706948,4291,sigi_hmm
NC_012125.1,2364709,2369203,4494,sigi_hmm
NC_012125.1,2372527,2389970,17443,sigi_hmm
NC_012125.1,2539155,2548259,9104,sigi_hmm
NC_012125.1,2652361,2657001,4640,sigi_hmm
NC_012125.1,2731554,2736352,4798,sigi_hmm
NC_012125.1,2148930,2158859,9929,sigi_hmm
NC_012125.1,1914457,1925229,10772,sigi_hmm
NC_012125.1,1702137,1707809,5672,sigi_hmm
NC_012125.1,1904591,1909728,5137,sigi_hmm
NC_012125.1,1526737,1531897,5160,sigi_hmm
NC_012125.1,1622508,1628438,5930,sigi_hmm
NC_012125.1,1640957,1650319,9362,sigi_hmm
NC_012125.1,1363950,1373103,9153,sigi_hmm
NC_012125.1,899831,907863,8032,sigi_hmm
NC_012125.1,1067502,1081503,14001,sigi_hmm
NC_012125.1,1211605,1216448,4843,sigi_hmm
NC_012125.1,1338296,1353885,15589,sigi_hmm
NC_012125.1,606771,615486,8715,sigi_hmm
NC_012125.1,802118,807310,5192,sigi_hmm
NC_012522.1,7903345,7907806,4461,sigi_hmm
NC_012125.1,331709,345883,14174,sigi_hmm
NC_012125.1,380252,386581,6329,sigi_hmm
NC_012522.1,7851153,7855168,4015,sigi_hmm
NC_012522.1,7879270,7886383,7113,sigi_hmm
NC_012522.1,7890401,7897541,7140,sigi_hmm
NC_012522.1,7604606,7623250,18644,sigi_hmm
NC_012522.1,3043239,3048216,4977,sigi_hmm
NC_012522.1,3105987,3110171,4184,sigi_hmm
NC_012522.1,3121030,3125918,4888,sigi_hmm
NC_012522.1,3157085,3164072,6987,sigi_hmm
NC_012522.1,3228806,3233923,5117,sigi_hmm
NC_012522.1,3374556,3381183,6627,sigi_hmm
NC_012522.1,3420356,3424921,4565,sigi_hmm
NC_012522.1,3871357,3886207,14850,sigi_hmm
NC_012522.1,3891840,3896415,4575,sigi_hmm
NC_012522.1,3897402,3901433,4031,sigi_hmm
NC_012522.1,3902990,3907072,4082,sigi_hmm
NC_012522.1,5028595,5033090,4495,sigi_hmm
NC_012522.1,5844972,5851254,6282,sigi_hmm
NC_012522.1,5903287,5913230,9943,sigi_hmm
NC_012522.1,5958396,5966597,8201,sigi_hmm
NC_012522.1,5996216,6008059,11843,sigi_hmm
NC_012522.1,2945780,2949954,4174,sigi_hmm
NC_012522.1,2956908,2967185,10277,sigi_hmm
NC_012522.1,428657,433489,4832,sigi_hmm
NC_012522.1,2935898,2942787,6889,sigi_hmm
NC_012522.1,45145,52730,7585,sigi_hmm
NC_012522.1,107239,113927,6688,sigi_hmm
NC_012490.1,2684730,2688934,4204,sigi_hmm
NC_012522.1,35873,43325,7452,sigi_hmm
NC_012207.1,2182865,2187783,4918,sigi_hmm
NC_012207.1,3255656,3260661,5005,sigi_hmm
NC_012207.1,3424197,3428425,4228,sigi_hmm
NC_012440.1,1226727,1238457,11730,sigi_hmm
NC_012207.1,1103953,1108426,4473,sigi_hmm
NC_012489.1,4112484,4117052,4568,sigi_hmm
NC_012489.1,4345884,4350645,4761,sigi_hmm
NC_012526.1,2447069,2452260,5191,sigi_hmm
NC_012489.1,222578,228082,5504,sigi_hmm
NC_012489.1,659726,669708,9982,sigi_hmm
NC_012489.1,1808624,1813027,4403,sigi_hmm
NC_012489.1,2920965,2925568,4603,sigi_hmm
NC_012489.1,3512151,3518521,6370,sigi_hmm
NC_010995.1,4567048,4575116,8068,sigi_hmm
NC_012526.1,308680,321460,12780,sigi_hmm
NC_012526.1,831282,836462,5180,sigi_hmm
NC_012526.1,1584715,1592371,7656,sigi_hmm
NC_012526.1,2165531,2174101,8570,sigi_hmm
NC_010995.1,4529683,4554472,24789,sigi_hmm
NC_010995.1,4444437,4523519,79082,sigi_hmm
NC_010995.1,4419710,4431905,12195,sigi_hmm
NC_010995.1,4400549,4414100,13551,sigi_hmm
NC_010995.1,4324493,4331763,7270,sigi_hmm
NC_010995.1,4349472,4394869,45397,sigi_hmm
NC_010995.1,4280302,4313560,33258,sigi_hmm
NC_010995.1,4267877,4273409,5532,sigi_hmm
NC_010995.1,4243831,4262889,19058,sigi_hmm
NC_010995.1,4131318,4142198,10880,sigi_hmm
NC_010995.1,4152630,4159152,6522,sigi_hmm
NC_010995.1,4211393,4219130,7737,sigi_hmm
NC_010995.1,4225552,4229887,4335,sigi_hmm
NC_010995.1,4092553,4100242,7689,sigi_hmm
NC_010995.1,4110099,4125186,15087,sigi_hmm
NC_010995.1,4045370,4051627,6257,sigi_hmm
NC_010995.1,4029154,4039445,10291,sigi_hmm
NC_010995.1,3985109,4022650,37541,sigi_hmm
NC_010995.1,3904707,3928611,23904,sigi_hmm
NC_010995.1,3949483,3971507,22024,sigi_hmm
NC_010995.1,3830044,3838366,8322,sigi_hmm
NC_010995.1,3851760,3867317,15557,sigi_hmm
NC_010995.1,3743474,3749797,6323,sigi_hmm
NC_010995.1,3764844,3785584,20740,sigi_hmm
NC_010995.1,3732904,3740770,7866,sigi_hmm
NC_010995.1,3717704,3727543,9839,sigi_hmm
NC_010995.1,3701677,3714876,13199,sigi_hmm
NC_010995.1,3636343,3646785,10442,sigi_hmm
NC_010995.1,3675466,3698444,22978,sigi_hmm
NC_010995.1,3612555,3622737,10182,sigi_hmm
NC_010995.1,3496704,3506301,9597,sigi_hmm
NC_010995.1,3567963,3580992,13029,sigi_hmm
NC_010995.1,3463088,3485601,22513,sigi_hmm
NC_010995.1,3368331,3373497,5166,sigi_hmm
NC_010995.1,3387875,3392493,4618,sigi_hmm
NC_010995.1,3349822,3360866,11044,sigi_hmm
NC_010995.1,3326504,3340035,13531,sigi_hmm
NC_010995.1,3220958,3226172,5214,sigi_hmm
NC_010995.1,3236419,3251526,15107,sigi_hmm
NC_010995.1,3438954,3448248,9294,sigi_hmm
NC_010995.1,3193371,3209337,15966,sigi_hmm
NC_010995.1,3146743,3162256,15513,sigi_hmm
NC_010995.1,3114843,3122194,7351,sigi_hmm
NC_010995.1,2876411,2885115,8704,sigi_hmm
NC_010995.1,2969551,2974182,4631,sigi_hmm
NC_010995.1,3041967,3047609,5642,sigi_hmm
NC_010995.1,3066425,3071049,4624,sigi_hmm
NC_010995.1,2835013,2849454,14441,sigi_hmm
NC_010995.1,2855595,2864773,9178,sigi_hmm
NC_010995.1,2785871,2812011,26140,sigi_hmm
NC_010995.1,2639054,2643320,4266,sigi_hmm
NC_010995.1,2646907,2652616,5709,sigi_hmm
NC_010995.1,2745171,2755102,9931,sigi_hmm
NC_010995.1,2497617,2503054,5437,sigi_hmm
NC_010995.1,2454920,2459982,5062,sigi_hmm
NC_010995.1,2131311,2136212,4901,sigi_hmm
NC_010995.1,2144013,2156880,12867,sigi_hmm
NC_010995.1,1897661,1904331,6670,sigi_hmm
NC_010995.1,1908271,1914701,6430,sigi_hmm
NC_010995.1,1841200,1855504,14304,sigi_hmm
NC_010995.1,1786664,1792945,6281,sigi_hmm
NC_010995.1,1812330,1823842,11512,sigi_hmm
NC_010995.1,1759277,1765993,6716,sigi_hmm
NC_010995.1,1778430,1785210,6780,sigi_hmm
NC_010995.1,1696431,1702490,6059,sigi_hmm
NC_010995.1,1634343,1654175,19832,sigi_hmm
NC_010995.1,1531126,1546442,15316,sigi_hmm
NC_010995.1,1450356,1458365,8009,sigi_hmm
NC_010995.1,1509476,1515202,5726,sigi_hmm
NC_010995.1,1418589,1432833,14244,sigi_hmm
NC_010995.1,1236852,1244189,7337,sigi_hmm
NC_010995.1,1278624,1301652,23028,sigi_hmm
NC_010995.1,1169543,1175506,5963,sigi_hmm
NC_010995.1,1177698,1201078,23380,sigi_hmm
NC_010995.1,1133823,1155048,21225,sigi_hmm
NC_010995.1,961865,977100,15235,sigi_hmm
NC_010995.1,986825,1003302,16477,sigi_hmm
NC_010995.1,1106013,1127496,21483,sigi_hmm
NC_010995.1,922327,928697,6370,sigi_hmm
NC_010995.1,950553,960332,9779,sigi_hmm
NC_010995.1,773976,781337,7361,sigi_hmm
NC_010995.1,715626,727181,11555,sigi_hmm
NC_010995.1,748332,759631,11299,sigi_hmm
NC_010995.1,689744,712979,23235,sigi_hmm
NC_010995.1,657517,669562,12045,sigi_hmm
NC_010995.1,606961,618577,11616,sigi_hmm
NC_010995.1,641064,649342,8278,sigi_hmm
NC_010995.1,519866,527923,8057,sigi_hmm
NC_010995.1,581824,599002,17178,sigi_hmm
NC_010995.1,480200,496294,16094,sigi_hmm
NC_010995.1,445322,472321,26999,sigi_hmm
NC_010995.1,396016,409427,13411,sigi_hmm
NC_010995.1,319437,325541,6104,sigi_hmm
NC_010995.1,329795,339979,10184,sigi_hmm
NC_010995.1,340403,350430,10027,sigi_hmm
NC_010995.1,357239,374543,17304,sigi_hmm
NC_010995.1,301360,316386,15026,sigi_hmm
NC_010995.1,256425,266101,9676,sigi_hmm
NC_010995.1,239974,251123,11149,sigi_hmm
NC_010995.1,227896,234692,6796,sigi_hmm
NC_010995.1,185163,205772,20609,sigi_hmm
NC_010995.1,86121,137870,51749,sigi_hmm
NC_010995.1,63639,69418,5779,sigi_hmm
NC_010995.1,6530,20169,13639,sigi_hmm
NC_012441.1,1799726,1808114,8388,sigi_hmm
NC_012441.1,1947927,1953212,5285,sigi_hmm
NC_012441.1,1066694,1073995,7301,sigi_hmm
NC_012441.1,796288,801205,4917,sigi_hmm
NC_012441.1,963682,969947,6265,sigi_hmm
NC_012441.1,722448,729210,6762,sigi_hmm
NC_012441.1,288273,294469,6196,sigi_hmm
NC_012441.1,534681,551095,16414,sigi_hmm
NC_012441.1,731536,742698,11162,sigi_hmm
NC_012442.1,1079825,1085898,6073,sigi_hmm
NC_012441.1,264054,280371,16317,sigi_hmm
NC_012491.1,5431672,5436772,5100,sigi_hmm
NC_012491.1,6246284,6250798,4514,sigi_hmm
NC_012034.1,2075249,2080040,4791,sigi_hmm
NC_012034.1,2328672,2333661,4989,sigi_hmm
NC_012472.1,926912,932877,5965,sigi_hmm
NC_012472.1,4886975,4893292,6317,sigi_hmm
NC_012034.1,1007950,1021873,13923,sigi_hmm
NC_012034.1,997270,1006960,9690,sigi_hmm
NC_012034.1,557078,568100,11022,sigi_hmm
NC_012034.1,807576,815012,7436,sigi_hmm
NC_012034.1,82738,87198,4460,sigi_hmm
NC_012483.1,3783460,3792386,8926,sigi_hmm
NC_012483.1,3754841,3771140,16299,sigi_hmm
NC_012483.1,3742326,3747094,4768,sigi_hmm
NC_012483.1,3008836,3015837,7001,sigi_hmm
NC_012483.1,3679544,3694215,14671,sigi_hmm
NC_012483.1,1849564,1863268,13704,sigi_hmm
NC_012483.1,1577048,1583122,6074,sigi_hmm
NC_012483.1,1804007,1810287,6280,sigi_hmm
NC_012483.1,747788,753114,5326,sigi_hmm
NC_012483.1,857478,863185,5707,sigi_hmm
NC_012483.1,488989,502584,13595,sigi_hmm
NC_012483.1,63361,71691,8330,sigi_hmm
NC_011586.1,276766,322867,46101,sigi_hmm
NC_011586.1,836291,840915,4624,sigi_hmm
NC_011586.1,1387432,1392175,4743,sigi_hmm
NC_011586.1,2793483,2798704,5221,sigi_hmm
NC_011586.1,3345181,3352986,7805,sigi_hmm
NC_011586.1,3931926,3936187,4261,sigi_hmm
NC_011595.1,17481,24413,6932,sigi_hmm
NC_011595.1,131981,136239,4258,sigi_hmm
NC_011595.1,2318588,2323712,5124,sigi_hmm
NC_011595.1,3053575,3058196,4621,sigi_hmm
NC_011595.1,3650241,3655019,4778,sigi_hmm
NC_011595.1,3679662,3684032,4370,sigi_hmm
NC_011595.1,3721960,3729320,7360,sigi_hmm
NC_011567.1,228884,235575,6691,sigi_hmm
NC_011567.1,237103,241936,4833,sigi_hmm
NC_011567.1,1159497,1166737,7240,sigi_hmm
NC_011567.1,1659062,1663113,4051,sigi_hmm
NC_011567.1,2216087,2223499,7412,sigi_hmm
NC_011567.1,2349644,2355099,5455,sigi_hmm
NC_011567.1,2406829,2422098,15269,sigi_hmm
NC_011567.1,2605452,2610671,5219,sigi_hmm
NC_011593.1,16948,23610,6662,sigi_hmm
NC_011593.1,105553,113430,7877,sigi_hmm
NC_011593.1,283227,288963,5736,sigi_hmm
NC_011593.1,316053,321625,5572,sigi_hmm
NC_011593.1,337442,349132,11690,sigi_hmm
NC_011593.1,397151,402861,5710,sigi_hmm
NC_011593.1,444231,450064,5833,sigi_hmm
NC_011593.1,500385,507017,6632,sigi_hmm
NC_011593.1,515555,528193,12638,sigi_hmm
NC_011593.1,535155,541728,6573,sigi_hmm
NC_011593.1,545332,555817,10485,sigi_hmm
NC_011593.1,557967,602309,44342,sigi_hmm
NC_011593.1,628701,633034,4333,sigi_hmm
NC_011593.1,757857,762625,4768,sigi_hmm
NC_011593.1,935813,953073,17260,sigi_hmm
NC_011593.1,1014357,1018468,4111,sigi_hmm
NC_011593.1,1155858,1189817,33959,sigi_hmm
NC_011593.1,1207108,1231607,24499,sigi_hmm
NC_011593.1,1257278,1264385,7107,sigi_hmm
NC_011593.1,1365234,1379280,14046,sigi_hmm
NC_011593.1,1381364,1407472,26108,sigi_hmm
NC_011593.1,1410219,1418111,7892,sigi_hmm
NC_011593.1,1419629,1448363,28734,sigi_hmm
NC_011593.1,1459128,1486030,26902,sigi_hmm
NC_011593.1,1500503,1504558,4055,sigi_hmm
NC_011593.1,1507376,1518098,10722,sigi_hmm
NC_011593.1,1551918,1557702,5784,sigi_hmm
NC_011593.1,1564802,1575477,10675,sigi_hmm
NC_011593.1,1627791,1634110,6319,sigi_hmm
NC_011593.1,1659675,1665613,5938,sigi_hmm
NC_011593.1,1716848,1723489,6641,sigi_hmm
NC_011593.1,1804795,1813371,8576,sigi_hmm
NC_011593.1,1816262,1827435,11173,sigi_hmm
NC_011593.1,1837213,1842767,5554,sigi_hmm
NC_011593.1,1963586,1973716,10130,sigi_hmm
NC_011593.1,2019017,2028279,9262,sigi_hmm
NC_011593.1,2104827,2111612,6785,sigi_hmm
NC_011593.1,2301280,2305594,4314,sigi_hmm
NC_011593.1,2306923,2318801,11878,sigi_hmm
NC_011593.1,2323693,2339956,16263,sigi_hmm
NC_011593.1,2378556,2387498,8942,sigi_hmm
NC_011593.1,2510169,2518480,8311,sigi_hmm
NC_011593.1,2657274,2661840,4566,sigi_hmm
NC_011593.1,2686688,2693671,6983,sigi_hmm
NC_011593.1,2703843,2708730,4887,sigi_hmm
NC_011593.1,2725805,2734695,8890,sigi_hmm
NC_011565.1,988221,993883,5662,sigi_hmm
NC_011565.1,1001591,1007934,6343,sigi_hmm
NC_010544.1,305996,318354,12358,sigi_hmm
NC_011527.1,929159,934429,5270,sigi_hmm
NC_011527.1,1123882,1129543,5661,sigi_hmm
NC_011527.1,1272329,1284634,12305,sigi_hmm
NC_011527.1,1747957,1758484,10527,sigi_hmm
NC_011527.1,1769377,1775967,6590,sigi_hmm
NC_011528.1,336667,344239,7572,sigi_hmm
NC_011528.1,652011,657672,5661,sigi_hmm
NC_011528.1,1509089,1515246,6157,sigi_hmm
NC_011528.1,1775346,1782687,7341,sigi_hmm
NC_011601.1,16852,21282,4430,sigi_hmm
NC_011601.1,173313,180610,7297,sigi_hmm
NC_011601.1,270037,274622,4585,sigi_hmm
NC_011601.1,279798,287469,7671,sigi_hmm
NC_011601.1,295401,300891,5490,sigi_hmm
NC_011601.1,720891,741116,20225,sigi_hmm
NC_011601.1,767281,771364,4083,sigi_hmm
NC_011601.1,1043517,1053194,9677,sigi_hmm
NC_011601.1,1054821,1062740,7919,sigi_hmm
NC_011601.1,1072114,1077650,5536,sigi_hmm
NC_011601.1,1084019,1088543,4524,sigi_hmm
NC_011601.1,1119374,1144840,25466,sigi_hmm
NC_011601.1,1272299,1283500,11201,sigi_hmm
NC_011601.1,1292776,1297120,4344,sigi_hmm
NC_011601.1,1321766,1327599,5833,sigi_hmm
NC_011601.1,1436366,1440425,4059,sigi_hmm
NC_011601.1,1472067,1481265,9198,sigi_hmm
NC_011601.1,1640463,1645187,4724,sigi_hmm
NC_011601.1,1682279,1686605,4326,sigi_hmm
NC_011601.1,1689471,1702061,12590,sigi_hmm
NC_011601.1,2137685,2142573,4888,sigi_hmm
NC_011601.1,2146103,2179502,33399,sigi_hmm
NC_011601.1,2180254,2184580,4326,sigi_hmm
NC_011601.1,2219926,2224666,4740,sigi_hmm
NC_011601.1,2317801,2323220,5419,sigi_hmm
NC_011601.1,2609004,2616190,7186,sigi_hmm
NC_011601.1,2618587,2626407,7820,sigi_hmm
NC_011601.1,2637052,2646599,9547,sigi_hmm
NC_011601.1,2810567,2819701,9134,sigi_hmm
NC_011601.1,2837376,2845796,8420,sigi_hmm
NC_011601.1,2863959,2871087,7128,sigi_hmm
NC_011601.1,3003890,3014541,10651,sigi_hmm
NC_011601.1,3130134,3138534,8400,sigi_hmm
NC_011601.1,3179550,3184836,5286,sigi_hmm
NC_011601.1,3338888,3364961,26073,sigi_hmm
NC_011601.1,3959031,3963894,4863,sigi_hmm
NC_011601.1,4043293,4052324,9031,sigi_hmm
NC_011601.1,4067765,4072789,5024,sigi_hmm
NC_011601.1,4103271,4138312,35041,sigi_hmm
NC_011601.1,4447447,4451597,4150,sigi_hmm
NC_011601.1,4868952,4873508,4556,sigi_hmm
NC_011601.1,4875238,4883660,8422,sigi_hmm
NC_011365.1,382737,388246,5509,sigi_hmm
NC_011365.1,506319,517433,11114,sigi_hmm
NC_011365.1,600274,639563,39289,sigi_hmm
NC_011365.1,745761,756985,11224,sigi_hmm
NC_011365.1,1018028,1022809,4781,sigi_hmm
NC_011365.1,1062355,1083763,21408,sigi_hmm
NC_011365.1,1100297,1116036,15739,sigi_hmm
NC_011365.1,1127965,1132548,4583,sigi_hmm
NC_011365.1,1140698,1154214,13516,sigi_hmm
NC_011365.1,1174587,1186357,11770,sigi_hmm
NC_011365.1,1188902,1196480,7578,sigi_hmm
NC_011365.1,1395644,1403899,8255,sigi_hmm
NC_011365.1,1541743,1545760,4017,sigi_hmm
NC_011365.1,1609455,1614065,4610,sigi_hmm
NC_011365.1,1785609,1790754,5145,sigi_hmm
NC_011365.1,1849948,1860141,10193,sigi_hmm
NC_011365.1,1908824,1915265,6441,sigi_hmm
NC_011365.1,1928133,1939705,11572,sigi_hmm
NC_011365.1,1976304,1994595,18291,sigi_hmm
NC_011365.1,2647018,2652079,5061,sigi_hmm
NC_011365.1,2701241,2710155,8914,sigi_hmm
NC_011365.1,2731820,2752090,20270,sigi_hmm
NC_011365.1,2919305,2929103,9798,sigi_hmm
NC_011365.1,2943521,2948760,5239,sigi_hmm
NC_011365.1,3003025,3016468,13443,sigi_hmm
NC_011365.1,3041839,3049833,7994,sigi_hmm
NC_011365.1,3052254,3061226,8972,sigi_hmm
NC_011365.1,3070941,3090204,19263,sigi_hmm
NC_011365.1,3098655,3108627,9972,sigi_hmm
NC_011365.1,3231649,3237697,6048,sigi_hmm
NC_011365.1,3681271,3688454,7183,sigi_hmm
NC_011365.1,3759657,3763791,4134,sigi_hmm
NC_011566.1,1605161,1617918,12757,sigi_hmm
NC_011566.1,1623473,1633089,9616,sigi_hmm
NC_011566.1,3904409,3908973,4564,sigi_hmm
NC_011566.1,4719774,4728285,8511,sigi_hmm
NC_011529.1,297243,301260,4017,sigi_hmm
NC_011529.1,751740,757261,5521,sigi_hmm
NC_011529.1,775888,782263,6375,sigi_hmm
NC_011529.1,1561937,1569401,7464,sigi_hmm
NC_011529.1,1730948,1742618,11670,sigi_hmm
NS_000191.1,734225,740741,6516,sigi_hmm
NC_012962.1,791997,797973,5976,sigi_hmm
NC_012962.1,493298,502715,9417,sigi_hmm
NC_012962.1,272071,276317,4246,sigi_hmm
NC_012962.1,298797,305739,6942,sigi_hmm
NC_012962.1,386043,392456,6413,sigi_hmm
NC_014148.1,3160855,3165542,4687,sigi_hmm
NC_014148.1,1237485,1241966,4481,sigi_hmm
NC_014148.1,3092262,3097982,5720,sigi_hmm
NC_013720.1,5826577,5838757,12180,sigi_hmm
NC_005303.2,131206,138400,7194,sigi_hmm
NC_013720.1,5777689,5782073,4384,sigi_hmm
NC_013720.1,5799962,5819814,19852,sigi_hmm
NC_013720.1,2916020,2920057,4037,sigi_hmm
NC_013720.1,3932640,3939485,6845,sigi_hmm
NC_011420.2,3601002,3605300,4298,sigi_hmm
NC_013720.1,368368,388036,19668,sigi_hmm
NC_013720.1,4817143,4823150,6007,sigi_hmm
NC_013720.1,4832632,4837415,4783,sigi_hmm
NC_013720.1,1425354,1431540,6186,sigi_hmm
NC_013720.1,1611399,1619000,7601,sigi_hmm
NC_013720.1,1388953,1393065,4112,sigi_hmm
NC_013720.1,1413306,1422843,9537,sigi_hmm
NC_013720.1,829038,833807,4769,sigi_hmm
NC_013720.1,555440,562954,7514,sigi_hmm
NC_013720.1,538303,543546,5243,sigi_hmm
NC_013720.1,544899,552295,7396,sigi_hmm
NC_011744.1,92598,97895,5297,sigi_hmm
NC_011744.1,180946,186638,5692,sigi_hmm
NC_011744.1,419340,425118,5778,sigi_hmm
NC_011744.1,607840,611939,4099,sigi_hmm
NC_011744.1,700082,707458,7376,sigi_hmm
NC_011744.1,731582,738480,6898,sigi_hmm
NC_011744.1,895530,901075,5545,sigi_hmm
NC_011744.1,1081956,1086482,4526,sigi_hmm
NC_011744.1,1239989,1244822,4833,sigi_hmm
NC_011744.1,1272526,1277481,4955,sigi_hmm
NC_011753.1,16357,27851,11494,sigi_hmm
NC_011753.1,180940,194428,13488,sigi_hmm
NC_011753.1,210632,229597,18965,sigi_hmm
NC_011753.1,328329,336607,8278,sigi_hmm
NC_011753.1,511895,517315,5420,sigi_hmm
NC_011753.1,1187198,1194328,7130,sigi_hmm
NC_011753.1,1256832,1262071,5239,sigi_hmm
NC_011753.1,1298955,1303655,4700,sigi_hmm
NC_011753.1,1367940,1377810,9870,sigi_hmm
NC_011753.1,1467571,1475966,8395,sigi_hmm
NC_011753.1,1492874,1498406,5532,sigi_hmm
NC_011753.1,1508378,1514745,6367,sigi_hmm
NC_011753.1,1577410,1587195,9785,sigi_hmm
NC_011753.1,1683486,1692160,8674,sigi_hmm
NC_011753.1,1714582,1720312,5730,sigi_hmm
NC_011753.1,1789615,1795597,5982,sigi_hmm
NC_011753.1,1877818,1885394,7576,sigi_hmm
NC_011753.1,2014214,2038910,24696,sigi_hmm
NC_011753.1,2603209,2620634,17425,sigi_hmm
NC_011753.1,2834834,2840489,5655,sigi_hmm
NC_011753.1,2845154,2850957,5803,sigi_hmm
NC_011753.1,2854415,2865761,11346,sigi_hmm
NC_011753.1,2881929,2894106,12177,sigi_hmm
NC_011753.1,3140096,3148545,8449,sigi_hmm
NC_011653.1,752020,760372,8352,sigi_hmm
NC_011653.1,1012525,1016739,4214,sigi_hmm
NC_011662.1,27047,32651,5604,sigi_hmm
NC_011662.1,34787,45194,10407,sigi_hmm
NC_011662.1,139994,144072,4078,sigi_hmm
NC_011662.1,335827,342703,6876,sigi_hmm
NC_011662.1,347788,355300,7512,sigi_hmm
NC_011662.1,368386,378644,10258,sigi_hmm
NC_011662.1,381490,386146,4656,sigi_hmm
NC_011662.1,395601,405122,9521,sigi_hmm
NC_011662.1,423325,429101,5776,sigi_hmm
NC_011662.1,820107,824332,4225,sigi_hmm
NC_011662.1,1017933,1022257,4324,sigi_hmm
NC_011662.1,1026167,1032116,5949,sigi_hmm
NC_011662.1,1063467,1072837,9370,sigi_hmm
NC_011662.1,1106676,1112607,5931,sigi_hmm
NC_011662.1,1170392,1176058,5666,sigi_hmm
NC_011662.1,1222201,1232160,9959,sigi_hmm
NC_011662.1,2327563,2332803,5240,sigi_hmm
NC_011662.1,2333666,2344246,10580,sigi_hmm
NC_011662.1,2354290,2362194,7904,sigi_hmm
NC_011662.1,2372499,2377488,4989,sigi_hmm
NC_011662.1,2389933,2396943,7010,sigi_hmm
NC_011662.1,2407198,2412295,5097,sigi_hmm
NC_011662.1,2424442,2428810,4368,sigi_hmm
NC_011662.1,2509433,2522587,13154,sigi_hmm
NC_011662.1,2589710,2595295,5585,sigi_hmm
NC_011663.1,196480,202256,5776,sigi_hmm
NC_011663.1,330908,338335,7427,sigi_hmm
NC_011663.1,676432,682409,5977,sigi_hmm
NC_011663.1,692591,697432,4841,sigi_hmm
NC_011663.1,719123,727179,8056,sigi_hmm
NC_011663.1,736219,742647,6428,sigi_hmm
NC_011663.1,1194573,1199572,4999,sigi_hmm
NC_011663.1,1713103,1731434,18331,sigi_hmm
NC_011663.1,1872155,1876387,4232,sigi_hmm
NC_011663.1,2131406,2136555,5149,sigi_hmm
NC_011663.1,2574877,2580568,5691,sigi_hmm
NC_011663.1,2583537,2589494,5957,sigi_hmm
NC_011663.1,2811490,2817628,6138,sigi_hmm
NC_011663.1,3086408,3091206,4798,sigi_hmm
NC_011663.1,3101450,3105722,4272,sigi_hmm
NC_011663.1,3828251,3833804,5553,sigi_hmm
NC_011663.1,4953927,4965938,12011,sigi_hmm
NC_011663.1,4986196,4994169,7973,sigi_hmm
NC_011663.1,5022344,5033457,11113,sigi_hmm
NC_011770.1,863965,868254,4289,sigi_hmm
NC_011770.1,893631,898785,5154,sigi_hmm
NC_011770.1,1305201,1309692,4491,sigi_hmm
NC_011770.1,1436690,1441630,4940,sigi_hmm
NC_011770.1,1445686,1450119,4433,sigi_hmm
NC_011770.1,1463761,1472147,8386,sigi_hmm
NC_011770.1,2505189,2511345,6156,sigi_hmm
NC_011770.1,2515459,2521975,6516,sigi_hmm
NC_011770.1,2537197,2545357,8160,sigi_hmm
NC_011770.1,2615495,2619600,4105,sigi_hmm
NC_011770.1,2690501,2697149,6648,sigi_hmm
NC_011770.1,2857709,2861846,4137,sigi_hmm
NC_011770.1,2905378,2911444,6066,sigi_hmm
NC_011770.1,4774502,4779578,5076,sigi_hmm
NC_011770.1,4943767,4949956,6189,sigi_hmm
NC_011770.1,6262062,6266533,4471,sigi_hmm
NC_011757.1,45544,52610,7066,sigi_hmm
NC_011757.1,55017,97009,41992,sigi_hmm
NC_011757.1,104722,111049,6327,sigi_hmm
NC_011757.1,287382,291918,4536,sigi_hmm
NC_011757.1,545412,551229,5817,sigi_hmm
NC_011757.1,994164,1013691,19527,sigi_hmm
NC_011757.1,1128136,1132305,4169,sigi_hmm
NC_011757.1,1253486,1261382,7896,sigi_hmm
NC_011757.1,1267355,1274182,6827,sigi_hmm
NC_011757.1,1295544,1303409,7865,sigi_hmm
NC_011757.1,1311076,1317362,6286,sigi_hmm
NC_011757.1,1354510,1358916,4406,sigi_hmm
NC_011757.1,1533213,1537962,4749,sigi_hmm
NC_011757.1,1541405,1549558,8153,sigi_hmm
NC_011757.1,1562910,1567140,4230,sigi_hmm
NC_011757.1,2039939,2046642,6703,sigi_hmm
NC_011757.1,3493254,3519296,26042,sigi_hmm
NC_011757.1,3559336,3580392,21056,sigi_hmm
NC_011757.1,3873996,3878043,4047,sigi_hmm
NC_011757.1,4037920,4043334,5414,sigi_hmm
NC_011757.1,4049497,4059972,10475,sigi_hmm
NC_011757.1,4193481,4198320,4839,sigi_hmm
NC_011757.1,4215645,4221109,5464,sigi_hmm
NC_011757.1,4297511,4304056,6545,sigi_hmm
NC_011757.1,4308351,4321582,13231,sigi_hmm
NC_011757.1,4347709,4353098,5389,sigi_hmm
NC_011757.1,4451535,4481436,29901,sigi_hmm
NC_011757.1,5054010,5058418,4408,sigi_hmm
NC_011757.1,5059448,5068617,9169,sigi_hmm
NC_011757.1,5085872,5091213,5341,sigi_hmm
NC_011757.1,5109841,5129397,19556,sigi_hmm
NC_011757.1,5535292,5543447,8155,sigi_hmm
NC_011757.1,5710008,5716545,6537,sigi_hmm
NC_011757.1,5752410,5761131,8721,sigi_hmm
NC_011757.1,5773394,5777804,4410,sigi_hmm
NC_011666.1,1578328,1592359,14031,sigi_hmm
NC_011666.1,1608112,1612755,4643,sigi_hmm
NC_011666.1,2266688,2275978,9290,sigi_hmm
NC_011666.1,2343087,2350884,7797,sigi_hmm
NC_011666.1,3013039,3017237,4198,sigi_hmm
NC_011666.1,3039745,3044601,4856,sigi_hmm
NC_011666.1,3387579,3391899,4320,sigi_hmm
NC_011660.1,478682,485353,6671,sigi_hmm
NC_011660.1,2548154,2567426,19272,sigi_hmm
NC_011660.1,2570204,2581324,11120,sigi_hmm
NC_011740.1,321315,327635,6320,sigi_hmm
NC_011740.1,455527,459548,4021,sigi_hmm
NC_011740.1,626947,631219,4272,sigi_hmm
NC_011740.1,1501052,1507450,6398,sigi_hmm
NC_011740.1,2080141,2086771,6630,sigi_hmm
NC_011740.1,2098225,2106727,8502,sigi_hmm
NC_011740.1,2109068,2120418,11350,sigi_hmm
NC_011740.1,2146919,2154369,7450,sigi_hmm
NC_011740.1,2774865,2781002,6137,sigi_hmm
NC_011740.1,3158047,3162711,4664,sigi_hmm
NC_011740.1,3460335,3465024,4689,sigi_hmm
NC_011740.1,4012443,4021851,9408,sigi_hmm
NC_011740.1,4526376,4531389,5013,sigi_hmm
NC_011766.1,84250,89680,5430,sigi_hmm
NC_011769.1,2039862,2050185,10323,sigi_hmm
NC_011769.1,2549908,2555493,5585,sigi_hmm
NC_011769.1,3410205,3416110,5905,sigi_hmm
NC_011769.1,3419978,3425206,5228,sigi_hmm
NC_011769.1,3448377,3452598,4221,sigi_hmm
NC_011726.1,4097691,4101798,4107,sigi_hmm
NC_011729.1,4843910,4847968,4058,sigi_hmm
NC_011728.1,65242,77651,12409,sigi_hmm
NC_011728.1,461342,468456,7114,sigi_hmm
NC_011728.1,659189,669221,10032,sigi_hmm
NC_011728.1,800243,804467,4224,sigi_hmm
NC_011773.1,2111232,2115734,4502,sigi_hmm
NC_011773.1,3042247,3047902,5655,sigi_hmm
NC_011761.1,609339,614139,4800,sigi_hmm
NC_011761.1,751066,756458,5392,sigi_hmm
NC_011761.1,762941,769279,6338,sigi_hmm
NC_011761.1,909231,917486,8255,sigi_hmm
NC_011761.1,1829044,1837096,8052,sigi_hmm
NC_011761.1,2045521,2051003,5482,sigi_hmm
NC_011761.1,2555038,2561708,6670,sigi_hmm
NC_011761.1,2648246,2656202,7956,sigi_hmm
NC_011761.1,2819723,2825428,5705,sigi_hmm
NC_011761.1,2945212,2950876,5664,sigi_hmm
NC_011761.1,2957823,2965686,7863,sigi_hmm
NC_013959.1,2536033,2540155,4122,sigi_hmm
NC_013959.1,2578757,2587697,8940,sigi_hmm
NC_013959.1,2618675,2623367,4692,sigi_hmm
NC_013929.1,9029021,9033824,4803,sigi_hmm
NC_013929.1,10120680,10124949,4269,sigi_hmm
NC_013929.1,8514198,8523425,9227,sigi_hmm
NC_013929.1,7618574,7626705,8131,sigi_hmm
NC_013929.1,7670867,7676488,5621,sigi_hmm
NC_013929.1,7915174,7924781,9607,sigi_hmm
NC_013929.1,3634343,3640870,6527,sigi_hmm
NC_013929.1,3667656,3671802,4146,sigi_hmm
NC_013929.1,3675261,3684631,9370,sigi_hmm
NC_013929.1,3745263,3750659,5396,sigi_hmm
NC_013929.1,4562290,4569986,7696,sigi_hmm
NC_013929.1,5705381,5710451,5070,sigi_hmm
NC_013929.1,5941191,5947999,6808,sigi_hmm
NC_013929.1,6257234,6262599,5365,sigi_hmm
NC_013929.1,6354634,6363919,9285,sigi_hmm
NC_013929.1,7297979,7305647,7668,sigi_hmm
NC_013929.1,3306895,3314335,7440,sigi_hmm
NC_013929.1,3320624,3324655,4031,sigi_hmm
NC_013929.1,3331954,3335995,4041,sigi_hmm
NC_013929.1,3345389,3354239,8850,sigi_hmm
NC_013929.1,3624541,3629403,4862,sigi_hmm
NC_013959.1,2468934,2474731,5797,sigi_hmm
NC_013959.1,2488806,2497700,8894,sigi_hmm
NC_013959.1,1508583,1513628,5045,sigi_hmm
NC_013959.1,1630054,1635584,5530,sigi_hmm
NC_013959.1,1881037,1887589,6552,sigi_hmm
NC_013959.1,2217219,2222736,5517,sigi_hmm
NC_013959.1,2432937,2440176,7239,sigi_hmm
NC_013959.1,2506483,2515685,9202,sigi_hmm
NC_013959.1,1189348,1203339,13991,sigi_hmm
NC_013959.1,840781,845749,4968,sigi_hmm
NC_013959.1,1064096,1097339,33243,sigi_hmm
NC_013959.1,1175517,1186734,11217,sigi_hmm
NC_013959.1,514208,523906,9698,sigi_hmm
NC_013959.1,793858,798812,4954,sigi_hmm
NC_013959.1,818846,823772,4926,sigi_hmm
NC_013959.1,384172,388253,4081,sigi_hmm
NC_013959.1,389394,393886,4492,sigi_hmm
NC_013959.1,406787,410918,4131,sigi_hmm
NC_013959.1,433967,442508,8541,sigi_hmm
NC_013959.1,471594,477709,6115,sigi_hmm
NC_013959.1,486837,497755,10918,sigi_hmm
NC_013959.1,296052,303036,6984,sigi_hmm
NC_013959.1,339508,348904,9396,sigi_hmm
NC_013959.1,61842,67012,5170,sigi_hmm
NC_013959.1,92000,96107,4107,sigi_hmm
NC_013959.1,220609,230343,9734,sigi_hmm
NC_013165.1,2271075,2275169,4094,sigi_hmm
NC_013165.1,2444995,2454024,9029,sigi_hmm
NC_013165.1,2708000,2712671,4671,sigi_hmm
NC_013165.1,3132226,3136304,4078,sigi_hmm
NC_013165.1,3153578,3159958,6380,sigi_hmm
NC_014171.1,2307626,2313490,5864,sigi_hmm
NC_014171.1,3153669,3159070,5401,sigi_hmm
NC_012032.1,4949121,4956939,7818,sigi_hmm
NC_012032.1,4225371,4230066,4695,sigi_hmm
NC_012032.1,4585419,4590323,4904,sigi_hmm
NC_012032.1,4935007,4942206,7199,sigi_hmm
NC_012032.1,3115759,3125806,10047,sigi_hmm
NC_012032.1,1834447,1844870,10423,sigi_hmm
NC_012032.1,454393,460425,6032,sigi_hmm
NC_012032.1,708691,732624,23933,sigi_hmm
NC_012108.1,5019541,5024872,5331,sigi_hmm
NC_012032.1,114558,125078,10520,sigi_hmm
NC_012108.1,4128112,4134005,5893,sigi_hmm
NC_012108.1,4462220,4466649,4429,sigi_hmm
NC_012108.1,2314346,2320642,6296,sigi_hmm
NC_012108.1,2901743,2906700,4957,sigi_hmm
NC_011959.1,1581303,1585636,4333,sigi_hmm
NC_011959.1,1634625,1639882,5257,sigi_hmm
NC_012004.1,1808618,1814611,5993,sigi_hmm
NC_011958.1,730113,735639,5526,sigi_hmm
NC_011958.1,744083,748131,4048,sigi_hmm
NC_011958.1,757588,762934,5346,sigi_hmm
NC_011958.1,769651,773958,4307,sigi_hmm
NC_011958.1,776556,781087,4531,sigi_hmm
NC_011958.1,928653,940243,11590,sigi_hmm
NC_011958.1,1037424,1052557,15133,sigi_hmm
NC_011963.1,747474,755299,7825,sigi_hmm
NC_011963.1,1986779,2002639,15860,sigi_hmm
NC_011963.1,2346739,2352284,5545,sigi_hmm
NC_011894.1,75039,80016,4977,sigi_hmm
NC_011894.1,86372,103847,17475,sigi_hmm
NC_011894.1,591959,597574,5615,sigi_hmm
NC_011894.1,602629,615140,12511,sigi_hmm
NC_011894.1,616089,620704,4615,sigi_hmm
NC_011894.1,624239,629218,4979,sigi_hmm
NC_011894.1,675268,684861,9593,sigi_hmm
NC_011894.1,691870,696637,4767,sigi_hmm
NC_011894.1,907172,921763,14591,sigi_hmm
NC_011894.1,946705,950857,4152,sigi_hmm
NC_011894.1,983031,988872,5841,sigi_hmm
NC_011894.1,996804,1002421,5617,sigi_hmm
NC_011894.1,1004294,1008889,4595,sigi_hmm
NC_011894.1,1505874,1519086,13212,sigi_hmm
NC_011894.1,1654623,1659862,5239,sigi_hmm
NC_011894.1,2080511,2084871,4360,sigi_hmm
NC_011894.1,2128513,2137562,9049,sigi_hmm
NC_011894.1,2200310,2206002,5692,sigi_hmm
NC_011894.1,2321386,2327503,6117,sigi_hmm
NC_011894.1,2329692,2334006,4314,sigi_hmm
NC_011894.1,2377833,2385706,7873,sigi_hmm
NC_011894.1,2391771,2404545,12774,sigi_hmm
NC_011894.1,2493515,2501051,7536,sigi_hmm
NC_011894.1,2507479,2516593,9114,sigi_hmm
NC_011894.1,2554683,2559288,4605,sigi_hmm
NC_011894.1,2560160,2566056,5896,sigi_hmm
NC_011894.1,2632689,2644774,12085,sigi_hmm
NC_011894.1,2647852,2653052,5200,sigi_hmm
NC_011894.1,2656101,2670445,14344,sigi_hmm
NC_011894.1,2760933,2777660,16727,sigi_hmm
NC_011894.1,2779444,2788025,8581,sigi_hmm
NC_011894.1,2818518,2824833,6315,sigi_hmm
NC_011894.1,3043840,3051385,7545,sigi_hmm
NC_011894.1,3053778,3066887,13109,sigi_hmm
NC_011894.1,3073209,3077454,4245,sigi_hmm
NC_011894.1,3086228,3092900,6672,sigi_hmm
NC_011894.1,3095181,3100301,5120,sigi_hmm
NC_011894.1,3106705,3113180,6475,sigi_hmm
NC_011894.1,3168364,3173720,5356,sigi_hmm
NC_011894.1,3178584,3192932,14348,sigi_hmm
NC_011894.1,3203508,3208210,4702,sigi_hmm
NC_011894.1,3271601,3281220,9619,sigi_hmm
NC_011894.1,3331730,3336325,4595,sigi_hmm
NC_011894.1,3338753,3350328,11575,sigi_hmm
NC_011894.1,3353154,3364206,11052,sigi_hmm
NC_011894.1,3479705,3484347,4642,sigi_hmm
NC_011894.1,3489160,3498337,9177,sigi_hmm
NC_011894.1,3523398,3528117,4719,sigi_hmm
NC_011894.1,3566294,3570375,4081,sigi_hmm
NC_011894.1,3576507,3593424,16917,sigi_hmm
NC_011894.1,3630586,3635338,4752,sigi_hmm
NC_011894.1,3900140,3905032,4892,sigi_hmm
NC_011894.1,3982304,3989544,7240,sigi_hmm
NC_011894.1,3993621,4000858,7237,sigi_hmm
NC_011894.1,4020314,4029351,9037,sigi_hmm
NC_011894.1,4032046,4040473,8427,sigi_hmm
NC_011894.1,4054329,4060796,6467,sigi_hmm
NC_011894.1,4094486,4101568,7082,sigi_hmm
NC_011894.1,4106945,4114020,7075,sigi_hmm
NC_011894.1,4313759,4318854,5095,sigi_hmm
NC_011894.1,4364768,4375372,10604,sigi_hmm
NC_011894.1,4378132,4384127,5995,sigi_hmm
NC_011894.1,4391592,4396860,5268,sigi_hmm
NC_011894.1,4921468,4925715,4247,sigi_hmm
NC_011894.1,5059807,5068328,8521,sigi_hmm
NC_011894.1,5074200,5078297,4097,sigi_hmm
NC_011894.1,5083230,5092752,9522,sigi_hmm
NC_011894.1,5482900,5495604,12704,sigi_hmm
NC_011894.1,5753000,5763333,10333,sigi_hmm
NC_011894.1,5774303,5778364,4061,sigi_hmm
NC_011894.1,6230662,6239778,9116,sigi_hmm
NC_011894.1,6271867,6276441,4574,sigi_hmm
NC_011894.1,6295807,6305897,10090,sigi_hmm
NC_011894.1,6386642,6394450,7808,sigi_hmm
NC_011894.1,6397344,6419799,22455,sigi_hmm
NC_011894.1,6421455,6431118,9663,sigi_hmm
NC_011894.1,6491163,6496586,5423,sigi_hmm
NC_011894.1,6524759,6532482,7723,sigi_hmm
NC_011894.1,6712498,6718438,5940,sigi_hmm
NC_011894.1,6734985,6739267,4282,sigi_hmm
NC_011894.1,6895015,6908216,13201,sigi_hmm
NC_011894.1,6918235,6925698,7463,sigi_hmm
NC_011894.1,6931547,6947453,15906,sigi_hmm
NC_011894.1,7041810,7050635,8825,sigi_hmm
NC_011894.1,7120164,7124904,4740,sigi_hmm
NC_011894.1,7570367,7593273,22906,sigi_hmm
NC_011894.1,7726918,7734462,7544,sigi_hmm
NC_011999.1,1510067,1514953,4886,sigi_hmm
NC_011899.1,1442779,1447173,4394,sigi_hmm
NC_011899.1,1453796,1458216,4420,sigi_hmm
NC_011899.1,2488625,2495087,6462,sigi_hmm
NC_011852.1,51915,55972,4057,sigi_hmm
NC_011852.1,331234,336567,5333,sigi_hmm
NC_011852.1,601989,609130,7141,sigi_hmm
NC_011852.1,781598,790040,8442,sigi_hmm
NC_011852.1,1017478,1023106,5628,sigi_hmm
NC_011852.1,1557656,1562360,4704,sigi_hmm
NC_011852.1,1911148,1917680,6532,sigi_hmm
NC_011979.1,330588,335687,5099,sigi_hmm
NC_011979.1,1239127,1247007,7880,sigi_hmm
NC_011751.1,18266,24689,6423,sigi_hmm
NC_011751.1,237098,241190,4092,sigi_hmm
NC_011751.1,262559,273862,11303,sigi_hmm
NC_011751.1,354411,361889,7478,sigi_hmm
NC_011751.1,368727,374217,5490,sigi_hmm
NC_011751.1,642470,647431,4961,sigi_hmm
NC_011751.1,654940,659159,4219,sigi_hmm
NC_011751.1,684706,691519,6813,sigi_hmm
NC_011751.1,699092,709063,9971,sigi_hmm
NC_011751.1,1360890,1365065,4175,sigi_hmm
NC_011751.1,1393488,1398144,4656,sigi_hmm
NC_011751.1,1415838,1420613,4775,sigi_hmm
NC_011751.1,1422240,1431288,9048,sigi_hmm
NC_011751.1,1456445,1466853,10408,sigi_hmm
NC_011751.1,1720572,1727405,6833,sigi_hmm
NC_011751.1,1777602,1781965,4363,sigi_hmm
NC_011751.1,1784789,1793798,9009,sigi_hmm
NC_011751.1,1866454,1882264,15810,sigi_hmm
NC_011751.1,2329140,2342571,13431,sigi_hmm
NC_011751.1,2356300,2363910,7610,sigi_hmm
NC_011751.1,2403920,2411793,7873,sigi_hmm
NC_011751.1,2773225,2782772,9547,sigi_hmm
NC_011751.1,3050320,3062956,12636,sigi_hmm
NC_011751.1,3073619,3079693,6074,sigi_hmm
NC_011751.1,3085706,3092003,6297,sigi_hmm
NC_011751.1,3294163,3321354,27191,sigi_hmm
NC_011751.1,3446197,3456993,10796,sigi_hmm
NC_011751.1,3460404,3468660,8256,sigi_hmm
NC_011751.1,3478061,3484306,6245,sigi_hmm
NC_011751.1,3493729,3503716,9987,sigi_hmm
NC_011751.1,3538491,3552914,14423,sigi_hmm
NC_011751.1,3989994,3997188,7194,sigi_hmm
NC_011751.1,4259218,4264393,5175,sigi_hmm
NC_011751.1,4300718,4308364,7646,sigi_hmm
NC_011751.1,4381304,4388194,6890,sigi_hmm
NC_011751.1,5012170,5016476,4306,sigi_hmm
NC_011751.1,5072704,5084388,11684,sigi_hmm
NC_011751.1,5121477,5126027,4550,sigi_hmm
NC_011742.1,238994,243928,4934,sigi_hmm
NC_011742.1,264478,271646,7168,sigi_hmm
NC_011742.1,310705,318084,7379,sigi_hmm
NC_011742.1,324923,330413,5490,sigi_hmm
NC_011742.1,333859,340867,7008,sigi_hmm
NC_011742.1,604061,612046,7985,sigi_hmm
NC_011742.1,1076998,1083403,6405,sigi_hmm
NC_011742.1,1187403,1197262,9859,sigi_hmm
NC_011742.1,1228291,1237025,8734,sigi_hmm
NC_011742.1,1336347,1341906,5559,sigi_hmm
NC_011742.1,1538842,1543687,4845,sigi_hmm
NC_011742.1,1581262,1585588,4326,sigi_hmm
NC_011742.1,1605136,1611586,6450,sigi_hmm
NC_011742.1,2036951,2042027,5076,sigi_hmm
NC_011742.1,2048963,2056128,7165,sigi_hmm
NC_011742.1,2101558,2108782,7224,sigi_hmm
NC_011742.1,2162439,2167154,4715,sigi_hmm
NC_011742.1,2202161,2206219,4058,sigi_hmm
NC_011742.1,2223961,2229379,5418,sigi_hmm
NC_011742.1,2493355,2508070,14715,sigi_hmm
NC_011742.1,2515936,2523840,7904,sigi_hmm
NC_011742.1,2526984,2531772,4788,sigi_hmm
NC_011742.1,2537538,2547086,9548,sigi_hmm
NC_011742.1,2829337,2839819,10482,sigi_hmm
NC_011742.1,2871188,2875550,4362,sigi_hmm
NC_011742.1,3046168,3050907,4739,sigi_hmm
NC_011742.1,3064585,3069871,5286,sigi_hmm
NC_011742.1,3229672,3234853,5181,sigi_hmm
NC_011742.1,3237493,3242174,4681,sigi_hmm
NC_011742.1,3250353,3256434,6081,sigi_hmm
NC_011742.1,3286172,3294477,8305,sigi_hmm
NC_011742.1,3763922,3773337,9415,sigi_hmm
NC_011742.1,3809370,3813679,4309,sigi_hmm
NC_011742.1,4005045,4011193,6148,sigi_hmm
NC_011742.1,4356023,4360173,4150,sigi_hmm
NC_011742.1,4619336,4625037,5701,sigi_hmm
NC_011742.1,4660254,4672457,12203,sigi_hmm
NC_011742.1,4801833,4806454,4621,sigi_hmm
NC_011742.1,4820658,4826998,6340,sigi_hmm
NC_011742.1,4839905,4847898,7993,sigi_hmm
NC_011742.1,4877365,4887852,10487,sigi_hmm
NC_011742.1,4967226,4973921,6695,sigi_hmm
NC_011742.1,4993510,4998594,5084,sigi_hmm
NC_011993.1,237962,242057,4095,sigi_hmm
NC_011993.1,263447,275935,12488,sigi_hmm
NC_011993.1,315149,322527,7378,sigi_hmm
NC_011993.1,329366,334856,5490,sigi_hmm
NC_011993.1,338469,345469,7000,sigi_hmm
NC_011993.1,999027,1008043,9016,sigi_hmm
NC_011993.1,1008418,1017968,9550,sigi_hmm
NC_011993.1,1027265,1036707,9442,sigi_hmm
NC_011993.1,1067713,1074118,6405,sigi_hmm
NC_011993.1,1221387,1230529,9142,sigi_hmm
NC_011993.1,1486962,1499587,12625,sigi_hmm
NC_011993.1,1531719,1536046,4327,sigi_hmm
NC_011993.1,1538912,1544358,5446,sigi_hmm
NC_011993.1,1566358,1572808,6450,sigi_hmm
NC_011993.1,1608033,1615577,7544,sigi_hmm
NC_011993.1,1616642,1624259,7617,sigi_hmm
NC_011993.1,2046396,2051502,5106,sigi_hmm
NC_011993.1,2056573,2074630,18057,sigi_hmm
NC_011993.1,2122543,2128804,6261,sigi_hmm
NC_011993.1,2180925,2185640,4715,sigi_hmm
NC_011993.1,2205589,2211427,5838,sigi_hmm
NC_011993.1,2477929,2487477,9548,sigi_hmm
NC_011993.1,2955013,2960242,5229,sigi_hmm
NC_011993.1,3120899,3129735,8836,sigi_hmm
NC_011993.1,3600244,3609671,9427,sigi_hmm
NC_011993.1,3841297,3847445,6148,sigi_hmm
NC_011993.1,4196962,4201109,4147,sigi_hmm
NC_011993.1,4466555,4470630,4075,sigi_hmm
NC_011993.1,4648615,4660778,12163,sigi_hmm
NC_011993.1,4685384,4691903,6519,sigi_hmm
NC_011750.1,22119,28542,6423,sigi_hmm
NC_011750.1,162479,167678,5199,sigi_hmm
NC_011750.1,416415,421905,5490,sigi_hmm
NC_011750.1,428742,438035,9293,sigi_hmm
NC_011750.1,557721,565447,7726,sigi_hmm
NC_011750.1,963508,968928,5420,sigi_hmm
NC_011750.1,1041813,1054496,12683,sigi_hmm
NC_011750.1,1111646,1116010,4364,sigi_hmm
NC_011750.1,1116762,1124359,7597,sigi_hmm
NC_011750.1,1127826,1131975,4149,sigi_hmm
NC_011750.1,1564221,1568465,4244,sigi_hmm
NC_011750.1,1571582,1577315,5733,sigi_hmm
NC_011750.1,1856788,1861115,4327,sigi_hmm
NC_011750.1,1911834,1916546,4712,sigi_hmm
NC_011750.1,1987044,1993850,6806,sigi_hmm
NC_011750.1,1998078,2002561,4483,sigi_hmm
NC_011750.1,2170044,2176451,6407,sigi_hmm
NC_011750.1,2501729,2507265,5536,sigi_hmm
NC_011750.1,2591679,2598089,6410,sigi_hmm
NC_011750.1,2602440,2611988,9548,sigi_hmm
NC_011750.1,2647154,2651650,4496,sigi_hmm
NC_011750.1,2750523,2759421,8898,sigi_hmm
NC_011750.1,2764146,2769474,5328,sigi_hmm
NC_011750.1,2933379,2940049,6670,sigi_hmm
NC_011750.1,2949057,2954750,5693,sigi_hmm
NC_011750.1,3066836,3070872,4036,sigi_hmm
NC_011750.1,3175466,3180555,5089,sigi_hmm
NC_011750.1,3416070,3423220,7150,sigi_hmm
NC_011750.1,3549027,3554715,5688,sigi_hmm
NC_011750.1,3591283,3600808,9525,sigi_hmm
NC_011750.1,4313917,4320062,6145,sigi_hmm
NC_011750.1,4367382,4371855,4473,sigi_hmm
NC_011750.1,4399627,4407316,7689,sigi_hmm
NC_011750.1,4419601,4426584,6983,sigi_hmm
NC_011750.1,4497916,4504792,6876,sigi_hmm
NC_011750.1,4790491,4794901,4410,sigi_hmm
NC_011750.1,4950895,4957119,6224,sigi_hmm
NC_011750.1,4963268,4970212,6944,sigi_hmm
NC_011750.1,4979731,4990381,10650,sigi_hmm
NC_011750.1,5052091,5057018,4927,sigi_hmm
NC_011741.1,149909,156437,6528,sigi_hmm
NC_011741.1,233607,239765,6158,sigi_hmm
NC_011741.1,820345,825179,4834,sigi_hmm
NC_011741.1,849032,855629,6597,sigi_hmm
NC_011741.1,1239389,1246496,7107,sigi_hmm
NC_011741.1,1586601,1590927,4326,sigi_hmm
NC_011741.1,1593788,1600785,6997,sigi_hmm
NC_011741.1,1674528,1692827,18299,sigi_hmm
NC_011741.1,1984892,2003042,18150,sigi_hmm
NC_011741.1,2119486,2127102,7616,sigi_hmm
NC_011741.1,2164757,2171553,6796,sigi_hmm
NC_011741.1,2246322,2252337,6015,sigi_hmm
NC_011741.1,2517508,2527056,9548,sigi_hmm
NC_011741.1,2723342,2728540,5198,sigi_hmm
NC_011741.1,2827827,2833485,5658,sigi_hmm
NC_011741.1,3038839,3057048,18209,sigi_hmm
NC_011741.1,3268841,3274326,5485,sigi_hmm
NC_011741.1,3831491,3837566,6075,sigi_hmm
NC_011741.1,3869686,3875834,6148,sigi_hmm
NC_011741.1,4575525,4603277,27752,sigi_hmm
NC_011745.1,238973,243907,4934,sigi_hmm
NC_011745.1,264463,273545,9082,sigi_hmm
NC_011745.1,297377,307204,9827,sigi_hmm
NC_011745.1,339839,347771,7932,sigi_hmm
NC_011745.1,353155,357447,4292,sigi_hmm
NC_011745.1,932124,936334,4210,sigi_hmm
NC_011745.1,940710,946090,5380,sigi_hmm
NC_011745.1,1107496,1113178,5682,sigi_hmm
NC_011745.1,1116508,1123068,6560,sigi_hmm
NC_011745.1,1159885,1164886,5001,sigi_hmm
NC_011745.1,1283217,1289115,5898,sigi_hmm
NC_011745.1,1293069,1302085,9016,sigi_hmm
NC_011745.1,1590333,1594877,4544,sigi_hmm
NC_011745.1,1626487,1630850,4363,sigi_hmm
NC_011745.1,1693744,1698476,4732,sigi_hmm
NC_011745.1,2215060,2221545,6485,sigi_hmm
NC_011745.1,2234572,2263175,28603,sigi_hmm
NC_011745.1,2263864,2271508,7644,sigi_hmm
NC_011745.1,2277701,2288883,11182,sigi_hmm
NC_011745.1,2311026,2320261,9235,sigi_hmm
NC_011745.1,2374660,2379375,4715,sigi_hmm
NC_011745.1,2406598,2412016,5418,sigi_hmm
NC_011745.1,2468099,2475394,7295,sigi_hmm
NC_011745.1,2479121,2490166,11045,sigi_hmm
NC_011745.1,2491324,2497231,5907,sigi_hmm
NC_011745.1,2755381,2770030,14649,sigi_hmm
NC_011745.1,3205042,3210328,5286,sigi_hmm
NC_011745.1,3251464,3256804,5340,sigi_hmm
NC_011745.1,3383429,3390128,6699,sigi_hmm
NC_011745.1,3411855,3419250,7395,sigi_hmm
NC_011745.1,3427895,3433639,5744,sigi_hmm
NC_011745.1,3452520,3457607,5087,sigi_hmm
NC_011745.1,3464521,3480057,15536,sigi_hmm
NC_011745.1,3519707,3527287,7580,sigi_hmm
NC_011745.1,3995384,4006411,11027,sigi_hmm
NC_011745.1,4234107,4239279,5172,sigi_hmm
NC_011745.1,4867908,4881001,13093,sigi_hmm
NC_011745.1,5065518,5073402,7884,sigi_hmm
NC_011745.1,5076455,5081323,4868,sigi_hmm
NC_011745.1,5118415,5131305,12890,sigi_hmm
NC_011745.1,5140253,5144909,4656,sigi_hmm
NC_011748.1,149767,156295,6528,sigi_hmm
NC_011748.1,236219,242377,6158,sigi_hmm
NC_011748.1,305447,312183,6736,sigi_hmm
NC_011748.1,333123,337925,4802,sigi_hmm
NC_011748.1,694302,700084,5782,sigi_hmm
NC_011748.1,1306723,1314849,8126,sigi_hmm
NC_011748.1,1412265,1420906,8641,sigi_hmm
NC_011748.1,1692003,1696329,4326,sigi_hmm
NC_011748.1,1699190,1706185,6995,sigi_hmm
NC_011748.1,1789221,1796081,6860,sigi_hmm
NC_011748.1,2142257,2146529,4272,sigi_hmm
NC_011748.1,2271524,2279132,7608,sigi_hmm
NC_011748.1,2282496,2289661,7165,sigi_hmm
NC_011748.1,2332415,2341992,9577,sigi_hmm
NC_011748.1,2416282,2421699,5417,sigi_hmm
NC_011748.1,2665518,2679131,13613,sigi_hmm
NC_011748.1,2689973,2698344,8371,sigi_hmm
NC_011748.1,2698632,2708464,9832,sigi_hmm
NC_011748.1,2713019,2727978,14959,sigi_hmm
NC_011748.1,2980678,2999265,18587,sigi_hmm
NC_011748.1,3204688,3222933,18245,sigi_hmm
NC_011748.1,3369231,3393025,23794,sigi_hmm
NC_011748.1,3411756,3416406,4650,sigi_hmm
NC_011748.1,3536104,3541589,5485,sigi_hmm
NC_011748.1,3995319,4001045,5726,sigi_hmm
NC_011748.1,4173975,4180137,6162,sigi_hmm
NC_011748.1,4794357,4800224,5867,sigi_hmm
NC_011748.1,4957121,4961263,4142,sigi_hmm
NC_011748.1,4966835,4989594,22759,sigi_hmm
NC_011748.1,4992698,4996989,4291,sigi_hmm
NC_011748.1,5024642,5029695,5053,sigi_hmm
NC_011748.1,5039456,5043841,4385,sigi_hmm
NC_011748.1,5060750,5064968,4218,sigi_hmm
NC_011992.1,1300088,1305610,5522,sigi_hmm
NC_011992.1,1388619,1396543,7924,sigi_hmm
NC_011992.1,2295508,2301783,6275,sigi_hmm
NC_011992.1,2306775,2311756,4981,sigi_hmm
NC_011992.1,2315298,2323765,8467,sigi_hmm
NC_011992.1,2343832,2348337,4505,sigi_hmm
NC_011992.1,3388524,3395210,6686,sigi_hmm
NC_011992.1,3473496,3481611,8115,sigi_hmm
NC_011883.1,2687724,2704440,16716,sigi_hmm
NC_011883.1,2831935,2836670,4735,sigi_hmm
NC_011830.1,644697,649849,5152,sigi_hmm
NC_011830.1,691103,696157,5054,sigi_hmm
NC_011830.1,701374,709190,7816,sigi_hmm
NC_011830.1,1049123,1061816,12693,sigi_hmm
NC_011830.1,1064761,1070791,6030,sigi_hmm
NC_011830.1,1297251,1302995,5744,sigi_hmm
NC_011830.1,1482528,1487585,5057,sigi_hmm
NC_011830.1,1525772,1531400,5628,sigi_hmm
NC_011830.1,1545680,1553693,8013,sigi_hmm
NC_011830.1,1693861,1698023,4162,sigi_hmm
NC_011830.1,2643008,2651009,8001,sigi_hmm
NC_011830.1,3096570,3101128,4558,sigi_hmm
NC_011830.1,3917030,3924394,7364,sigi_hmm
NC_011830.1,4042025,4047698,5673,sigi_hmm
NC_011830.1,4239712,4246113,6401,sigi_hmm
NC_011830.1,4252322,4260184,7862,sigi_hmm
NC_011830.1,4414800,4419266,4466,sigi_hmm
NC_011830.1,4421455,4434585,13130,sigi_hmm
NC_011830.1,4730157,4741373,11216,sigi_hmm
NC_011830.1,4968302,4975246,6944,sigi_hmm
NC_011884.1,399961,405861,5900,sigi_hmm
NC_011884.1,1036692,1042753,6061,sigi_hmm
NC_011884.1,1277760,1282011,4251,sigi_hmm
NC_011884.1,1418682,1423195,4513,sigi_hmm
NC_011884.1,1671956,1676695,4739,sigi_hmm
NC_011884.1,2001763,2011305,9542,sigi_hmm
NC_011884.1,2090783,2096424,5641,sigi_hmm
NC_011884.1,2101400,2106741,5341,sigi_hmm
NC_011884.1,2169687,2173753,4066,sigi_hmm
NC_011884.1,2202739,2207055,4316,sigi_hmm
NC_011884.1,2421308,2431863,10555,sigi_hmm
NC_011884.1,2557211,2568948,11737,sigi_hmm
NC_011884.1,2570432,2574873,4441,sigi_hmm
NC_011884.1,2591714,2596900,5186,sigi_hmm
NC_011884.1,3105149,3112751,7602,sigi_hmm
NC_011884.1,3123213,3128381,5168,sigi_hmm
NC_011884.1,3264232,3268318,4086,sigi_hmm
NC_011884.1,3309546,3316991,7445,sigi_hmm
NC_011884.1,3655597,3659777,4180,sigi_hmm
NC_011884.1,4199913,4208143,8230,sigi_hmm
NC_011884.1,4374299,4382487,8188,sigi_hmm
NC_011884.1,5038214,5043326,5112,sigi_hmm
NC_011837.1,61365,65719,4354,sigi_hmm
NC_011837.1,243295,263366,20071,sigi_hmm
NC_011837.1,2613944,2619485,5541,sigi_hmm
NC_011837.1,2642765,2652081,9316,sigi_hmm
NC_011837.1,2860999,2868343,7344,sigi_hmm
NC_011837.1,2878294,2882405,4111,sigi_hmm
NC_011837.1,3506409,3518509,12100,sigi_hmm
NC_011837.1,3818550,3845423,26873,sigi_hmm
NC_011837.1,3846665,3871770,25105,sigi_hmm
NC_011898.1,3183812,3195025,11213,sigi_hmm
NC_011898.1,3374383,3379260,4877,sigi_hmm
NC_011898.1,3385059,3392985,7926,sigi_hmm
NC_011898.1,3396191,3400418,4227,sigi_hmm
NC_011831.1,443580,447854,4274,sigi_hmm
NC_011831.1,555024,569981,14957,sigi_hmm
NC_011831.1,843055,848118,5063,sigi_hmm
NC_011831.1,1344671,1355606,10935,sigi_hmm
NC_011831.1,1700971,1707262,6291,sigi_hmm
NC_011831.1,2400585,2405921,5336,sigi_hmm
NC_011831.1,2427613,2435538,7925,sigi_hmm
NC_011831.1,2736333,2742815,6482,sigi_hmm
NC_011831.1,2803505,2809897,6392,sigi_hmm
NC_011831.1,4047497,4057429,9932,sigi_hmm
NC_011916.1,473245,486132,12887,sigi_hmm
NC_011916.1,651319,655519,4200,sigi_hmm
NC_011916.1,681831,693502,11671,sigi_hmm
NC_011916.1,1109908,1114013,4105,sigi_hmm
NC_011916.1,1186885,1191112,4227,sigi_hmm
NC_011916.1,1586381,1591530,5149,sigi_hmm
NC_011916.1,1908936,1916470,7534,sigi_hmm
NC_011916.1,2924885,2934473,9588,sigi_hmm
NC_011916.1,2936207,2940454,4247,sigi_hmm
NC_011916.1,2942257,2946682,4425,sigi_hmm
NC_011916.1,2955973,2963979,8006,sigi_hmm
NC_011916.1,2971567,2982522,10955,sigi_hmm
NC_011916.1,3785533,3790714,5181,sigi_hmm
NC_011832.1,373029,384520,11491,sigi_hmm
NC_011832.1,385100,390678,5578,sigi_hmm
NC_011832.1,627034,633290,6256,sigi_hmm
NC_011832.1,777424,781675,4251,sigi_hmm
NC_011832.1,946009,953670,7661,sigi_hmm
NC_011832.1,1411651,1417001,5350,sigi_hmm
NC_011832.1,1417205,1421730,4525,sigi_hmm
NC_011832.1,1546067,1555723,9656,sigi_hmm
NC_011832.1,1958826,1964794,5968,sigi_hmm
NC_011832.1,2312875,2319483,6608,sigi_hmm
NC_011835.1,31586,40571,8985,sigi_hmm
NC_011835.1,632747,642705,9958,sigi_hmm
NC_011835.1,770742,776027,5285,sigi_hmm
NC_011835.1,819380,826755,7375,sigi_hmm
NC_011835.1,1823444,1831044,7600,sigi_hmm
NC_011886.1,168126,174128,6002,sigi_hmm
NC_011886.1,183125,195405,12280,sigi_hmm
NC_011886.1,407922,412964,5042,sigi_hmm
NC_011886.1,1042167,1047421,5254,sigi_hmm
NC_011886.1,1184059,1194657,10598,sigi_hmm
NC_011886.1,1912033,1916231,4198,sigi_hmm
NC_011886.1,2958543,2964742,6199,sigi_hmm
NC_011886.1,2967409,2975049,7640,sigi_hmm
NC_011886.1,3286529,3303122,16593,sigi_hmm
NC_011886.1,3715809,3720150,4341,sigi_hmm
NC_011886.1,4340355,4353034,12679,sigi_hmm
NC_011891.1,883315,892512,9197,sigi_hmm
NC_011891.1,1445527,1450346,4819,sigi_hmm
NC_011891.1,2804057,2811154,7097,sigi_hmm
NC_011891.1,2813575,2819461,5886,sigi_hmm
NC_011891.1,3389397,3393485,4088,sigi_hmm
NC_011891.1,4110942,4120397,9455,sigi_hmm
NC_011891.1,4180297,4186704,6407,sigi_hmm
NC_011891.1,4940818,4946613,5795,sigi_hmm
NC_011989.1,576187,581999,5812,sigi_hmm
NC_011989.1,595963,602803,6840,sigi_hmm
NC_011989.1,1037535,1044023,6488,sigi_hmm
NC_011989.1,1611291,1616190,4899,sigi_hmm
NC_011989.1,1646861,1657146,10285,sigi_hmm
NC_011989.1,1927306,1931309,4003,sigi_hmm
NC_011989.1,2250589,2254744,4155,sigi_hmm
NC_011989.1,2299818,2305652,5834,sigi_hmm
NC_011989.1,2550909,2560581,9672,sigi_hmm
NC_011989.1,2799426,2803573,4147,sigi_hmm
NC_011989.1,2805657,2810013,4356,sigi_hmm
NC_011989.1,2822577,2832827,10250,sigi_hmm
NC_011983.1,512873,519174,6301,sigi_hmm
NC_011983.1,768803,780566,11763,sigi_hmm
NC_011983.1,1314146,1318834,4688,sigi_hmm
NC_011983.1,2544233,2551114,6881,sigi_hmm
NC_011985.1,91918,97116,5198,sigi_hmm
NC_011985.1,1044244,1061991,17747,sigi_hmm
NC_011985.1,1836269,1846643,10374,sigi_hmm
NC_011985.1,2898527,2903728,5201,sigi_hmm
NC_011985.1,2906216,2912176,5960,sigi_hmm
NC_011985.1,3257717,3262054,4337,sigi_hmm
NC_011985.1,3391135,3397418,6283,sigi_hmm
NC_011985.1,3876311,3889819,13508,sigi_hmm
NC_011985.1,3897257,3912167,14910,sigi_hmm
NC_011978.1,1051649,1056340,4691,sigi_hmm
NC_011901.1,350854,358051,7197,sigi_hmm
NC_011901.1,387362,391432,4070,sigi_hmm
NC_011901.1,424564,432564,8000,sigi_hmm
NC_011901.1,450046,460815,10769,sigi_hmm
NC_011901.1,497812,503471,5659,sigi_hmm
NC_011901.1,505202,511015,5813,sigi_hmm
NC_011901.1,633846,637853,4007,sigi_hmm
NC_011901.1,648795,657262,8467,sigi_hmm
NC_011901.1,849041,858306,9265,sigi_hmm
NC_011901.1,981029,992296,11267,sigi_hmm
NC_011901.1,1128789,1134875,6086,sigi_hmm
NC_011901.1,1406872,1417669,10797,sigi_hmm
NC_011901.1,1737822,1745520,7698,sigi_hmm
NC_011901.1,1762339,1768902,6563,sigi_hmm
NC_011901.1,1810136,1814254,4118,sigi_hmm
NC_011901.1,1864546,1885859,21313,sigi_hmm
NC_011901.1,1897782,1909043,11261,sigi_hmm
NC_011901.1,1923426,1931058,7632,sigi_hmm
NC_011901.1,1997723,2005207,7484,sigi_hmm
NC_011901.1,2007655,2012315,4660,sigi_hmm
NC_011901.1,2016140,2031125,14985,sigi_hmm
NC_011901.1,2101657,2105880,4223,sigi_hmm
NC_011901.1,2208891,2233135,24244,sigi_hmm
NC_011901.1,2475495,2487026,11531,sigi_hmm
NC_011901.1,2494229,2498751,4522,sigi_hmm
NC_011901.1,2506922,2515072,8150,sigi_hmm
NC_011901.1,2523104,2538749,15645,sigi_hmm
NC_011901.1,2580565,2585101,4536,sigi_hmm
NC_011901.1,2839024,2844935,5911,sigi_hmm
NC_011901.1,2948090,2958091,10001,sigi_hmm
NC_011901.1,2959822,2972611,12789,sigi_hmm
NC_011901.1,2973638,2978529,4891,sigi_hmm
NC_011901.1,2986255,2995053,8798,sigi_hmm
NC_011901.1,3081331,3087094,5763,sigi_hmm
NC_011901.1,3316609,3320989,4380,sigi_hmm
NC_011901.1,3369669,3378812,9143,sigi_hmm
NC_013929.1,2402411,2409198,6787,sigi_hmm
NC_013929.1,2434167,2440007,5840,sigi_hmm
NC_013929.1,2444648,2449191,4543,sigi_hmm
NC_013929.1,2458311,2465747,7436,sigi_hmm
NC_013929.1,2554654,2559676,5022,sigi_hmm
NC_012917.1,2929271,2935781,6510,sigi_hmm
NC_012917.1,2791911,2797053,5142,sigi_hmm
NC_012917.1,2647672,2654865,7193,sigi_hmm
NC_012917.1,2368522,2378058,9536,sigi_hmm
NC_012917.1,2514165,2518237,4072,sigi_hmm
NC_012917.1,1749771,1753781,4010,sigi_hmm
NC_012917.1,1848600,1853176,4576,sigi_hmm
NC_012917.1,1854899,1870418,15519,sigi_hmm
NC_012917.1,1870941,1879434,8493,sigi_hmm
NC_012917.1,839975,844000,4025,sigi_hmm
NC_012917.1,990685,996199,5514,sigi_hmm
NC_012917.1,1511256,1535718,24462,sigi_hmm
NC_012917.1,578523,583341,4818,sigi_hmm
NC_012917.1,221231,233323,12092,sigi_hmm
NC_013421.1,4796728,4807379,10651,sigi_hmm
NC_013421.1,4758996,4767018,8022,sigi_hmm
NC_013421.1,4014133,4019097,4964,sigi_hmm
NC_013421.1,4380948,4391480,10532,sigi_hmm
NC_013421.1,4705214,4712427,7213,sigi_hmm
NC_013421.1,4719717,4745274,25557,sigi_hmm
NC_013421.1,3285419,3300292,14873,sigi_hmm
NC_013421.1,3757210,3764414,7204,sigi_hmm
NC_013421.1,3887221,3893795,6574,sigi_hmm
NC_013165.1,2244443,2267553,23110,sigi_hmm
NC_013165.1,2107341,2111496,4155,sigi_hmm
NC_013165.1,2114243,2135120,20877,sigi_hmm
NC_013165.1,1766805,1791424,24619,sigi_hmm
NC_013165.1,1605428,1614674,9246,sigi_hmm
NC_013165.1,1589499,1597940,8441,sigi_hmm
NC_013165.1,1445439,1450218,4779,sigi_hmm
NC_013165.1,1415403,1426605,11202,sigi_hmm
NC_013165.1,1428501,1438616,10115,sigi_hmm
NC_013165.1,1089892,1093994,4102,sigi_hmm
NC_013165.1,621016,625026,4010,sigi_hmm
NC_012891.1,1289576,1299098,9522,sigi_hmm
NC_013165.1,419484,427427,7943,sigi_hmm
NC_012891.1,1282855,1288102,5247,sigi_hmm
NC_013165.1,400314,415982,15668,sigi_hmm
NC_012891.1,1105202,1109554,4352,sigi_hmm
NC_012891.1,1110990,1115867,4877,sigi_hmm
NC_012891.1,182298,187378,5080,sigi_hmm
NC_013165.1,374694,382342,7648,sigi_hmm
NC_013165.1,365003,373064,8061,sigi_hmm
NC_012891.1,174898,180193,5295,sigi_hmm
NC_013165.1,334296,352030,17734,sigi_hmm
NC_013523.1,2565832,2570047,4215,sigi_hmm
NC_014013.1,539645,558650,19005,sigi_hmm
NC_013450.1,2300171,2305841,5670,sigi_hmm
NC_013450.1,1895137,1903175,8038,sigi_hmm
NC_013524.1,461941,466227,4286,sigi_hmm
NC_013524.1,179262,186262,7000,sigi_hmm
NC_013524.1,320777,328386,7609,sigi_hmm
NC_013515.1,1556203,1564706,8503,sigi_hmm
NC_013515.1,529720,536805,7085,sigi_hmm
NC_013515.1,720370,757309,36939,sigi_hmm
NC_012924.1,1453383,1461596,8213,sigi_hmm
NC_012924.1,1794864,1799277,4413,sigi_hmm
NC_012924.1,2014136,2020042,5906,sigi_hmm
NC_012924.1,1220218,1227768,7550,sigi_hmm
NC_012924.1,1020661,1025343,4682,sigi_hmm
NC_012924.1,915817,924622,8805,sigi_hmm
NC_012924.1,905376,910337,4961,sigi_hmm
NC_012924.1,872762,883170,10408,sigi_hmm
NC_012924.1,833434,845725,12291,sigi_hmm
NC_012924.1,744152,748715,4563,sigi_hmm
NC_012924.1,298965,303988,5023,sigi_hmm
NC_012924.1,575061,583748,8687,sigi_hmm
NC_012924.1,195409,208639,13230,sigi_hmm
NC_012924.1,93949,102012,8063,sigi_hmm
NC_012924.1,15967,24910,8943,sigi_hmm
NC_013769.1,1362182,1367073,4891,sigi_hmm
NC_013595.1,10064797,10068888,4091,sigi_hmm
NC_013769.1,1299645,1306212,6567,sigi_hmm
NC_013595.1,10005234,10009516,4282,sigi_hmm
NC_013595.1,8621193,8626856,5663,sigi_hmm
NC_013595.1,9564039,9591959,27920,sigi_hmm
NC_013595.1,8171267,8178945,7678,sigi_hmm
NC_013595.1,8189955,8195204,5249,sigi_hmm
NC_013595.1,5299926,5306643,6717,sigi_hmm
NC_013595.1,5724435,5729018,4583,sigi_hmm
NC_013595.1,6839258,6843321,4063,sigi_hmm
NC_013595.1,6937545,6941971,4426,sigi_hmm
NC_013595.1,7310720,7317712,6992,sigi_hmm
NC_013595.1,7744507,7755627,11120,sigi_hmm
NC_014006.1,3174298,3178587,4289,sigi_hmm
NC_014251.1,157944,163364,5420,sigi_hmm
NC_014251.1,249288,257515,8227,sigi_hmm
NC_014251.1,259852,267373,7521,sigi_hmm
NC_014251.1,379534,388857,9323,sigi_hmm
NC_014006.1,2024145,2034789,10644,sigi_hmm
NC_014006.1,2267477,2272268,4791,sigi_hmm
NC_014006.1,2947938,2953093,5155,sigi_hmm
NC_014006.1,2975253,2981597,6344,sigi_hmm
NC_014006.1,3004734,3016537,11803,sigi_hmm
NC_014006.1,3024103,3029986,5883,sigi_hmm
NC_014006.1,3129052,3135421,6369,sigi_hmm
NC_014006.1,3150767,3166786,16019,sigi_hmm
NC_013510.1,3134651,3141526,6875,sigi_hmm
NC_013510.1,3036190,3042304,6114,sigi_hmm
NC_013510.1,3125102,3131151,6049,sigi_hmm
NC_013510.1,2955518,2963307,7789,sigi_hmm
NC_013510.1,2488618,2492806,4188,sigi_hmm
NC_013510.1,2293087,2300185,7098,sigi_hmm
NC_013510.1,1791837,1800472,8635,sigi_hmm
NC_013510.1,1711029,1717953,6924,sigi_hmm
NC_013510.1,1028875,1033018,4143,sigi_hmm
NC_013510.1,1620674,1630043,9369,sigi_hmm
NC_013510.1,997503,1003709,6206,sigi_hmm
NC_013510.1,794274,799179,4905,sigi_hmm
NC_013510.1,818075,822154,4079,sigi_hmm
NC_013510.1,862210,867837,5627,sigi_hmm
NC_013510.1,896249,904490,8241,sigi_hmm
NC_013510.1,543978,549371,5393,sigi_hmm
NC_013510.1,683782,690743,6961,sigi_hmm
NC_013510.1,522428,527716,5288,sigi_hmm
NC_013510.1,473779,481610,7831,sigi_hmm
NC_013510.1,271004,275107,4103,sigi_hmm
NC_013510.1,182911,191031,8120,sigi_hmm
NC_013510.1,48783,53258,4475,sigi_hmm
NC_013510.1,176582,181125,4543,sigi_hmm
NC_013894.1,1389342,1396384,7042,sigi_hmm
NC_013894.1,1486008,1490232,4224,sigi_hmm
NC_013894.1,1296307,1300489,4182,sigi_hmm
NC_013894.1,1200100,1205552,5452,sigi_hmm
NC_013894.1,678790,695835,17045,sigi_hmm
NC_013894.1,472486,481066,8580,sigi_hmm
NC_014220.1,1953702,1957802,4100,sigi_hmm
NC_013894.1,125178,133398,8220,sigi_hmm
NC_014165.1,387359,394226,6867,sigi_hmm
NC_014165.1,1930098,1934519,4421,sigi_hmm
NC_014165.1,3199987,3204003,4016,sigi_hmm
NC_014165.1,106536,111885,5349,sigi_hmm
NC_013642.1,1750275,1754872,4597,sigi_hmm
NC_013642.1,975852,981468,5616,sigi_hmm
NC_013642.1,1692359,1696795,4436,sigi_hmm
NC_013525.1,1918686,1936864,18178,sigi_hmm
NC_013525.1,1888219,1917478,29259,sigi_hmm
NC_013525.1,566034,573883,7849,sigi_hmm
NC_012883.1,1550622,1554836,4214,sigi_hmm
NC_012883.1,1824494,1831789,7295,sigi_hmm
NC_012883.1,1538755,1546689,7934,sigi_hmm
NC_012883.1,1528307,1536503,8196,sigi_hmm
NC_012804.1,2026251,2032483,6232,sigi_hmm
NC_012804.1,930372,934469,4097,sigi_hmm
NC_012804.1,1379628,1390551,10923,sigi_hmm
NC_012804.1,899136,903483,4347,sigi_hmm
NC_012804.1,334,6897,6563,sigi_hmm
NC_012804.1,278590,282620,4030,sigi_hmm
NC_012804.1,355645,359950,4305,sigi_hmm
NC_012804.1,623799,629115,5316,sigi_hmm
NC_012804.1,823586,830702,7116,sigi_hmm
NC_013510.1,3175207,3180236,5029,sigi_hmm
NC_012926.1,1077725,1086113,8388,sigi_hmm
NC_012926.1,1059554,1069506,9952,sigi_hmm
NC_012926.1,1045688,1050649,4961,sigi_hmm
NC_012926.1,301371,306394,5023,sigi_hmm
NC_012926.1,739785,747335,7550,sigi_hmm
NC_012926.1,197732,210962,13230,sigi_hmm
NC_012926.1,39922,44868,4946,sigi_hmm
NC_012926.1,93957,101986,8029,sigi_hmm
NC_012926.1,15965,24908,8943,sigi_hmm
NC_013853.1,2061937,2068441,6504,sigi_hmm
NC_014205.1,767225,772155,4930,sigi_hmm
NC_013853.1,1844053,1852438,8385,sigi_hmm
NC_013853.1,1745544,1771589,26045,sigi_hmm
NC_013853.1,1705306,1709602,4296,sigi_hmm
NC_013853.1,1336447,1343286,6839,sigi_hmm
NC_013853.1,1320479,1325367,4888,sigi_hmm
NC_013853.1,1259562,1265936,6374,sigi_hmm
NC_013853.1,1096500,1106453,9953,sigi_hmm
NC_013853.1,1076614,1091261,14647,sigi_hmm
NC_013853.1,762353,770170,7817,sigi_hmm
NC_013853.1,754806,760514,5708,sigi_hmm
NC_013853.1,744394,750356,5962,sigi_hmm
NC_013853.1,410320,414380,4060,sigi_hmm
NC_013853.1,379519,383577,4058,sigi_hmm
NC_013853.1,113512,119513,6001,sigi_hmm
NC_013798.1,2298626,2303398,4772,sigi_hmm
NC_013798.1,1128333,1133579,5246,sigi_hmm
NC_013798.1,1763385,1792941,29556,sigi_hmm
NC_013798.1,1000147,1009511,9364,sigi_hmm
NC_012925.1,1364976,1375017,10041,sigi_hmm
NC_012925.1,1706455,1710868,4413,sigi_hmm
NC_012925.1,1925729,1931635,5906,sigi_hmm
NC_012925.1,1131806,1139356,7550,sigi_hmm
NC_012925.1,932249,936931,4682,sigi_hmm
NC_012925.1,833883,846174,12291,sigi_hmm
NC_012925.1,744600,749163,4563,sigi_hmm
NC_012925.1,299400,304423,5023,sigi_hmm
NC_012925.1,575494,584181,8687,sigi_hmm
NC_012925.1,195604,208834,13230,sigi_hmm
NC_012925.1,39924,44870,4946,sigi_hmm
NC_012925.1,93955,102018,8063,sigi_hmm
NC_012925.1,15967,24910,8943,sigi_hmm
NC_014209.1,2261267,2270912,9645,sigi_hmm
NC_013921.1,2379849,2389494,9645,sigi_hmm
NC_014209.1,1494804,1501889,7085,sigi_hmm
NC_013522.1,1689721,1694953,5232,sigi_hmm
NC_013522.1,1609730,1617537,7807,sigi_hmm
NC_014221.1,3075080,3080205,5125,sigi_hmm
NC_013522.1,1001176,1008114,6938,sigi_hmm
NC_013522.1,1545743,1551823,6080,sigi_hmm
NC_014221.1,1941414,1946841,5427,sigi_hmm
NC_014221.1,2194388,2198838,4450,sigi_hmm
NC_013889.1,2610289,2614377,4088,sigi_hmm
NC_013889.1,1643733,1650254,6521,sigi_hmm
NC_013889.1,1659673,1668621,8948,sigi_hmm
NC_013889.1,1389710,1393879,4169,sigi_hmm
NC_013889.1,1191339,1195942,4603,sigi_hmm
NC_013889.1,1170396,1178859,8463,sigi_hmm
NC_013889.1,332003,339406,7403,sigi_hmm
NC_013889.1,221916,228665,6749,sigi_hmm
NC_012997.1,5168769,5173751,4982,sigi_hmm
NC_012997.1,4895262,4902202,6940,sigi_hmm
NC_012997.1,4804574,4818560,13986,sigi_hmm
NC_012997.1,4284982,4289944,4962,sigi_hmm
NC_012997.1,4126266,4130684,4418,sigi_hmm
NC_012997.1,4247128,4251674,4546,sigi_hmm
NC_012997.1,4272362,4276603,4241,sigi_hmm
NC_013510.1,5534111,5540049,5938,sigi_hmm
NC_012997.1,434690,439940,5250,sigi_hmm
NC_012997.1,497222,505080,7858,sigi_hmm
NC_012997.1,4013273,4018606,5333,sigi_hmm
NC_013510.1,5476825,5482117,5292,sigi_hmm
NC_013510.1,5509398,5513788,4390,sigi_hmm
NC_013510.1,5319137,5324004,4867,sigi_hmm
NC_013510.1,4174985,4180203,5218,sigi_hmm
NC_013510.1,5218743,5223672,4929,sigi_hmm
NC_013510.1,5257469,5264319,6850,sigi_hmm
NC_013510.1,5264917,5270379,5462,sigi_hmm
NC_012926.1,1031089,1039894,8805,sigi_hmm
NC_013853.1,172806,189335,16529,sigi_hmm
NC_012857.1,60754,79889,19135,sigi_hmm
NC_012857.1,47566,58270,10704,sigi_hmm
NC_014217.1,4595845,4600651,4806,sigi_hmm
NC_014217.1,4604423,4611776,7353,sigi_hmm
NC_014217.1,4555744,4578807,23063,sigi_hmm
NC_014217.1,3063048,3070912,7864,sigi_hmm
NC_014217.1,3078440,3085959,7519,sigi_hmm
NC_013202.1,1498466,1503365,4899,sigi_hmm
NC_013158.1,228952,234960,6008,sigi_hmm
NC_013202.1,1397245,1404047,6802,sigi_hmm
NC_013202.1,1152313,1157248,4935,sigi_hmm
NC_013202.1,1377273,1381690,4417,sigi_hmm
NC_013202.1,425957,436105,10148,sigi_hmm
NC_013202.1,67296,86111,18815,sigi_hmm
NC_010337.2,2900219,2905254,5035,sigi_hmm
NC_010337.2,2827062,2832753,5691,sigi_hmm
NC_010337.2,2837705,2845314,7609,sigi_hmm
NC_010337.2,2852999,2883036,30037,sigi_hmm
NC_010337.2,2798968,2823849,24881,sigi_hmm
NC_010337.2,2496272,2500353,4081,sigi_hmm
NC_010337.2,1580420,1584672,4252,sigi_hmm
NC_010337.2,1659651,1663761,4110,sigi_hmm
NC_010337.2,2330612,2335056,4444,sigi_hmm
NC_010337.2,2342951,2351184,8233,sigi_hmm
NC_010337.2,1058407,1064809,6402,sigi_hmm
NC_010337.2,1196407,1203524,7117,sigi_hmm
NC_010337.2,810917,845991,35074,sigi_hmm
NC_010337.2,261059,265741,4682,sigi_hmm
NC_010337.2,590403,598546,8143,sigi_hmm
NC_010337.2,635294,644130,8836,sigi_hmm
NC_010337.2,762596,766750,4154,sigi_hmm
NC_010337.2,219053,226718,7665,sigi_hmm
NC_010337.2,41408,46816,5408,sigi_hmm
NC_010337.2,106366,113795,7429,sigi_hmm
NC_010337.2,153053,162728,9675,sigi_hmm
NC_010337.2,166118,174178,8060,sigi_hmm
NC_010337.2,193881,201041,7160,sigi_hmm
NC_012731.1,4754779,4761475,6696,sigi_hmm
NC_010337.2,23655,39891,16236,sigi_hmm
NC_012731.1,3527530,3531961,4431,sigi_hmm
NC_012731.1,3533042,3540978,7936,sigi_hmm
NC_012731.1,3465676,3471770,6094,sigi_hmm
NC_012731.1,3507781,3518602,10821,sigi_hmm
NC_012731.1,3458117,3462792,4675,sigi_hmm
NC_012731.1,3441637,3449152,7515,sigi_hmm
NC_012731.1,2509648,2513727,4079,sigi_hmm
NC_012731.1,2655254,2662191,6937,sigi_hmm
NC_012731.1,2746050,2755186,9136,sigi_hmm
NC_012731.1,3200332,3208217,7885,sigi_hmm
NC_012731.1,3427155,3433433,6278,sigi_hmm
NC_012731.1,2310783,2318474,7691,sigi_hmm
NC_012731.1,2266987,2272605,5618,sigi_hmm
NC_012731.1,2096418,2101312,4894,sigi_hmm
NC_012731.1,2104642,2115453,10811,sigi_hmm
NC_012731.1,606895,615558,8663,sigi_hmm
NC_012731.1,627192,652183,24991,sigi_hmm
NC_012731.1,568386,577610,9224,sigi_hmm
NC_013729.1,4894523,4899298,4775,sigi_hmm
NC_012731.1,409680,414311,4631,sigi_hmm
NC_013729.1,2822504,2827300,4796,sigi_hmm
NC_013656.1,704259,713711,9452,sigi_hmm
NC_014313.1,1580695,1586686,5991,sigi_hmm
NC_014313.1,2249705,2254079,4374,sigi_hmm
NC_013656.1,101870,108294,6424,sigi_hmm
NC_014313.1,130749,136740,5991,sigi_hmm
NC_013768.1,1809907,1818267,8360,sigi_hmm
NC_013768.1,1825999,1837299,11300,sigi_hmm
NC_013768.1,1840419,1852898,12479,sigi_hmm
NC_013169.1,2456437,2462552,6115,sigi_hmm
NC_013169.1,2449391,2454642,5251,sigi_hmm
NC_013169.1,1851803,1867278,15475,sigi_hmm
NC_013169.1,1373576,1380384,6808,sigi_hmm
NC_013169.1,618204,627979,9775,sigi_hmm
NC_013169.1,640493,647733,7240,sigi_hmm
NC_013169.1,814056,824748,10692,sigi_hmm
NC_013169.1,521294,533517,12223,sigi_hmm
NC_014106.1,1666956,1671405,4449,sigi_hmm
NC_014106.1,1778215,1783103,4888,sigi_hmm
NC_013169.1,95720,100646,4926,sigi_hmm
NC_013169.1,478376,482504,4128,sigi_hmm
NC_014106.1,538964,543368,4404,sigi_hmm
NC_014106.1,61493,69112,7619,sigi_hmm
NC_014106.1,427983,432558,4575,sigi_hmm
NC_014106.1,445668,449858,4190,sigi_hmm
NC_013198.1,639680,643839,4159,sigi_hmm
NC_013198.1,2038672,2042790,4118,sigi_hmm
NC_013198.1,2098977,2106582,7605,sigi_hmm
NC_013199.1,842757,847861,5104,sigi_hmm
NC_013199.1,857722,863326,5604,sigi_hmm
NC_013199.1,2070098,2078484,8386,sigi_hmm
NC_013198.1,414201,418449,4248,sigi_hmm
NC_013198.1,400685,412906,12221,sigi_hmm
NC_012914.1,6592464,6600241,7777,sigi_hmm
NC_013790.1,414417,418827,4410,sigi_hmm
NC_009494.2,2801200,2805824,4624,sigi_hmm
NC_013504.1,1403966,1410343,6377,sigi_hmm
NC_012914.1,5632691,5638516,5825,sigi_hmm
NC_012914.1,5650846,5658943,8097,sigi_hmm
NC_012914.1,4947771,4955681,7910,sigi_hmm
NC_012914.1,5210827,5215800,4973,sigi_hmm
NC_012914.1,5234135,5242548,8413,sigi_hmm
NC_012914.1,5251623,5256503,4880,sigi_hmm
NC_012914.1,5458417,5467812,9395,sigi_hmm
NC_012914.1,5473575,5478518,4943,sigi_hmm
NC_012914.1,5624111,5630734,6623,sigi_hmm
NC_012914.1,4246290,4250758,4468,sigi_hmm
NC_012914.1,4590817,4595358,4541,sigi_hmm
NC_012914.1,3124381,3133045,8664,sigi_hmm
NC_012914.1,3699952,3706666,6714,sigi_hmm
NC_012914.1,2179921,2186467,6546,sigi_hmm
NC_012914.1,2194093,2200615,6522,sigi_hmm
NC_012914.1,2168985,2179414,10429,sigi_hmm
NC_012914.1,1928314,1933425,5111,sigi_hmm
NC_012943.1,2219441,2224359,4918,sigi_hmm
NC_012943.1,2715607,2722616,7009,sigi_hmm
NC_012943.1,3305691,3310164,4473,sigi_hmm
NC_012914.1,344543,349669,5126,sigi_hmm
NC_012914.1,479703,488722,9019,sigi_hmm
NC_013766.1,1859268,1870568,11300,sigi_hmm
NC_013766.1,1873688,1886167,12479,sigi_hmm
NC_013766.1,1843176,1851536,8360,sigi_hmm
NC_012969.1,2479798,2487821,8023,sigi_hmm
NC_012969.1,2492506,2506261,13755,sigi_hmm
NC_012969.1,2176677,2181648,4971,sigi_hmm
NC_012969.1,2191275,2198974,7699,sigi_hmm
NC_012969.1,2154920,2163455,8535,sigi_hmm
NC_012969.1,1936737,1944901,8164,sigi_hmm
NC_012969.1,1915234,1920168,4934,sigi_hmm
NC_012969.1,1750800,1756159,5359,sigi_hmm
NC_012969.1,1583128,1590952,7824,sigi_hmm
NC_012969.1,1449823,1455083,5260,sigi_hmm
NC_012969.1,1573145,1580262,7117,sigi_hmm
NC_010337.2,800453,805076,4623,sigi_hmm
NC_013520.1,1983800,1988499,4699,sigi_hmm
NC_013520.1,1635927,1640843,4916,sigi_hmm
NC_013520.1,253192,264725,11533,sigi_hmm
NC_013520.1,235339,240359,5020,sigi_hmm
NC_013526.1,325023,330301,5278,sigi_hmm
NC_013526.1,447720,452212,4492,sigi_hmm
NC_011753.2,3140097,3148546,8449,sigi_hmm
NC_011753.2,2854416,2865762,11346,sigi_hmm
NC_011753.2,2603209,2620634,17425,sigi_hmm
NC_011753.2,2834835,2840490,5655,sigi_hmm
NC_011753.2,2845155,2850958,5803,sigi_hmm
NC_011753.2,2014214,2038910,24696,sigi_hmm
NC_011753.2,1877818,1885394,7576,sigi_hmm
NC_011753.2,1789615,1795597,5982,sigi_hmm
NC_011753.2,1714582,1720312,5730,sigi_hmm
NC_011753.2,1683486,1692160,8674,sigi_hmm
NC_011753.2,1508378,1514745,6367,sigi_hmm
NC_011753.2,1577410,1587195,9785,sigi_hmm
NC_014153.1,2125551,2140963,15412,sigi_hmm
NC_014153.1,2094210,2098768,4558,sigi_hmm
NC_014153.1,1684012,1688456,4444,sigi_hmm
NC_014153.1,2050040,2055445,5405,sigi_hmm
NC_014153.1,2059338,2066768,7430,sigi_hmm
NC_014153.1,2076391,2081432,5041,sigi_hmm
NC_014153.1,1675237,1679996,4759,sigi_hmm
NC_011753.2,2881930,2894107,12177,sigi_hmm
NC_012791.1,4837303,4845399,8096,sigi_hmm
NC_012791.1,4851523,4860028,8505,sigi_hmm
NC_012791.1,4866020,4873536,7516,sigi_hmm
NC_014160.1,546934,551287,4353,sigi_hmm
NC_014153.1,1641967,1646179,4212,sigi_hmm
NC_014153.1,1663041,1672132,9091,sigi_hmm
NC_012791.1,4763297,4768652,5355,sigi_hmm
NC_012791.1,4801145,4807438,6293,sigi_hmm
NC_012791.1,4812007,4828376,16369,sigi_hmm
NC_012791.1,4539936,4555057,15121,sigi_hmm
NC_012791.1,2422042,2432577,10535,sigi_hmm
NC_012791.1,2610223,2614763,4540,sigi_hmm
NC_012791.1,2841407,2846757,5350,sigi_hmm
NC_012791.1,4088851,4094285,5434,sigi_hmm
NC_014158.1,1488093,1505725,17632,sigi_hmm
NC_014158.1,1573428,1577938,4510,sigi_hmm
NC_014158.1,2568009,2575226,7217,sigi_hmm
NC_012791.1,598395,602639,4244,sigi_hmm
NC_012791.1,726533,733367,6834,sigi_hmm
NC_012791.1,826007,841282,15275,sigi_hmm
NC_014158.1,304793,317962,13169,sigi_hmm
NC_014158.1,324014,330293,6279,sigi_hmm
NC_014158.1,286000,299371,13371,sigi_hmm
NC_014158.1,238083,263804,25721,sigi_hmm
NC_014158.1,274219,283240,9021,sigi_hmm
NC_012791.1,2062860,2071134,8274,sigi_hmm
NC_012791.1,2229360,2234810,5450,sigi_hmm
NC_012791.1,2248609,2257994,9385,sigi_hmm
NC_012791.1,2392460,2405796,13336,sigi_hmm
NC_013421.1,2726872,2731023,4151,sigi_hmm
NC_013421.1,3126235,3131409,5174,sigi_hmm
NC_013421.1,3245200,3250358,5158,sigi_hmm
NC_013421.1,2566121,2570420,4299,sigi_hmm
NC_013421.1,2622396,2630966,8570,sigi_hmm
NC_013421.1,2045443,2049914,4471,sigi_hmm
NC_013421.1,2025723,2032696,6973,sigi_hmm
NC_013421.1,1892266,1899157,6891,sigi_hmm
NC_013421.1,1899887,1908533,8646,sigi_hmm
NC_013421.1,2012905,2017602,4697,sigi_hmm
NC_013421.1,2020294,2024823,4529,sigi_hmm
NC_013421.1,1868426,1890092,21666,sigi_hmm
NC_013421.1,1787999,1795253,7254,sigi_hmm
NC_013421.1,1846824,1867946,21122,sigi_hmm
NC_013421.1,1765585,1770258,4673,sigi_hmm
NC_013421.1,1550141,1555954,5813,sigi_hmm
NC_013421.1,1700987,1714626,13639,sigi_hmm
NC_013421.1,1730382,1741380,10998,sigi_hmm
NC_013595.1,4852201,4858207,6006,sigi_hmm
NC_013595.1,3369697,3375517,5820,sigi_hmm
NC_013595.1,3393109,3398933,5824,sigi_hmm
NC_013595.1,3546896,3551767,4871,sigi_hmm
NC_013595.1,3962132,3968512,6380,sigi_hmm
NC_013595.1,4041737,4050586,8849,sigi_hmm
NC_013595.1,901636,907148,5512,sigi_hmm
NC_013595.1,1862063,1868419,6356,sigi_hmm
NC_013595.1,714390,737970,23580,sigi_hmm
NC_013595.1,610892,615210,4318,sigi_hmm
NC_013595.1,486612,492751,6139,sigi_hmm
NC_012926.1,2064386,2070369,5983,sigi_hmm
NC_013595.1,48068,57849,9781,sigi_hmm
NC_013595.1,156567,167947,11380,sigi_hmm
NC_013595.1,240434,245197,4763,sigi_hmm
NC_012926.1,1198856,1203419,4563,sigi_hmm
NC_012926.1,1503703,1511936,8233,sigi_hmm
NC_012926.1,1845126,1849539,4413,sigi_hmm
NC_013456.1,1258282,1268568,10286,sigi_hmm
NC_013456.1,1743046,1787115,44069,sigi_hmm
NC_013456.1,185242,198828,13586,sigi_hmm
NC_013456.1,217871,237262,19391,sigi_hmm
NC_011744.2,1081952,1086478,4526,sigi_hmm
NC_013456.1,152237,178308,26071,sigi_hmm
NC_011744.2,700082,707458,7376,sigi_hmm
NC_011744.2,419340,425118,5778,sigi_hmm
NC_011744.2,92598,97895,5297,sigi_hmm
NC_011744.2,180946,186638,5692,sigi_hmm
NC_013892.1,4132853,4147457,14604,sigi_hmm
NC_013892.1,4206468,4212433,5965,sigi_hmm
NC_013892.1,3832254,3836920,4666,sigi_hmm
NC_013892.1,4038332,4047083,8751,sigi_hmm
NC_013892.1,3652659,3663245,10586,sigi_hmm
NC_013892.1,2693887,2705420,11533,sigi_hmm
NC_013892.1,2160421,2174772,14351,sigi_hmm
NC_013892.1,1718564,1722967,4403,sigi_hmm
NC_013892.1,2047524,2053363,5839,sigi_hmm
NC_013892.1,2098423,2104150,5727,sigi_hmm
NC_013892.1,2143617,2155256,11639,sigi_hmm
NC_013892.1,1000546,1004877,4331,sigi_hmm
NC_013892.1,1142263,1146963,4700,sigi_hmm
NC_013892.1,1434590,1441811,7221,sigi_hmm
NC_013892.1,211001,218675,7674,sigi_hmm
NC_013892.1,706886,710918,4032,sigi_hmm
NC_013892.1,150812,157069,6257,sigi_hmm
NC_013892.1,162882,169950,7068,sigi_hmm
NC_013892.1,191706,197535,5829,sigi_hmm
NC_013530.1,3512824,3517025,4201,sigi_hmm
NC_013892.1,108700,116513,7813,sigi_hmm
NC_013530.1,3373022,3378740,5718,sigi_hmm
NC_013530.1,3218774,3228460,9686,sigi_hmm
NC_013530.1,1658086,1668681,10595,sigi_hmm
NC_013530.1,2517212,2521312,4100,sigi_hmm
NC_013530.1,2830935,2838097,7162,sigi_hmm
NC_013530.1,3208470,3216861,8391,sigi_hmm
NC_013530.1,156323,172678,16355,sigi_hmm
NC_013892.1,2297039,2303663,6624,sigi_hmm
NC_013929.1,1808943,1814173,5230,sigi_hmm
NC_013929.1,266688,273376,6688,sigi_hmm
NC_013929.1,386806,391309,4503,sigi_hmm
NC_013929.1,1623708,1631952,8244,sigi_hmm
NC_013929.1,1640779,1656493,15714,sigi_hmm
NC_013929.1,106002,110082,4080,sigi_hmm
NC_013929.1,203249,207615,4366,sigi_hmm
NC_013595.1,5177968,5187365,9397,sigi_hmm
NC_013595.1,5209288,5213349,4061,sigi_hmm
NC_013595.1,5226694,5232571,5877,sigi_hmm
NC_013595.1,4960137,4971623,11486,sigi_hmm
NC_013595.1,5141265,5145701,4436,sigi_hmm
NC_004829.2,364332,369794,5462,sigi_hmm
NC_013922.1,1679688,1686499,6811,sigi_hmm
NC_013922.1,368264,373607,5343,sigi_hmm
NC_013922.1,1644720,1649710,4990,sigi_hmm
NC_013922.1,240588,248626,8038,sigi_hmm
NC_013922.1,345117,360414,15297,sigi_hmm
NC_013922.1,57609,63342,5733,sigi_hmm
NC_013922.1,148609,155294,6685,sigi_hmm
NC_013922.1,156266,166046,9780,sigi_hmm
NC_014210.1,4006093,4013320,7227,sigi_hmm
NC_014210.1,4433007,4437329,4322,sigi_hmm
NC_014210.1,3808847,3812882,4035,sigi_hmm
NC_013960.1,2053223,2058133,4910,sigi_hmm
NC_013960.1,3389007,3395100,6093,sigi_hmm
NC_013960.1,3789688,3793803,4115,sigi_hmm
NC_013960.1,3859624,3863764,4140,sigi_hmm
NC_014210.1,812684,817483,4799,sigi_hmm
NC_014210.1,1881558,1885616,4058,sigi_hmm
NC_014210.1,2648485,2653226,4741,sigi_hmm
NC_014210.1,2657879,2663814,5935,sigi_hmm
NC_014210.1,3362601,3367067,4466,sigi_hmm
NC_014210.1,3781490,3790720,9230,sigi_hmm
NC_013960.1,1130728,1136536,5808,sigi_hmm
NC_013960.1,1780353,1786470,6117,sigi_hmm
NC_013960.1,1792016,1797284,5268,sigi_hmm
NC_013960.1,906673,911086,4413,sigi_hmm
NC_013960.1,985405,991044,5639,sigi_hmm
NC_014033.1,3333719,3338245,4526,sigi_hmm
NC_014033.1,3471802,3479578,7776,sigi_hmm
NC_014033.1,2424430,2438178,13748,sigi_hmm
NC_014033.1,2122211,2136244,14033,sigi_hmm
NC_014033.1,2099718,2106963,7245,sigi_hmm
NC_014033.1,1700340,1710264,9924,sigi_hmm
NC_014033.1,1816481,1821448,4967,sigi_hmm
NC_014033.1,1822613,1835059,12446,sigi_hmm
NC_014033.1,1667125,1678092,10967,sigi_hmm
NC_014033.1,1645935,1655579,9644,sigi_hmm
NC_014033.1,1570049,1574597,4548,sigi_hmm
NC_014033.1,1637969,1642709,4740,sigi_hmm
NC_014033.1,1307860,1314965,7105,sigi_hmm
NC_014033.1,1223412,1230002,6590,sigi_hmm
NC_014033.1,1097990,1105355,7365,sigi_hmm
NC_014033.1,1166084,1171177,5093,sigi_hmm
NC_014033.1,1071292,1077383,6091,sigi_hmm
NC_014033.1,904990,909613,4623,sigi_hmm
NC_014033.1,680252,685288,5036,sigi_hmm
NC_014033.1,780048,785339,5291,sigi_hmm
NC_014033.1,624831,636394,11563,sigi_hmm
NC_014033.1,435667,441306,5639,sigi_hmm
NC_014033.1,530820,544573,13753,sigi_hmm
NC_013016.1,581467,585864,4397,sigi_hmm
NC_014033.1,112794,124735,11941,sigi_hmm
NC_012850.1,3432043,3436050,4007,sigi_hmm
NC_013016.1,147515,152698,5183,sigi_hmm
NC_013016.1,505242,510519,5277,sigi_hmm
NC_012850.1,1562147,1567615,5468,sigi_hmm
NC_012850.1,1570110,1575531,5421,sigi_hmm
NC_012850.1,1980560,1984742,4182,sigi_hmm
NC_012850.1,2631186,2637347,6161,sigi_hmm
NC_012850.1,3194987,3207134,12147,sigi_hmm
NC_012850.1,821843,826837,4994,sigi_hmm
NC_012850.1,831315,835599,4284,sigi_hmm
NC_012850.1,1282709,1287956,5247,sigi_hmm
NC_012850.1,15910,25437,9527,sigi_hmm
NC_012850.1,96024,100724,4700,sigi_hmm
NC_012850.1,465307,476308,11001,sigi_hmm
NC_012917.1,3268210,3279785,11575,sigi_hmm
NC_012917.1,3680904,3685908,5004,sigi_hmm
NC_012917.1,3691566,3697527,5961,sigi_hmm
NC_012917.1,4278538,4288952,10414,sigi_hmm
NC_012917.1,4651985,4656358,4373,sigi_hmm
NC_014248.1,3330901,3338868,7967,sigi_hmm
NC_012917.1,2972130,2976256,4126,sigi_hmm
NC_012917.1,2990256,2995213,4957,sigi_hmm
NC_012917.1,3205616,3211229,5613,sigi_hmm
NC_004829.2,371071,388307,17236,sigi_hmm
NC_014217.1,3031127,3042474,11347,sigi_hmm
NC_014217.1,2995409,3001501,6092,sigi_hmm
NC_014217.1,3007494,3011881,4387,sigi_hmm
NC_014217.1,2778854,2792397,13543,sigi_hmm
NC_014217.1,2176191,2180472,4281,sigi_hmm
NC_014217.1,2047719,2056362,8643,sigi_hmm
NC_014217.1,1358258,1368872,10614,sigi_hmm
NC_014217.1,2023867,2038156,14289,sigi_hmm
NC_014217.1,1227402,1231443,4041,sigi_hmm
NC_014217.1,804783,818324,13541,sigi_hmm
NC_014217.1,28683,33882,5199,sigi_hmm
NC_014217.1,221025,225312,4287,sigi_hmm
NC_013159.1,3867006,3871721,4715,sigi_hmm
NC_013159.1,3429110,3433992,4882,sigi_hmm
NC_013159.1,1797764,1802877,5113,sigi_hmm
NC_013159.1,3145840,3150638,4798,sigi_hmm
NC_013159.1,811857,815999,4142,sigi_hmm
NC_013159.1,387752,392427,4675,sigi_hmm
NC_013222.1,3123862,3129716,5854,sigi_hmm
NC_013222.1,3067133,3074022,6889,sigi_hmm
NC_013222.1,2330522,2341447,10925,sigi_hmm
NC_013222.1,2214452,2220127,5675,sigi_hmm
NC_013222.1,1920942,1935511,14569,sigi_hmm
NC_013222.1,1905432,1918451,13019,sigi_hmm
NC_013222.1,1667037,1684407,17370,sigi_hmm
NC_013222.1,1543006,1550730,7724,sigi_hmm
NC_013222.1,823957,844693,20736,sigi_hmm
NC_013222.1,727150,741520,14370,sigi_hmm
NC_013222.1,622291,631489,9198,sigi_hmm
NC_013222.1,308137,369520,61383,sigi_hmm
NC_013222.1,236228,262235,26007,sigi_hmm
NC_013715.1,1895126,1899870,4744,sigi_hmm
NC_012633.1,686799,693236,6437,sigi_hmm
NC_013715.1,1498978,1503094,4116,sigi_hmm
NC_013715.1,1376985,1383850,6865,sigi_hmm
NC_013715.1,1215871,1225293,9422,sigi_hmm
NC_014168.1,2588410,2594335,5925,sigi_hmm
NC_014168.1,1301525,1308708,7183,sigi_hmm
NC_014012.1,2575347,2579541,4194,sigi_hmm
NC_014012.1,3259477,3266827,7350,sigi_hmm
NC_014012.1,2419464,2425201,5737,sigi_hmm
NC_014012.1,1687576,1691881,4305,sigi_hmm
NC_014012.1,1697181,1706290,9109,sigi_hmm
NC_013947.1,6594190,6598989,4799,sigi_hmm
NC_013947.1,6584987,6591218,6231,sigi_hmm
NC_013947.1,5751659,5758740,7081,sigi_hmm
NC_013947.1,6391237,6396044,4807,sigi_hmm
NC_013947.1,5698392,5706752,8360,sigi_hmm
NC_013947.1,4925253,4930347,5094,sigi_hmm
NC_013947.1,5438685,5448005,9320,sigi_hmm
NC_013947.1,4195140,4199181,4041,sigi_hmm
NC_013947.1,4541719,4545732,4013,sigi_hmm
NC_013947.1,4701830,4712183,10353,sigi_hmm
NC_013947.1,3858736,3870430,11694,sigi_hmm
NC_013947.1,3820210,3825993,5783,sigi_hmm
NC_013947.1,3831341,3837505,6164,sigi_hmm
NC_013947.1,3375600,3381170,5570,sigi_hmm
NC_013947.1,3790848,3798704,7856,sigi_hmm
NC_013947.1,3366318,3373424,7106,sigi_hmm
NC_013947.1,3085830,3099132,13302,sigi_hmm
NC_013947.1,3354961,3360270,5309,sigi_hmm
NC_013947.1,2223528,2230178,6650,sigi_hmm
NC_013947.1,2120826,2132461,11635,sigi_hmm
NC_013947.1,1671570,1682124,10554,sigi_hmm
NC_013947.1,1705241,1709586,4345,sigi_hmm
NC_013222.1,635612,648963,13351,sigi_hmm
NC_013929.1,31752,39295,7543,sigi_hmm
NC_014215.1,2302968,2307959,4991,sigi_hmm
NC_014215.1,2481399,2486880,5481,sigi_hmm
NC_014215.1,2293377,2301374,7997,sigi_hmm
NC_014215.1,2271477,2278799,7322,sigi_hmm
NC_014215.1,1240721,1257074,16353,sigi_hmm
NC_014215.1,371510,376202,4692,sigi_hmm
NC_014215.1,424804,429428,4624,sigi_hmm
NC_014215.1,351918,358491,6573,sigi_hmm
NC_014215.1,330410,341745,11335,sigi_hmm
NC_014215.1,146609,152960,6351,sigi_hmm
NC_014215.1,277112,283213,6101,sigi_hmm
NC_014215.1,94210,99045,4835,sigi_hmm
NC_014039.1,890904,895419,4515,sigi_hmm
NC_014039.1,1497104,1503318,6214,sigi_hmm
NC_014039.1,878913,884701,5788,sigi_hmm
NC_014039.1,193090,200385,7295,sigi_hmm
NC_013501.1,2689478,2693701,4223,sigi_hmm
NC_013501.1,1151727,1157222,5495,sigi_hmm
NC_013501.1,1892077,1899439,7362,sigi_hmm
NC_013501.1,1002697,1010128,7431,sigi_hmm
NC_013501.1,938934,943898,4964,sigi_hmm
NC_014032.1,1673240,1677319,4079,sigi_hmm
NC_014032.1,2781700,2787322,5622,sigi_hmm
NC_014032.1,915370,924375,9005,sigi_hmm
NC_014032.1,891336,898504,7168,sigi_hmm
NC_014032.1,852464,860066,7602,sigi_hmm
NC_014032.1,845373,849878,4505,sigi_hmm
NC_014032.1,347877,355689,7812,sigi_hmm
NC_014032.1,256919,266660,9741,sigi_hmm
NC_012856.1,3436877,3441391,4514,sigi_hmm
NC_012856.1,3622085,3638580,16495,sigi_hmm
NC_012856.1,3274224,3284993,10769,sigi_hmm
NC_012856.1,3134449,3141528,7079,sigi_hmm
NC_012856.1,2997442,3007716,10274,sigi_hmm
NC_012856.1,2990964,2995072,4108,sigi_hmm
NC_012856.1,2938769,2944505,5736,sigi_hmm
NC_012856.1,2954321,2960485,6164,sigi_hmm
NC_012856.1,2840408,2852223,11815,sigi_hmm
NC_012856.1,2815797,2840201,24404,sigi_hmm
NC_012856.1,2807540,2813979,6439,sigi_hmm
NC_012856.1,2638814,2653866,15052,sigi_hmm
NC_012856.1,2382584,2389179,6595,sigi_hmm
NC_012856.1,2267836,2273039,5203,sigi_hmm
NC_012856.1,2275447,2280453,5006,sigi_hmm
NC_012856.1,1300804,1304934,4130,sigi_hmm
NC_012856.1,1591612,1599475,7863,sigi_hmm
NC_012856.1,808118,812358,4240,sigi_hmm
NC_012856.1,1085459,1092491,7032,sigi_hmm
NC_012856.1,780435,784749,4314,sigi_hmm
NC_012856.1,771323,778893,7570,sigi_hmm
NC_012856.1,742538,752786,10248,sigi_hmm
NC_012856.1,717169,723755,6586,sigi_hmm
NC_012856.1,690143,695890,5747,sigi_hmm
NC_012856.1,608829,615035,6206,sigi_hmm
NC_012856.1,617032,635173,18141,sigi_hmm
NC_012856.1,273880,278261,4381,sigi_hmm
NC_012856.1,489060,494008,4948,sigi_hmm
NC_014034.1,2925651,2930767,5116,sigi_hmm
NC_014034.1,3118048,3127831,9783,sigi_hmm
NC_012856.1,210636,227342,16706,sigi_hmm
NC_014034.1,2904764,2914996,10232,sigi_hmm
NC_014034.1,2254716,2265213,10497,sigi_hmm
NC_014034.1,1396119,1400493,4374,sigi_hmm
NC_014034.1,1401885,1407524,5639,sigi_hmm
NC_014034.1,1427423,1434221,6798,sigi_hmm
NC_014034.1,1340004,1346949,6945,sigi_hmm
NC_012857.1,1165920,1171243,5323,sigi_hmm
NC_014034.1,1043079,1054994,11915,sigi_hmm
NC_012857.1,1128354,1140794,12440,sigi_hmm
NC_012857.1,1107306,1113028,5722,sigi_hmm
NC_012857.1,465656,470496,4840,sigi_hmm
NC_012969.1,1329023,1334425,5402,sigi_hmm
NC_012969.1,1231452,1237049,5597,sigi_hmm
NC_012969.1,147058,155326,8268,sigi_hmm
NC_014212.1,3101310,3105538,4228,sigi_hmm
NC_014147.1,1439587,1448076,8489,sigi_hmm
NC_014147.1,781424,788146,6722,sigi_hmm
NC_014147.1,775589,780224,4635,sigi_hmm
NC_014147.1,577777,582696,4919,sigi_hmm
NC_014147.1,622685,631264,8579,sigi_hmm
NC_014147.1,764165,769753,5588,sigi_hmm
NC_012968.1,2008023,2024440,16417,sigi_hmm
NC_012968.1,1635931,1639987,4056,sigi_hmm
NC_012968.1,1955108,1960247,5139,sigi_hmm
NC_012968.1,1607967,1621740,13773,sigi_hmm
NC_012968.1,1594261,1607432,13171,sigi_hmm
NC_012968.1,513942,519165,5223,sigi_hmm
NC_012968.1,689653,697188,7535,sigi_hmm
NC_012968.1,871485,876280,4795,sigi_hmm
NC_012968.1,1117953,1127296,9343,sigi_hmm
NC_012968.1,247042,261964,14922,sigi_hmm
NC_012968.1,83314,88381,5067,sigi_hmm
NC_011753.2,1492874,1498406,5532,sigi_hmm
NC_011753.2,1467571,1475966,8395,sigi_hmm
NC_011753.2,1187198,1194328,7130,sigi_hmm
NC_011753.2,1256832,1262071,5239,sigi_hmm
NC_011753.2,1298955,1303655,4700,sigi_hmm
NC_011753.2,1367940,1377810,9870,sigi_hmm
NC_011753.2,511895,517315,5420,sigi_hmm
NC_011753.2,328329,336607,8278,sigi_hmm
NC_011753.2,210632,229597,18965,sigi_hmm
NC_013722.1,203766,208457,4691,sigi_hmm
NC_011753.2,16357,27851,11494,sigi_hmm
NC_011753.2,180940,194428,13488,sigi_hmm
NC_014153.1,3265108,3271694,6586,sigi_hmm
NC_014153.1,2289467,2293929,4462,sigi_hmm
NC_014153.1,3077915,3082196,4281,sigi_hmm
NC_014153.1,3092088,3097267,5179,sigi_hmm
NC_014153.1,3101243,3110630,9387,sigi_hmm
NC_013665.1,2186997,2196188,9191,sigi_hmm
NC_012968.1,66655,70702,4047,sigi_hmm
NC_013665.1,2139326,2147915,8589,sigi_hmm
NC_013665.1,1772451,1785668,13217,sigi_hmm
NC_013665.1,1930838,1940945,10107,sigi_hmm
NC_013665.1,1131612,1136422,4810,sigi_hmm
NC_013665.1,1515163,1521093,5930,sigi_hmm
NC_013665.1,1610623,1628668,18045,sigi_hmm
NC_013665.1,885590,895606,10016,sigi_hmm
NC_013665.1,949553,957030,7477,sigi_hmm
NC_013665.1,966898,976289,9391,sigi_hmm
NC_013665.1,265611,270852,5241,sigi_hmm
NC_012803.1,2229430,2238457,9027,sigi_hmm
NC_012803.1,2250268,2259281,9013,sigi_hmm
NC_012803.1,2458633,2465286,6653,sigi_hmm
NC_012803.1,1032958,1037760,4802,sigi_hmm
NC_012803.1,1524442,1528889,4447,sigi_hmm
NC_012803.1,1979377,1986442,7065,sigi_hmm
NC_012803.1,709082,717542,8460,sigi_hmm
NC_012803.1,624777,630304,5527,sigi_hmm
NC_012803.1,634701,639582,4881,sigi_hmm
NC_012803.1,696031,702640,6609,sigi_hmm
NC_012803.1,145286,150237,4951,sigi_hmm
NC_012803.1,54057,70747,16690,sigi_hmm
NC_012803.1,23977,52301,28324,sigi_hmm
NC_012803.1,10743,23701,12958,sigi_hmm
NC_012988.1,5524184,5529239,5055,sigi_hmm
NC_012988.1,5743089,5747454,4365,sigi_hmm
NC_012988.1,5938680,5942956,4276,sigi_hmm
NC_012988.1,4640667,4654989,14322,sigi_hmm
NC_012988.1,4687537,4692234,4697,sigi_hmm
NC_012988.1,5294518,5300343,5825,sigi_hmm
NC_012988.1,4454661,4459625,4964,sigi_hmm
NC_012988.1,4394623,4400045,5422,sigi_hmm
NC_012988.1,4413995,4418641,4646,sigi_hmm
NC_012988.1,4357148,4367945,10797,sigi_hmm
NC_012988.1,4376832,4384981,8149,sigi_hmm
NC_012988.1,4305761,4312209,6448,sigi_hmm
NC_012988.1,4272968,4279658,6690,sigi_hmm
NC_012988.1,4082727,4091312,8585,sigi_hmm
NC_012988.1,2568405,2588160,19755,sigi_hmm
NC_012988.1,3294853,3300884,6031,sigi_hmm
NC_012988.1,2540914,2565600,24686,sigi_hmm
NC_012988.1,2510882,2524157,13275,sigi_hmm
NC_012988.1,2525518,2532588,7070,sigi_hmm
NC_012988.1,2462304,2500675,38371,sigi_hmm
NC_012988.1,1792042,1804188,12146,sigi_hmm
NC_012988.1,1826028,1830488,4460,sigi_hmm
NC_012988.1,1603421,1607839,4418,sigi_hmm
NC_012988.1,1783648,1790928,7280,sigi_hmm
NC_012988.1,1552673,1558742,6069,sigi_hmm
NC_012988.1,1502560,1524705,22145,sigi_hmm
NC_012988.1,1484434,1489277,4843,sigi_hmm
NC_012988.1,1493218,1500236,7018,sigi_hmm
NC_012988.1,1231143,1235188,4045,sigi_hmm
NC_012988.1,1260644,1264687,4043,sigi_hmm
NC_012988.1,1312721,1319057,6336,sigi_hmm
NC_012988.1,1470305,1481411,11106,sigi_hmm
NC_012988.1,1185812,1192351,6539,sigi_hmm
NC_012988.1,1195990,1201443,5453,sigi_hmm
NC_012988.1,1089097,1096160,7063,sigi_hmm
NC_012988.1,1099238,1104370,5132,sigi_hmm
NC_012988.1,1132743,1136772,4029,sigi_hmm
NC_012988.1,1139112,1145693,6581,sigi_hmm
NC_012988.1,823210,832060,8850,sigi_hmm
NC_012988.1,789493,794002,4509,sigi_hmm
NC_012988.1,796201,817456,21255,sigi_hmm
NC_012988.1,782110,786200,4090,sigi_hmm
NC_012988.1,740345,757701,17356,sigi_hmm
NC_012988.1,354410,361333,6923,sigi_hmm
NC_012988.1,691319,700047,8728,sigi_hmm
NC_014002.1,1693199,1698111,4912,sigi_hmm
NC_014122.1,201953,206029,4076,sigi_hmm
NC_012988.1,40276,51383,11107,sigi_hmm
NC_014002.1,1134272,1139011,4739,sigi_hmm
NC_014002.1,1324179,1332264,8085,sigi_hmm
NC_013956.1,4584630,4588707,4077,sigi_hmm
NC_014002.1,95715,101273,5558,sigi_hmm
NC_014002.1,476269,481088,4819,sigi_hmm
NC_014002.1,1075344,1079450,4106,sigi_hmm
NC_013956.1,4497891,4503976,6085,sigi_hmm
NC_013956.1,4326388,4338023,11635,sigi_hmm
NC_013956.1,3279938,3287568,7630,sigi_hmm
NC_013956.1,3532316,3536983,4667,sigi_hmm
NC_013956.1,3647422,3664418,16996,sigi_hmm
NC_013956.1,3273119,3277828,4709,sigi_hmm
NC_013956.1,616575,621948,5373,sigi_hmm
NC_013956.1,1769558,1774335,4777,sigi_hmm
NC_013956.1,2000020,2005492,5472,sigi_hmm
NC_013956.1,2761339,2769219,7880,sigi_hmm
NC_014207.1,2569525,2574158,4633,sigi_hmm
NC_013956.1,603256,612698,9442,sigi_hmm
NC_014207.1,2081217,2085395,4178,sigi_hmm
NC_014207.1,2281949,2286366,4417,sigi_hmm
NC_014207.1,2422683,2428219,5536,sigi_hmm
NC_014207.1,1379025,1383219,4194,sigi_hmm
NC_014207.1,2039866,2053172,13306,sigi_hmm
NC_014207.1,8605,17828,9223,sigi_hmm
NC_014207.1,953770,963490,9720,sigi_hmm
NC_013730.1,7372971,7377012,4041,sigi_hmm
NC_013730.1,7755334,7760981,5647,sigi_hmm
NC_013730.1,6479085,6484940,5855,sigi_hmm
NC_013730.1,6795715,6800251,4536,sigi_hmm
NC_013730.1,6000095,6011992,11897,sigi_hmm
NC_013730.1,5190229,5196821,6592,sigi_hmm
NC_013730.1,5547634,5552198,4564,sigi_hmm
NC_013730.1,5096939,5106343,9404,sigi_hmm
NC_013730.1,4820610,4825204,4594,sigi_hmm
NC_013730.1,4967821,4972564,4743,sigi_hmm
NC_013730.1,4456342,4460433,4091,sigi_hmm
NC_013730.1,4466449,4472023,5574,sigi_hmm
NC_013730.1,3215012,3221593,6581,sigi_hmm
NC_013730.1,3019597,3023858,4261,sigi_hmm
NC_013730.1,2564259,2569772,5513,sigi_hmm
NC_013730.1,2573359,2583169,9810,sigi_hmm
NC_014246.1,1796589,1801987,5398,sigi_hmm
NC_014246.1,1997400,2004575,7175,sigi_hmm
NC_013730.1,64815,69709,4894,sigi_hmm
NC_013730.1,2365053,2380731,15678,sigi_hmm
NC_014246.1,1485035,1489512,4477,sigi_hmm
NC_014246.1,1705197,1709789,4592,sigi_hmm
NC_014246.1,1449450,1473073,23623,sigi_hmm
NC_014246.1,1409451,1425114,15663,sigi_hmm
NC_014246.1,72201,81016,8815,sigi_hmm
NC_014246.1,252346,258030,5684,sigi_hmm
NC_014246.1,502829,507884,5055,sigi_hmm
NC_014246.1,684943,690977,6034,sigi_hmm
NC_007492.2,6407098,6417950,10852,sigi_hmm
NC_007492.2,5724070,5731991,7921,sigi_hmm
NC_007492.2,6229797,6234939,5142,sigi_hmm
NC_007492.2,6379351,6393006,13655,sigi_hmm
NC_007492.2,3660535,3670435,9900,sigi_hmm
NC_007492.2,4315938,4320613,4675,sigi_hmm
NC_007492.2,5222159,5229405,7246,sigi_hmm
NC_007492.2,3431147,3436680,5533,sigi_hmm
NC_007492.2,3487378,3507550,20172,sigi_hmm
NC_007492.2,3411859,3430128,18269,sigi_hmm
NC_007492.2,3212166,3220193,8027,sigi_hmm
NC_007492.2,3338119,3343897,5778,sigi_hmm
NC_007492.2,3393148,3399937,6789,sigi_hmm
NC_007492.2,3188399,3198006,9607,sigi_hmm
NC_007492.2,3001715,3009306,7591,sigi_hmm
NC_007492.2,2768375,2772544,4169,sigi_hmm
NC_007492.2,2776800,2786603,9803,sigi_hmm
NC_007492.2,2316541,2323365,6824,sigi_hmm
NC_007492.2,2207111,2216476,9365,sigi_hmm
NC_007492.2,1739580,1748541,8961,sigi_hmm
NC_007492.2,2040968,2050029,9061,sigi_hmm
NC_013235.1,5858741,5864694,5953,sigi_hmm
NC_007492.2,863118,876957,13839,sigi_hmm
NC_013235.1,5000805,5010890,10085,sigi_hmm
NC_013235.1,5011339,5018140,6801,sigi_hmm
NC_013235.1,5134245,5154114,19869,sigi_hmm
NC_013235.1,4974964,4979707,4743,sigi_hmm
NC_013235.1,4981529,4990416,8887,sigi_hmm
NC_013235.1,4959976,4971470,11494,sigi_hmm
NC_013235.1,3155909,3160627,4718,sigi_hmm
NC_013235.1,3923043,3927319,4276,sigi_hmm
NC_013235.1,4098160,4102302,4142,sigi_hmm
NC_013235.1,4627894,4632906,5012,sigi_hmm
NC_013235.1,4952491,4956534,4043,sigi_hmm
NC_013235.1,3128955,3137460,8505,sigi_hmm
NC_013235.1,3141592,3146679,5087,sigi_hmm
NC_013235.1,2909031,2920200,11169,sigi_hmm
NC_013235.1,2162370,2172185,9815,sigi_hmm
NC_013235.1,2294205,2299649,5444,sigi_hmm
NC_013235.1,508585,512628,4043,sigi_hmm
NC_013235.1,598840,603217,4377,sigi_hmm
NC_013235.1,2136913,2142659,5746,sigi_hmm
NC_004829.2,982340,987151,4811,sigi_hmm
NC_004829.2,963947,969873,5926,sigi_hmm
NC_013457.1,1710424,1719999,9575,sigi_hmm
NC_013457.1,1335191,1339216,4025,sigi_hmm
NC_013457.1,1678852,1686830,7978,sigi_hmm
NC_013457.1,5941,12176,6235,sigi_hmm
NC_013457.1,149356,155892,6536,sigi_hmm
NC_013457.1,477232,486517,9285,sigi_hmm
NC_012792.1,720251,726127,5876,sigi_hmm
NC_012792.1,969737,978192,8455,sigi_hmm
NC_012792.1,695232,700607,5375,sigi_hmm
NC_012792.1,635668,642918,7250,sigi_hmm
NC_012792.1,614713,621832,7119,sigi_hmm
NC_012792.1,561346,590968,29622,sigi_hmm
NC_012792.1,394904,398938,4034,sigi_hmm
NC_012792.1,530787,538008,7221,sigi_hmm
NC_012792.1,316346,325871,9525,sigi_hmm
NC_013456.1,3019515,3028921,9406,sigi_hmm
NC_012792.1,203013,208960,5947,sigi_hmm
NC_013456.1,2994997,3000759,5762,sigi_hmm
NC_013456.1,2236265,2240545,4280,sigi_hmm
NC_013456.1,2249511,2255107,5596,sigi_hmm
NC_013456.1,2984491,2994696,10205,sigi_hmm
NC_013456.1,2031353,2037358,6005,sigi_hmm
NC_013456.1,1846421,1866814,20393,sigi_hmm
NC_013456.1,1827588,1843329,15741,sigi_hmm
NC_013456.1,1805375,1821178,15803,sigi_hmm
NC_013158.1,773341,777984,4643,sigi_hmm
NC_013158.1,1037364,1043197,5833,sigi_hmm
NC_013158.1,1091137,1100465,9328,sigi_hmm
NC_013158.1,1703027,1712318,9291,sigi_hmm
NC_013158.1,1726987,1733872,6885,sigi_hmm
NC_013158.1,1889316,1893972,4656,sigi_hmm
NC_013158.1,1927919,1936921,9002,sigi_hmm
NC_013158.1,2071299,2081421,10122,sigi_hmm
NC_013158.1,2192235,2199671,7436,sigi_hmm
NC_013158.1,2310071,2314624,4553,sigi_hmm
NC_012984.1,1082444,1086789,4345,sigi_hmm
NC_013743.1,384321,389438,5117,sigi_hmm
NC_013743.1,1289509,1295141,5632,sigi_hmm
NC_013743.1,1304676,1311385,6709,sigi_hmm
NC_013799.1,12264,20207,7943,sigi_hmm
NC_013799.1,936034,944108,8074,sigi_hmm
NC_013166.1,49084,73015,23931,sigi_hmm
NC_013166.1,85220,90238,5018,sigi_hmm
NC_013166.1,625308,635506,10198,sigi_hmm
NC_013166.1,970524,975006,4482,sigi_hmm
NC_013166.1,1228516,1232963,4447,sigi_hmm
NC_013166.1,1346867,1351811,4944,sigi_hmm
NC_013166.1,1842297,1847272,4975,sigi_hmm
NC_013721.1,552238,559451,7213,sigi_hmm
NC_013721.1,835265,839518,4253,sigi_hmm
NC_013721.1,1099419,1109814,10395,sigi_hmm
NC_013411.1,297925,307722,9797,sigi_hmm
NC_013411.1,527956,537048,9092,sigi_hmm
NC_013411.1,619366,632483,13117,sigi_hmm
NC_013411.1,744404,749151,4747,sigi_hmm
NC_013411.1,1176999,1185403,8404,sigi_hmm
NC_013411.1,1462888,1470292,7404,sigi_hmm
NC_013411.1,1593982,1600817,6835,sigi_hmm
NC_013411.1,1700527,1705080,4553,sigi_hmm
NC_013411.1,1947877,1953508,5631,sigi_hmm
NC_013411.1,2241733,2251466,9733,sigi_hmm
NC_013411.1,2775048,2785687,10639,sigi_hmm
NC_013411.1,2794260,2801592,7332,sigi_hmm
NC_013411.1,2981696,2989859,8163,sigi_hmm
NC_013411.1,3262524,3269035,6511,sigi_hmm
NC_013422.1,245635,252822,7187,sigi_hmm
NC_013422.1,995660,1004944,9284,sigi_hmm
NC_013422.1,1020451,1040163,19712,sigi_hmm
NC_013422.1,1307862,1317184,9322,sigi_hmm
NC_013422.1,1530083,1536327,6244,sigi_hmm
NC_013422.1,1742181,1747567,5386,sigi_hmm
NC_012793.1,91475,106140,14665,sigi_hmm
NC_012793.1,212324,216915,4591,sigi_hmm
NC_012793.1,273365,287109,13744,sigi_hmm
NC_012793.1,390713,398515,7802,sigi_hmm
NC_012793.1,411685,418090,6405,sigi_hmm
NC_012793.1,638763,643780,5017,sigi_hmm
NC_012793.1,934176,938616,4440,sigi_hmm
NC_012793.1,1367690,1371779,4089,sigi_hmm
NC_012793.1,1489944,1494960,5016,sigi_hmm
NC_012793.1,1738207,1746935,8728,sigi_hmm
NC_012793.1,1748541,1756808,8267,sigi_hmm
NC_012793.1,1758394,1768757,10363,sigi_hmm
NC_012793.1,1785613,1790937,5324,sigi_hmm
NC_012793.1,2056274,2062467,6193,sigi_hmm
NC_012793.1,2089690,2097229,7539,sigi_hmm
NC_012793.1,2163189,2167794,4605,sigi_hmm
NC_012793.1,2240018,2244154,4136,sigi_hmm
NC_012793.1,2847258,2851886,4628,sigi_hmm
NC_012793.1,2872139,2883418,11279,sigi_hmm
NC_012793.1,3080555,3086083,5528,sigi_hmm
NC_012793.1,3154441,3159238,4797,sigi_hmm
NC_012793.1,3223861,3229365,5504,sigi_hmm
NC_012793.1,3247405,3258777,11372,sigi_hmm
NC_012793.1,3287627,3293690,6063,sigi_hmm
NC_013757.1,374999,380301,5302,sigi_hmm
NC_013757.1,436147,442021,5874,sigi_hmm
NC_013757.1,743203,749767,6564,sigi_hmm
NC_013757.1,762371,769863,7492,sigi_hmm
NC_013757.1,787134,791510,4376,sigi_hmm
NC_013757.1,809439,814754,5315,sigi_hmm
NC_013757.1,1211116,1221109,9993,sigi_hmm
NC_013757.1,1464991,1469150,4159,sigi_hmm
NC_013757.1,1551763,1560556,8793,sigi_hmm
NC_013757.1,1563448,1569228,5780,sigi_hmm
NC_013757.1,1918903,1923216,4313,sigi_hmm
NC_013757.1,2712516,2721422,8906,sigi_hmm
NC_013757.1,2726019,2732923,6904,sigi_hmm
NC_013757.1,3108128,3116080,7952,sigi_hmm
NC_013757.1,3621902,3630252,8350,sigi_hmm
NC_013757.1,3662179,3671656,9477,sigi_hmm
NC_013757.1,3764519,3768992,4473,sigi_hmm
NC_013757.1,3918472,3923199,4727,sigi_hmm
NC_012982.1,743128,756506,13378,sigi_hmm
NC_012918.1,933963,957742,23779,sigi_hmm
NC_012918.1,959282,965377,6095,sigi_hmm
NC_012918.1,969228,978152,8924,sigi_hmm
NC_012918.1,987012,992806,5794,sigi_hmm
NC_012918.1,1196599,1200798,4199,sigi_hmm
NC_012918.1,1450559,1455325,4766,sigi_hmm
NC_012918.1,1459307,1467858,8551,sigi_hmm
NC_012918.1,1670068,1678071,8003,sigi_hmm
NC_012918.1,1930471,1936498,6027,sigi_hmm
NC_012918.1,2283881,2288059,4178,sigi_hmm
NC_012918.1,2576767,2581277,4510,sigi_hmm
NC_012918.1,2766438,2771086,4648,sigi_hmm
NC_012918.1,2774029,2782164,8135,sigi_hmm
NC_012918.1,3015686,3023168,7482,sigi_hmm
NC_012918.1,3024223,3031843,7620,sigi_hmm
NC_012918.1,3213000,3219189,6189,sigi_hmm
NC_014206.1,263649,270362,6713,sigi_hmm
NC_014206.1,272694,277104,4410,sigi_hmm
NC_014206.1,350505,369373,18868,sigi_hmm
NC_014206.1,369864,374733,4869,sigi_hmm
NC_014206.1,396914,402058,5144,sigi_hmm
NC_014206.1,549891,554999,5108,sigi_hmm
NC_014206.1,595762,608576,12814,sigi_hmm
NC_014206.1,779103,784901,5798,sigi_hmm
NC_014206.1,1210048,1217407,7359,sigi_hmm
NC_014206.1,1396489,1405547,9058,sigi_hmm
NC_014206.1,1470813,1478893,8080,sigi_hmm
NC_014206.1,1630051,1638659,8608,sigi_hmm
NC_014206.1,1753795,1762842,9047,sigi_hmm
NC_014206.1,2258062,2263362,5300,sigi_hmm
NC_014206.1,2523010,2529444,6434,sigi_hmm
NC_014206.1,2538917,2549260,10343,sigi_hmm
NC_014206.1,2803361,2809403,6042,sigi_hmm
NC_014206.1,2949381,2955195,5814,sigi_hmm
NC_014206.1,2979094,2986534,7440,sigi_hmm
NC_014206.1,3097611,3102601,4990,sigi_hmm
NC_014206.1,3246398,3252435,6037,sigi_hmm
NC_014206.1,3400042,3405158,5116,sigi_hmm
NC_014206.1,3461331,3466585,5254,sigi_hmm
NC_014206.1,3475811,3483472,7661,sigi_hmm
NC_013410.1,78486,83409,4923,sigi_hmm
NC_013410.1,89811,102276,12465,sigi_hmm
NC_013410.1,1157598,1165620,8022,sigi_hmm
NC_013410.1,1178194,1184461,6267,sigi_hmm
NC_013410.1,1187694,1198889,11195,sigi_hmm
NC_013410.1,1292291,1302150,9859,sigi_hmm
NC_013410.1,1315633,1320120,4487,sigi_hmm
NC_013410.1,1600527,1605765,5238,sigi_hmm
NC_013410.1,1656440,1663851,7411,sigi_hmm
NC_013410.1,1897802,1908467,10665,sigi_hmm
NC_013410.1,1960269,1964630,4361,sigi_hmm
NC_013410.1,2047233,2058080,10847,sigi_hmm
NC_013410.1,2259371,2276457,17086,sigi_hmm
NC_013410.1,2528526,2542229,13703,sigi_hmm
NC_013410.1,2706161,2710334,4173,sigi_hmm
NC_013410.1,3019035,3025112,6077,sigi_hmm
NC_013410.1,3111897,3117765,5868,sigi_hmm
NC_013410.1,3198647,3202771,4124,sigi_hmm
NC_013410.1,3225710,3236472,10762,sigi_hmm
NC_013410.1,3288570,3295622,7052,sigi_hmm
NC_013410.1,3298658,3303869,5211,sigi_hmm
NC_013410.1,3309846,3322404,12558,sigi_hmm
NC_013410.1,3325401,3329684,4283,sigi_hmm
NC_013410.1,3333482,3340785,7303,sigi_hmm
NC_013410.1,3365194,3370310,5116,sigi_hmm
NC_013174.1,31937,39696,7759,sigi_hmm
NC_013174.1,81065,86025,4960,sigi_hmm
NC_013174.1,240110,246303,6193,sigi_hmm
NC_013174.1,829789,834760,4971,sigi_hmm
NC_013174.1,1576133,1580821,4688,sigi_hmm
NC_013174.1,2171565,2176643,5078,sigi_hmm
NC_013174.1,2338834,2342929,4095,sigi_hmm
NC_013174.1,2348387,2356183,7796,sigi_hmm
NC_013174.1,2474430,2479230,4800,sigi_hmm
NC_012778.1,1564392,1569667,5275,sigi_hmm
NC_012778.1,1722520,1727681,5161,sigi_hmm
NC_012778.1,1840159,1844305,4146,sigi_hmm
NC_013849.1,341797,347684,5887,sigi_hmm
NC_013849.1,361055,368832,7777,sigi_hmm
NC_013849.1,372259,376671,4412,sigi_hmm
NC_013849.1,378692,383288,4596,sigi_hmm
NC_013849.1,386596,395302,8706,sigi_hmm
NC_013849.1,397523,418448,20925,sigi_hmm
NC_013849.1,419288,432803,13515,sigi_hmm
NC_013849.1,436078,447372,11294,sigi_hmm
NC_013849.1,448518,457325,8807,sigi_hmm
NC_013849.1,468173,472192,4019,sigi_hmm
NC_013849.1,478691,484984,6293,sigi_hmm
NC_013849.1,485458,510164,24706,sigi_hmm
NC_013967.1,231140,237194,6054,sigi_hmm
NC_013967.1,241698,251479,9781,sigi_hmm
NC_013967.1,836669,840762,4093,sigi_hmm
NC_013967.1,1296636,1302455,5819,sigi_hmm
NC_013967.1,1381022,1395617,14595,sigi_hmm
NC_013967.1,1596084,1619302,23218,sigi_hmm
NC_013967.1,1694560,1705852,11292,sigi_hmm
NC_013967.1,1881529,1905920,24391,sigi_hmm
NC_013967.1,1907226,1916003,8777,sigi_hmm
NC_013967.1,1926766,1936142,9376,sigi_hmm
NC_013967.1,1941436,1947240,5804,sigi_hmm
NC_013967.1,1973308,1986100,12792,sigi_hmm
NC_013967.1,2110297,2162873,52576,sigi_hmm
NC_013967.1,2647092,2657452,10360,sigi_hmm
NC_013967.1,2662444,2678071,15627,sigi_hmm
NC_012781.1,193232,198921,5689,sigi_hmm
NC_012781.1,259637,265498,5861,sigi_hmm
NC_012781.1,541527,550230,8703,sigi_hmm
NC_012781.1,683091,690081,6990,sigi_hmm
NC_012781.1,690458,695178,4720,sigi_hmm
NC_012781.1,696710,701169,4459,sigi_hmm
NC_012781.1,730983,739342,8359,sigi_hmm
NC_012781.1,1151225,1158015,6790,sigi_hmm
NC_012781.1,1218513,1223616,5103,sigi_hmm
NC_012781.1,1900158,1904837,4679,sigi_hmm
NC_012781.1,2528514,2537479,8965,sigi_hmm
NC_012781.1,2546422,2552705,6283,sigi_hmm
NC_012781.1,2555841,2595200,39359,sigi_hmm
NC_012781.1,2597590,2604766,7176,sigi_hmm
NC_012781.1,2921171,2925627,4456,sigi_hmm
NC_012781.1,3139487,3146147,6660,sigi_hmm
NC_012781.1,3188815,3194539,5724,sigi_hmm
NC_012781.1,3309883,3314708,4825,sigi_hmm
NC_012781.1,3318319,3323553,5234,sigi_hmm
NC_012781.1,3353118,3362925,9807,sigi_hmm
NC_012781.1,3379613,3386173,6560,sigi_hmm
NC_006570.2,1074364,1078632,4268,sigi_hmm
NC_009664.2,5719,9911,4192,sigi_hmm
NC_009664.2,17721,26035,8314,sigi_hmm
NC_009664.2,504433,508617,4184,sigi_hmm
NC_009664.2,1201840,1213830,11990,sigi_hmm
NC_009664.2,1441818,1446455,4637,sigi_hmm
NC_009664.2,2454369,2491640,37271,sigi_hmm
NC_009664.2,3245210,3262069,16859,sigi_hmm
NC_009664.2,3265856,3271499,5643,sigi_hmm
NC_009664.2,3979848,3988536,8688,sigi_hmm
NC_009664.2,4155987,4160361,4374,sigi_hmm
NC_009664.2,4225325,4236533,11208,sigi_hmm
NC_009664.2,4323542,4329172,5630,sigi_hmm
NC_009664.2,4340460,4344887,4427,sigi_hmm
NC_009664.2,4357302,4380191,22889,sigi_hmm
NC_009664.2,4383018,4396856,13838,sigi_hmm
NC_009664.2,4401683,4408254,6571,sigi_hmm
NC_009664.2,4411263,4415623,4360,sigi_hmm
NC_009664.2,4424873,4438684,13811,sigi_hmm
NC_009664.2,4441198,4452351,11153,sigi_hmm
NC_009664.2,4458761,4469522,10761,sigi_hmm
NC_009664.2,4472173,4482022,9849,sigi_hmm
NC_009664.2,4484876,4508545,23669,sigi_hmm
NC_009664.2,4512640,4518357,5717,sigi_hmm
NC_009664.2,4522632,4529174,6542,sigi_hmm
NC_009664.2,4534904,4538997,4093,sigi_hmm
NC_009664.2,4540907,4547127,6220,sigi_hmm
NC_009664.2,4552420,4563549,11129,sigi_hmm
NC_009664.2,4569886,4578010,8124,sigi_hmm
NC_009664.2,4582286,4628195,45909,sigi_hmm
NC_009664.2,4630078,4646166,16088,sigi_hmm
NC_009664.2,4652406,4666370,13964,sigi_hmm
NC_009664.2,4675218,4686013,10795,sigi_hmm
NC_009664.2,4688546,4693232,4686,sigi_hmm
NC_009664.2,4702547,4723755,21208,sigi_hmm
NC_009664.2,4724330,4749650,25320,sigi_hmm
NC_013941.1,18308,24732,6424,sigi_hmm
NC_013941.1,237537,243971,6434,sigi_hmm
NC_013941.1,271514,279841,8327,sigi_hmm
NC_013941.1,302634,307452,4818,sigi_hmm
NC_013941.1,308722,318209,9487,sigi_hmm
NC_013941.1,344689,356938,12249,sigi_hmm
NC_013941.1,362998,367217,4219,sigi_hmm
NC_013941.1,384127,391279,7152,sigi_hmm
NC_013941.1,396828,401238,4410,sigi_hmm
NC_013941.1,405645,412782,7137,sigi_hmm
NC_013941.1,694778,700047,5269,sigi_hmm
NC_013941.1,707289,713685,6396,sigi_hmm
NC_013941.1,740261,746283,6022,sigi_hmm
NC_013941.1,846356,851002,4646,sigi_hmm
NC_013941.1,980789,984953,4164,sigi_hmm
NC_013941.1,986224,1000838,14614,sigi_hmm
NC_013941.1,1021167,1026322,5155,sigi_hmm
NC_013941.1,1224337,1231135,6798,sigi_hmm
NC_013941.1,1317502,1328623,11121,sigi_hmm
NC_013941.1,1463953,1471706,7753,sigi_hmm
NC_013941.1,1578747,1583890,5143,sigi_hmm
NC_013941.1,1620893,1629160,8267,sigi_hmm
NC_013941.1,1905175,1909502,4327,sigi_hmm
NC_013941.1,1912363,1919412,7049,sigi_hmm
NC_013941.1,2402971,2407114,4143,sigi_hmm
NC_013941.1,2435701,2440211,4510,sigi_hmm
NC_013941.1,2473804,2482894,9090,sigi_hmm
NC_013941.1,2501040,2506112,5072,sigi_hmm
NC_013941.1,2509397,2513761,4364,sigi_hmm
NC_013941.1,2557389,2562099,4710,sigi_hmm
NC_013941.1,2563471,2567623,4152,sigi_hmm
NC_013941.1,2649699,2659044,9345,sigi_hmm
NC_013941.1,2934174,2945274,11100,sigi_hmm
NC_013941.1,2949841,2964495,14654,sigi_hmm
NC_013941.1,3295403,3300313,4910,sigi_hmm
NC_013941.1,3302651,3308528,5877,sigi_hmm
NC_013941.1,3312173,3348579,36406,sigi_hmm
NC_013941.1,3547953,3559408,11455,sigi_hmm
NC_013941.1,3676146,3700786,24640,sigi_hmm
NC_013941.1,3895511,3899574,4063,sigi_hmm
NC_013941.1,4433745,4438919,5174,sigi_hmm
NC_013941.1,4476081,4512021,35940,sigi_hmm
NC_013941.1,4573782,4581102,7320,sigi_hmm
NC_013941.1,4585943,4592102,6159,sigi_hmm
NC_013941.1,5176330,5181248,4918,sigi_hmm
NC_013941.1,5197910,5205508,7598,sigi_hmm
NC_013941.1,5229787,5235806,6019,sigi_hmm
NC_013941.1,5273162,5277879,4717,sigi_hmm
NC_013941.1,5322213,5329303,7090,sigi_hmm
NC_013364.1,152525,157726,5201,sigi_hmm
NC_013364.1,235687,241802,6115,sigi_hmm
NC_013364.1,342160,356263,14103,sigi_hmm
NC_013364.1,856458,862734,6276,sigi_hmm
NC_013364.1,881774,887150,5376,sigi_hmm
NC_013364.1,937037,944003,6966,sigi_hmm
NC_013364.1,1126163,1132753,6590,sigi_hmm
NC_013364.1,1182761,1202763,20002,sigi_hmm
NC_013364.1,1263090,1274980,11890,sigi_hmm
NC_013364.1,1288615,1293973,5358,sigi_hmm
NC_013364.1,1313881,1322078,8197,sigi_hmm
NC_013364.1,1325325,1331578,6253,sigi_hmm
NC_013364.1,1483700,1493197,9497,sigi_hmm
NC_013364.1,1506525,1514651,8126,sigi_hmm
NC_013364.1,1913440,1917766,4326,sigi_hmm
NC_013364.1,1920627,1927621,6994,sigi_hmm
NC_013364.1,1990118,1995259,5141,sigi_hmm
NC_013364.1,2003655,2012220,8565,sigi_hmm
NC_013364.1,2361656,2379809,18153,sigi_hmm
NC_013364.1,2433991,2441678,7687,sigi_hmm
NC_013364.1,2533334,2537780,4446,sigi_hmm
NC_013364.1,2593590,2601199,7609,sigi_hmm
NC_013364.1,2618953,2629174,10221,sigi_hmm
NC_013364.1,2639790,2649059,9269,sigi_hmm
NC_013364.1,2650485,2660872,10387,sigi_hmm
NC_013364.1,2680979,2693205,12226,sigi_hmm
NC_013364.1,2754942,2760776,5834,sigi_hmm
NC_013364.1,2904160,2917806,13646,sigi_hmm
NC_013364.1,3050431,3065082,14651,sigi_hmm
NC_013364.1,3332343,3337439,5096,sigi_hmm
NC_013364.1,3347007,3351091,4084,sigi_hmm
NC_013364.1,3515544,3520758,5214,sigi_hmm
NC_013364.1,3560805,3578987,18182,sigi_hmm
NC_013364.1,3710033,3753244,43211,sigi_hmm
NC_013364.1,3847990,3853465,5475,sigi_hmm
NC_013364.1,4466354,4472516,6162,sigi_hmm
NC_013364.1,4680853,4684896,4043,sigi_hmm
NC_013364.1,4995913,5000205,4292,sigi_hmm
NC_013364.1,5087662,5106793,19131,sigi_hmm
NC_013364.1,5171108,5177540,6432,sigi_hmm
NC_013364.1,5245924,5250712,4788,sigi_hmm
NC_013364.1,5264571,5272781,8210,sigi_hmm
NC_013008.1,237560,243996,6436,sigi_hmm
NC_013008.1,271408,276349,4941,sigi_hmm
NC_013008.1,305309,314130,8821,sigi_hmm
NC_013008.1,327216,331437,4221,sigi_hmm
NC_013008.1,353765,357948,4183,sigi_hmm
NC_013008.1,363497,367907,4410,sigi_hmm
NC_013008.1,372433,378413,5980,sigi_hmm
NC_013008.1,896150,908624,12474,sigi_hmm
NC_013008.1,929094,934250,5156,sigi_hmm
NC_013008.1,1273354,1286503,13149,sigi_hmm
NC_013008.1,1313189,1319831,6642,sigi_hmm
NC_013008.1,1327732,1333979,6247,sigi_hmm
NC_013008.1,1339510,1345476,5966,sigi_hmm
NC_013008.1,1364271,1372966,8695,sigi_hmm
NC_013008.1,1383608,1387651,4043,sigi_hmm
NC_013008.1,1516573,1530725,14152,sigi_hmm
NC_013008.1,1535798,1539941,4143,sigi_hmm
NC_013008.1,1558166,1567587,9421,sigi_hmm
NC_013008.1,1682939,1687146,4207,sigi_hmm
NC_013008.1,1720811,1726805,5994,sigi_hmm
NC_013008.1,2014454,2018510,4056,sigi_hmm
NC_013008.1,2021642,2029999,8357,sigi_hmm
NC_013008.1,2498403,2504670,6267,sigi_hmm
NC_013008.1,2572505,2577550,5045,sigi_hmm
NC_013008.1,2632937,2638313,5376,sigi_hmm
NC_013008.1,2695183,2711045,15862,sigi_hmm
NC_013008.1,2713817,2718900,5083,sigi_hmm
NC_013008.1,2740650,2751090,10440,sigi_hmm
NC_013008.1,2858481,2864319,5838,sigi_hmm
NC_013008.1,2920186,2926113,5927,sigi_hmm
NC_013008.1,2934946,2939981,5035,sigi_hmm
NC_013008.1,3225878,3234301,8423,sigi_hmm
NC_013008.1,3236402,3242194,5792,sigi_hmm
NC_013008.1,3244016,3263195,19179,sigi_hmm
NC_013008.1,3267762,3282412,14650,sigi_hmm
NC_013008.1,3545498,3550302,4804,sigi_hmm
NC_013008.1,3550716,3558858,8142,sigi_hmm
NC_013008.1,3769060,3794531,25471,sigi_hmm
NC_013008.1,3911356,3919113,7757,sigi_hmm
NC_013008.1,3920166,3924449,4283,sigi_hmm
NC_013008.1,4602946,4608119,5173,sigi_hmm
NC_013008.1,4647977,4682707,34730,sigi_hmm
NC_013008.1,5359181,5363955,4774,sigi_hmm
NC_013008.1,5378382,5385007,6625,sigi_hmm
NC_013008.1,5389354,5396952,7598,sigi_hmm
NC_013008.1,5420690,5427250,6560,sigi_hmm
NC_013008.1,5464576,5469292,4716,sigi_hmm
NC_013361.1,153723,158924,5201,sigi_hmm
NC_013361.1,238157,244319,6162,sigi_hmm
NC_013361.1,321510,328435,6925,sigi_hmm
NC_013361.1,329567,333720,4153,sigi_hmm
NC_013361.1,355355,359765,4410,sigi_hmm
NC_013361.1,609620,614581,4961,sigi_hmm
NC_013361.1,657331,661796,4465,sigi_hmm
NC_013361.1,890274,902488,12214,sigi_hmm
NC_013361.1,904540,910229,5689,sigi_hmm
NC_013361.1,1175027,1179480,4453,sigi_hmm
NC_013361.1,1224419,1229122,4703,sigi_hmm
NC_013361.1,1230770,1235297,4527,sigi_hmm
NC_013361.1,1289859,1301760,11901,sigi_hmm
NC_013361.1,1304443,1310945,6502,sigi_hmm
NC_013361.1,1317175,1322382,5207,sigi_hmm
NC_013361.1,1342290,1349526,7236,sigi_hmm
NC_013361.1,1353740,1359992,6252,sigi_hmm
NC_013361.1,1558175,1581088,22913,sigi_hmm
NC_013361.1,1609159,1614376,5217,sigi_hmm
NC_013361.1,1638712,1646838,8126,sigi_hmm
NC_013361.1,1744267,1748770,4503,sigi_hmm
NC_013361.1,1758783,1775373,16590,sigi_hmm
NC_013361.1,2057849,2062175,4326,sigi_hmm
NC_013361.1,2065032,2071392,6360,sigi_hmm
NC_013361.1,2144513,2148601,4088,sigi_hmm
NC_013361.1,2149128,2161845,12717,sigi_hmm
NC_013361.1,2406124,2410970,4846,sigi_hmm
NC_013361.1,2531707,2535754,4047,sigi_hmm
NC_013361.1,2598187,2616127,17940,sigi_hmm
NC_013361.1,2668409,2673393,4984,sigi_hmm
NC_013361.1,2791571,2799181,7610,sigi_hmm
NC_013361.1,2855202,2866716,11514,sigi_hmm
NC_013361.1,2939054,2944889,5835,sigi_hmm
NC_013361.1,3113612,3127507,13895,sigi_hmm
NC_013361.1,3264365,3274472,10107,sigi_hmm
NC_013361.1,3284002,3311057,27055,sigi_hmm
NC_013361.1,3318961,3324059,5098,sigi_hmm
NC_013361.1,3329717,3334233,4516,sigi_hmm
NC_013361.1,3338800,3353451,14651,sigi_hmm
NC_013361.1,3606081,3614646,8565,sigi_hmm
NC_013361.1,3658098,3662809,4711,sigi_hmm
NC_013361.1,3830805,3836033,5228,sigi_hmm
NC_013361.1,3876073,3894238,18165,sigi_hmm
NC_013361.1,4109209,4114650,5441,sigi_hmm
NC_013361.1,4998464,5004626,6162,sigi_hmm
NC_013361.1,5034979,5040315,5336,sigi_hmm
NC_013361.1,5326694,5387353,60659,sigi_hmm
NC_013361.1,5505074,5509623,4549,sigi_hmm
NC_013361.1,5524210,5528280,4070,sigi_hmm
NC_013361.1,5538590,5544238,5648,sigi_hmm
NC_013361.1,5583742,5591149,7407,sigi_hmm
NC_013361.1,5619138,5623870,4732,sigi_hmm
NC_012947.1,49966,68779,18813,sigi_hmm
NC_012947.1,100940,107864,6924,sigi_hmm
NC_012947.1,139961,144299,4338,sigi_hmm
NC_012947.1,714866,720351,5485,sigi_hmm
NC_012947.1,1111859,1117380,5521,sigi_hmm
NC_012947.1,1371830,1381378,9548,sigi_hmm
NC_012947.1,1462739,1467014,4275,sigi_hmm
NC_012947.1,1727715,1741176,13461,sigi_hmm
NC_012947.1,1770193,1777803,7610,sigi_hmm
NC_012947.1,1789764,1796854,7090,sigi_hmm
NC_012947.1,2185986,2200015,14029,sigi_hmm
NC_012947.1,2231649,2240082,8433,sigi_hmm
NC_012947.1,2242943,2247269,4326,sigi_hmm
NC_012947.1,2293424,2302268,8844,sigi_hmm
NC_012947.1,2349973,2355432,5459,sigi_hmm
NC_012947.1,2372599,2377223,4624,sigi_hmm
NC_012947.1,2379404,2385214,5810,sigi_hmm
NC_012947.1,2575025,2582542,7517,sigi_hmm
NC_012947.1,2682961,2690263,7302,sigi_hmm
NC_012947.1,3013175,3018526,5351,sigi_hmm
NC_012947.1,3084860,3091086,6226,sigi_hmm
NC_012947.1,3211696,3216063,4367,sigi_hmm
NC_012947.1,3233798,3250949,17151,sigi_hmm
NC_012947.1,3491347,3496472,5125,sigi_hmm
NC_012947.1,3538432,3545430,6998,sigi_hmm
NC_012947.1,3624676,3631204,6528,sigi_hmm
NC_012947.1,3759679,3764064,4385,sigi_hmm
NC_012947.1,3854670,3863374,8704,sigi_hmm
NC_012947.1,3888165,3900731,12566,sigi_hmm
NC_012947.1,3923504,3928158,4654,sigi_hmm
NC_012947.1,3953742,3958017,4275,sigi_hmm
NC_013971.1,84424,95537,11113,sigi_hmm
NC_013971.1,471002,476195,5193,sigi_hmm
NC_013971.1,673711,682077,8366,sigi_hmm
NC_013971.1,822873,830179,7306,sigi_hmm
NC_013971.1,1291766,1302124,10358,sigi_hmm
NC_013971.1,1666902,1699656,32754,sigi_hmm
NC_013971.1,2265633,2270395,4762,sigi_hmm
NC_013971.1,2304220,2315415,11195,sigi_hmm
NC_013971.1,2517873,2522051,4178,sigi_hmm
NC_013971.1,2883441,2891818,8377,sigi_hmm
NC_013971.1,2895191,2901054,5863,sigi_hmm
NC_013971.1,2902350,2913313,10963,sigi_hmm
NC_013971.1,3301959,3307163,5204,sigi_hmm
NC_013971.1,3311210,3315946,4736,sigi_hmm
NC_013062.1,335166,339419,4253,sigi_hmm
NC_013062.1,1068559,1072779,4220,sigi_hmm
NC_013062.1,1080644,1084910,4266,sigi_hmm
NC_013062.1,1152373,1156547,4174,sigi_hmm
NC_013204.1,77497,89113,11616,sigi_hmm
NC_013204.1,423519,427880,4361,sigi_hmm
NC_013204.1,654136,660695,6559,sigi_hmm
NC_013204.1,748543,755622,7079,sigi_hmm
NC_013204.1,808457,814502,6045,sigi_hmm
NC_013204.1,936623,946930,10307,sigi_hmm
NC_013204.1,959757,977970,18213,sigi_hmm
NC_013204.1,1237311,1241471,4160,sigi_hmm
NC_013204.1,1706506,1714505,7999,sigi_hmm
NC_013204.1,1767082,1772300,5218,sigi_hmm
NC_013204.1,1779549,1784250,4701,sigi_hmm
NC_013204.1,1806396,1811014,4618,sigi_hmm
NC_013204.1,2064058,2068412,4354,sigi_hmm
NC_013204.1,2075202,2081543,6341,sigi_hmm
NC_013204.1,2240934,2253081,12147,sigi_hmm
NC_013204.1,2380434,2386483,6049,sigi_hmm
NC_013204.1,2403847,2415729,11882,sigi_hmm
NC_013204.1,2632909,2637612,4703,sigi_hmm
NC_013204.1,2677110,2683356,6246,sigi_hmm
NC_013204.1,2833719,2840255,6536,sigi_hmm
NC_013204.1,2842524,2864524,22000,sigi_hmm
NC_013204.1,2962249,2968379,6130,sigi_hmm
NC_013204.1,3198453,3203645,5192,sigi_hmm
NC_013204.1,3424705,3428726,4021,sigi_hmm
NC_013204.1,3430209,3435036,4827,sigi_hmm
NC_013204.1,3618247,3629051,10804,sigi_hmm
NC_012779.1,269592,274665,5073,sigi_hmm
NC_012779.1,315131,321489,6358,sigi_hmm
NC_012779.1,353104,365325,12221,sigi_hmm
NC_012779.1,367623,375072,7449,sigi_hmm
NC_012779.1,1293591,1301210,7619,sigi_hmm
NC_012779.1,1305444,1311862,6418,sigi_hmm
NC_012779.1,1455981,1461050,5069,sigi_hmm
NC_012779.1,1479473,1488809,9336,sigi_hmm
NC_012779.1,1497809,1502019,4210,sigi_hmm
NC_012779.1,1503795,1513622,9827,sigi_hmm
NC_012779.1,1825085,1830238,5153,sigi_hmm
NC_012779.1,1958136,1966097,7961,sigi_hmm
NC_012779.1,1977255,1985992,8737,sigi_hmm
NC_012779.1,2130343,2135305,4962,sigi_hmm
NC_012779.1,2199929,2206561,6632,sigi_hmm
NC_012779.1,2208432,2212547,4115,sigi_hmm
NC_012779.1,2287757,2296062,8305,sigi_hmm
NC_012779.1,2446345,2452883,6538,sigi_hmm
NC_012779.1,2593228,2600120,6892,sigi_hmm
NC_012779.1,2869248,2876544,7296,sigi_hmm
NC_012779.1,2963375,2969832,6457,sigi_hmm
NC_012779.1,3215973,3221410,5437,sigi_hmm
NC_012779.1,3578610,3584773,6163,sigi_hmm
NC_014121.1,404367,413416,9049,sigi_hmm
NC_014121.1,466201,473587,7386,sigi_hmm
NC_014121.1,495680,503583,7903,sigi_hmm
NC_014121.1,683567,688843,5276,sigi_hmm
NC_014121.1,1108041,1113612,5571,sigi_hmm
NC_014121.1,1116706,1122721,6015,sigi_hmm
NC_014121.1,1343890,1350422,6532,sigi_hmm
NC_014121.1,1357339,1362233,4894,sigi_hmm
NC_014121.1,1364756,1370564,5808,sigi_hmm
NC_014121.1,1577823,1581910,4087,sigi_hmm
NC_014121.1,1595931,1609050,13119,sigi_hmm
NC_014121.1,1689986,1696252,6266,sigi_hmm
NC_014121.1,1704984,1709136,4152,sigi_hmm
NC_014121.1,1732247,1737245,4998,sigi_hmm
NC_014121.1,1830562,1834872,4310,sigi_hmm
NC_014121.1,2180767,2186022,5255,sigi_hmm
NC_014121.1,2335767,2349633,13866,sigi_hmm
NC_014121.1,2750900,2757068,6168,sigi_hmm
NC_014121.1,3194301,3200309,6008,sigi_hmm
NC_014121.1,3242752,3249523,6771,sigi_hmm
NC_014121.1,3253415,3260662,7247,sigi_hmm
NC_014121.1,3270009,3278289,8280,sigi_hmm
NC_014121.1,3410734,3421840,11106,sigi_hmm
NC_014121.1,3557487,3567470,9983,sigi_hmm
NC_014121.1,3633020,3646101,13081,sigi_hmm
NC_014121.1,3659367,3682485,23118,sigi_hmm
NC_014121.1,3774019,3787807,13788,sigi_hmm
NC_014121.1,3900866,3927400,26534,sigi_hmm
NC_014121.1,4051685,4063455,11770,sigi_hmm
NC_014121.1,4302048,4306776,4728,sigi_hmm
NC_014121.1,4308469,4323900,15431,sigi_hmm
NC_014121.1,4418684,4423549,4865,sigi_hmm
NC_014121.1,4583972,4593748,9776,sigi_hmm
NC_014121.1,4990276,4995037,4761,sigi_hmm
NC_014121.1,5008330,5017488,9158,sigi_hmm
NC_012912.1,152049,163667,11618,sigi_hmm
NC_012912.1,246846,257253,10407,sigi_hmm
NC_012912.1,389624,399597,9973,sigi_hmm
NC_012912.1,491443,500532,9089,sigi_hmm
NC_012912.1,507092,512450,5358,sigi_hmm
NC_012912.1,515437,547828,32391,sigi_hmm
NC_012912.1,654937,659785,4848,sigi_hmm
NC_012912.1,1045205,1077362,32157,sigi_hmm
NC_012912.1,1083163,1092731,9568,sigi_hmm
NC_012912.1,1163115,1167443,4328,sigi_hmm
NC_012912.1,1207488,1215406,7918,sigi_hmm
NC_012912.1,1235430,1240374,4944,sigi_hmm
NC_012912.1,1303911,1310118,6207,sigi_hmm
NC_012912.1,1668186,1692863,24677,sigi_hmm
NC_012912.1,1725224,1731410,6186,sigi_hmm
NC_012912.1,1739291,1748666,9375,sigi_hmm
NC_012912.1,1760006,1765376,5370,sigi_hmm
NC_012912.1,1766261,1770420,4159,sigi_hmm
NC_012912.1,1781127,1788299,7172,sigi_hmm
NC_012912.1,1797617,1812475,14858,sigi_hmm
NC_012912.1,2125975,2130455,4480,sigi_hmm
NC_012912.1,2369382,2374342,4960,sigi_hmm
NC_012912.1,2434712,2447960,13248,sigi_hmm
NC_012912.1,2556742,2562684,5942,sigi_hmm
NC_012912.1,2609479,2616554,7075,sigi_hmm
NC_012912.1,2910342,2916275,5933,sigi_hmm
NC_012912.1,2921031,2930629,9598,sigi_hmm
NC_012912.1,3757269,3762049,4780,sigi_hmm
NC_012912.1,3859432,3884415,24983,sigi_hmm
NC_012912.1,4018065,4024880,6815,sigi_hmm
NC_012912.1,4078465,4082747,4282,sigi_hmm
NC_012912.1,4151430,4155607,4177,sigi_hmm
NC_012912.1,4172528,4187758,15230,sigi_hmm
NC_012912.1,4227041,4232367,5326,sigi_hmm
NC_012912.1,4400259,4409990,9731,sigi_hmm
NC_012912.1,4434572,4444545,9973,sigi_hmm
NC_012912.1,4526663,4535543,8880,sigi_hmm
NC_012912.1,4792800,4809196,16396,sigi_hmm
NC_013592.1,720617,750975,30358,sigi_hmm
NC_013592.1,809814,822452,12638,sigi_hmm
NC_013592.1,962315,976158,13843,sigi_hmm
NC_013592.1,1061559,1071938,10379,sigi_hmm
NC_013592.1,1431436,1435906,4470,sigi_hmm
NC_013592.1,1472857,1479495,6638,sigi_hmm
NC_013592.1,1582830,1588499,5669,sigi_hmm
NC_013592.1,1608863,1631815,22952,sigi_hmm
NC_013592.1,1659927,1664853,4926,sigi_hmm
NC_013592.1,2068021,2079014,10993,sigi_hmm
NC_013592.1,2345642,2349917,4275,sigi_hmm
NC_013592.1,2713730,2718470,4740,sigi_hmm
NC_013592.1,2973922,2998519,24597,sigi_hmm
NC_013592.1,3220586,3236456,15870,sigi_hmm
NC_013592.1,3241774,3245925,4151,sigi_hmm
NC_013592.1,3270044,3277779,7735,sigi_hmm
NC_013592.1,4518792,4534336,15544,sigi_hmm
NC_013037.1,1070400,1077547,7147,sigi_hmm
NC_013037.1,1090749,1097678,6929,sigi_hmm
NC_013037.1,2881004,2887325,6321,sigi_hmm
NC_013037.1,5548335,5552794,4459,sigi_hmm
NC_013037.1,6297253,6303540,6287,sigi_hmm
NC_012880.1,466685,470949,4264,sigi_hmm
NC_012880.1,474623,481708,7085,sigi_hmm
NC_012880.1,811122,816268,5146,sigi_hmm
NC_012880.1,910076,916358,6282,sigi_hmm
NC_012880.1,1098311,1103200,4889,sigi_hmm
NC_012880.1,1593922,1599727,5805,sigi_hmm
NC_012880.1,3435298,3439491,4193,sigi_hmm
NC_012880.1,3561268,3568551,7283,sigi_hmm
NC_012881.1,331307,345540,14233,sigi_hmm
NC_012881.1,976363,980554,4191,sigi_hmm
NC_012881.1,1554488,1559053,4565,sigi_hmm
NC_012881.1,1805759,1816616,10857,sigi_hmm
NC_012881.1,1829973,1834585,4612,sigi_hmm
NC_012881.1,2319530,2324281,4751,sigi_hmm
NC_012881.1,2342645,2347161,4516,sigi_hmm
NC_012881.1,2355602,2360620,5018,sigi_hmm
NC_012881.1,2465637,2475172,9535,sigi_hmm
NC_012881.1,2708606,2714753,6147,sigi_hmm
NC_012881.1,2888531,2893073,4542,sigi_hmm
NC_012881.1,3012484,3025997,13513,sigi_hmm
NC_012881.1,3492315,3497859,5544,sigi_hmm
NC_012881.1,3524501,3530098,5597,sigi_hmm
NC_012881.1,3728273,3738025,9752,sigi_hmm
NC_012881.1,4028376,4038835,10459,sigi_hmm
NC_012881.1,4059836,4068699,8863,sigi_hmm
NC_012881.1,4103347,4109683,6336,sigi_hmm
NC_013216.1,413855,418192,4337,sigi_hmm
NC_013216.1,431603,438939,7336,sigi_hmm
NC_013216.1,651157,661865,10708,sigi_hmm
NC_013216.1,964900,968944,4044,sigi_hmm
NC_013216.1,1529917,1559228,29311,sigi_hmm
NC_013216.1,1560949,1567776,6827,sigi_hmm
NC_013216.1,1576277,1585409,9132,sigi_hmm
NC_013216.1,1864851,1871511,6660,sigi_hmm
NC_013216.1,2101385,2108114,6729,sigi_hmm
NC_013216.1,2114703,2129698,14995,sigi_hmm
NC_013216.1,2393875,2398934,5059,sigi_hmm
NC_013216.1,2762484,2767161,4677,sigi_hmm
NC_013216.1,2810727,2818910,8183,sigi_hmm
NC_013216.1,3316605,3324172,7567,sigi_hmm
NC_013216.1,3479396,3483932,4536,sigi_hmm
NC_013216.1,4124228,4129316,5088,sigi_hmm
NC_013943.1,712693,717437,4744,sigi_hmm
NC_013943.1,1120655,1127736,7081,sigi_hmm
NC_013943.1,2730664,2734899,4235,sigi_hmm
NC_013943.1,2810446,2814740,4294,sigi_hmm
NC_013943.1,2960173,2964547,4374,sigi_hmm
NC_013939.1,356395,365397,9002,sigi_hmm
NC_013170.1,327074,338885,11811,sigi_hmm
NC_013170.1,1581499,1587405,5906,sigi_hmm
NC_013850.1,117043,121831,4788,sigi_hmm
NC_013850.1,989724,995155,5431,sigi_hmm
NC_013850.1,1670873,1681289,10416,sigi_hmm
NC_013850.1,1758905,1776190,17285,sigi_hmm
NC_013850.1,1893425,1899248,5823,sigi_hmm
NC_013850.1,1924974,1930134,5160,sigi_hmm
NC_013850.1,1935655,1939732,4077,sigi_hmm
NC_013850.1,2202516,2210559,8043,sigi_hmm
NC_013850.1,2321581,2326301,4720,sigi_hmm
NC_013850.1,2638633,2644689,6056,sigi_hmm
NC_013850.1,2694259,2699389,5130,sigi_hmm
NC_013850.1,2703694,2709751,6057,sigi_hmm
NC_013850.1,2854206,2870902,16696,sigi_hmm
NC_013850.1,4839621,4847252,7631,sigi_hmm
NC_013850.1,5005040,5009320,4280,sigi_hmm
NC_013850.1,5404746,5412281,7535,sigi_hmm
NC_013890.1,57931,78066,20135,sigi_hmm
NC_013890.1,84760,90575,5815,sigi_hmm
NC_013890.1,188975,194790,5815,sigi_hmm
NC_013890.1,209277,217671,8394,sigi_hmm
NC_013890.1,1150106,1161966,11860,sigi_hmm
NC_013890.1,1164207,1168529,4322,sigi_hmm
NC_013890.1,1175466,1181212,5746,sigi_hmm
NC_013890.1,1183008,1189861,6853,sigi_hmm
NC_013552.1,74601,78705,4104,sigi_hmm
NC_013552.1,210730,258686,47956,sigi_hmm
NC_013552.1,1177783,1182295,4512,sigi_hmm
NC_013552.1,1184407,1188858,4451,sigi_hmm
NC_013552.1,1195861,1206443,10582,sigi_hmm
NC_013552.1,1245897,1251473,5576,sigi_hmm
NC_013552.1,1361634,1367232,5598,sigi_hmm
NC_014230.1,85983,93172,7189,sigi_hmm
NC_014230.1,1534957,1539148,4191,sigi_hmm
NC_014230.1,2124250,2132760,8510,sigi_hmm
NC_014230.1,2549535,2557271,7736,sigi_hmm
NC_014230.1,2560929,2568419,7490,sigi_hmm
NC_014230.1,2818133,2822700,4567,sigi_hmm
NC_014230.1,2904380,2909543,5163,sigi_hmm
NC_012214.1,15051,20996,5945,sigi_hmm
NC_012214.1,161889,166953,5064,sigi_hmm
NC_012214.1,724508,728604,4096,sigi_hmm
NC_012214.1,753473,760127,6654,sigi_hmm
NC_012214.1,903526,910190,6664,sigi_hmm
NC_012214.1,1123500,1129868,6368,sigi_hmm
NC_012214.1,1154868,1159847,4979,sigi_hmm
NC_012214.1,1217591,1225127,7536,sigi_hmm
NC_012214.1,1360263,1367480,7217,sigi_hmm
NC_012214.1,1370299,1376770,6471,sigi_hmm
NC_012214.1,1445007,1450571,5564,sigi_hmm
NC_012214.1,1508221,1513785,5564,sigi_hmm
NC_012214.1,1609237,1620422,11185,sigi_hmm
NC_012214.1,1660408,1668852,8444,sigi_hmm
NC_012214.1,1980741,1986078,5337,sigi_hmm
NC_012214.1,2024018,2030816,6798,sigi_hmm
NC_012214.1,2229361,2260803,31442,sigi_hmm
NC_012214.1,2281785,2289325,7540,sigi_hmm
NC_012214.1,2679038,2689363,10325,sigi_hmm
NC_012214.1,2811224,2822034,10810,sigi_hmm
NC_012214.1,3047854,3052064,4210,sigi_hmm
NC_012214.1,3307974,3315702,7728,sigi_hmm
NC_012214.1,3320578,3327425,6847,sigi_hmm
NC_012214.1,3506014,3515548,9534,sigi_hmm
NC_012214.1,3757199,3764686,7487,sigi_hmm
NC_013961.1,21769,27714,5945,sigi_hmm
NC_013961.1,82749,95537,12788,sigi_hmm
NC_013961.1,455342,460090,4748,sigi_hmm
NC_013961.1,646186,650353,4167,sigi_hmm
NC_013961.1,856197,868950,12753,sigi_hmm
NC_013961.1,870246,876109,5863,sigi_hmm
NC_013961.1,879482,888091,8609,sigi_hmm
NC_013961.1,1254084,1264594,10510,sigi_hmm
NC_013961.1,1629374,1662129,32755,sigi_hmm
NC_013961.1,2227531,2232868,5337,sigi_hmm
NC_013961.1,2266693,2277963,11270,sigi_hmm
NC_013961.1,2379970,2390190,10220,sigi_hmm
NC_013961.1,2480345,2484523,4178,sigi_hmm
NC_013961.1,2941203,2948509,7306,sigi_hmm
NC_013961.1,3089305,3094426,5121,sigi_hmm
NC_013961.1,3275425,3289466,14041,sigi_hmm
NC_013961.1,3295172,3300380,5208,sigi_hmm
NC_013961.1,3421008,3426637,5629,sigi_hmm
NC_013961.1,3719697,3723910,4213,sigi_hmm
NC_012759.1,149714,156200,6486,sigi_hmm
NC_012759.1,234026,238735,4709,sigi_hmm
NC_012759.1,263249,274340,11091,sigi_hmm
NC_012759.1,464319,474452,10133,sigi_hmm
NC_012759.1,475713,487616,11903,sigi_hmm
NC_012759.1,635759,640836,5077,sigi_hmm
NC_012759.1,990030,998108,8078,sigi_hmm
NC_012759.1,1099624,1107145,7521,sigi_hmm
NC_012759.1,1313483,1318809,5326,sigi_hmm
NC_012759.1,1416330,1423368,7038,sigi_hmm
NC_012759.1,1469716,1474042,4326,sigi_hmm
NC_012759.1,1476903,1482525,5622,sigi_hmm
NC_012759.1,1526839,1535716,8877,sigi_hmm
NC_012759.1,1947365,1954974,7609,sigi_hmm
NC_012759.1,1955726,1960687,4961,sigi_hmm
NC_012759.1,1992402,2003568,11166,sigi_hmm
NC_012759.1,2077465,2083301,5836,sigi_hmm
NC_012759.1,2266540,2273791,7251,sigi_hmm
NC_012759.1,2350372,2355344,4972,sigi_hmm
NC_012759.1,2364465,2374013,9548,sigi_hmm
NC_012759.1,2442685,2448199,5514,sigi_hmm
NC_012759.1,2639993,2651189,11196,sigi_hmm
NC_012759.1,2654982,2660211,5229,sigi_hmm
NC_012759.1,2762403,2771053,8650,sigi_hmm
NC_012759.1,2872706,2882770,10064,sigi_hmm
NC_012759.1,3071357,3078007,6650,sigi_hmm
NC_012759.1,3246346,3252812,6466,sigi_hmm
NC_012759.1,3683297,3694447,11150,sigi_hmm
NC_012759.1,4138158,4145186,7028,sigi_hmm
NC_012759.1,4146245,4151110,4865,sigi_hmm
NC_012759.1,4151787,4156941,5154,sigi_hmm
NC_012759.1,4409157,4414009,4852,sigi_hmm
NC_012759.1,4440816,4448215,7399,sigi_hmm
NC_012759.1,4469997,4479141,9144,sigi_hmm
NC_012759.1,4508258,4517969,9711,sigi_hmm
NC_012967.1,19658,24865,5207,sigi_hmm
NC_012967.1,152517,159045,6528,sigi_hmm
NC_012967.1,236951,243949,6998,sigi_hmm
NC_012967.1,288933,293730,4797,sigi_hmm
NC_012967.1,534456,551881,17425,sigi_hmm
NC_012967.1,554716,560984,6268,sigi_hmm
NC_012967.1,588542,592795,4253,sigi_hmm
NC_012967.1,715394,719746,4352,sigi_hmm
NC_012967.1,787952,792006,4054,sigi_hmm
NC_012967.1,794442,799275,4833,sigi_hmm
NC_012967.1,1104124,1111375,7251,sigi_hmm
NC_012967.1,1211845,1219362,7517,sigi_hmm
NC_012967.1,1421656,1425863,4207,sigi_hmm
NC_012967.1,1553584,1557910,4326,sigi_hmm
NC_012967.1,1560771,1569009,8238,sigi_hmm
NC_012967.1,1600805,1605882,5077,sigi_hmm
NC_012967.1,1609800,1620064,10264,sigi_hmm
NC_012967.1,1994857,2002467,7610,sigi_hmm
NC_012967.1,2032831,2046292,13461,sigi_hmm
NC_012967.1,2109556,2116391,6835,sigi_hmm
NC_012967.1,2139753,2143993,4240,sigi_hmm
NC_012967.1,2329226,2333504,4278,sigi_hmm
NC_012967.1,2414865,2424413,9548,sigi_hmm
NC_012967.1,2677417,2683360,5943,sigi_hmm
NC_012967.1,2771442,2775830,4388,sigi_hmm
NC_012967.1,3020551,3030058,9507,sigi_hmm
NC_012967.1,3120233,3125673,5440,sigi_hmm
NC_012967.1,3736573,3743497,6924,sigi_hmm
NC_012967.1,3775658,3794471,18813,sigi_hmm
NC_012967.1,4455676,4460366,4690,sigi_hmm
NC_012967.1,4485950,4490635,4685,sigi_hmm
NC_012967.1,4513377,4525943,12566,sigi_hmm
NC_012967.1,4550734,4559437,8703,sigi_hmm
NC_013223.1,352968,357354,4386,sigi_hmm
NC_013282.1,930561,936772,6211,sigi_hmm
NC_013282.1,1213471,1220196,6725,sigi_hmm
NC_013282.1,1220601,1225166,4565,sigi_hmm
NC_013282.1,1243188,1251806,8618,sigi_hmm
NC_013282.1,1270437,1274473,4036,sigi_hmm
NC_013282.1,2039694,2044784,5090,sigi_hmm
NC_013282.1,2059641,2066153,6512,sigi_hmm
NC_013282.1,2589518,2595885,6367,sigi_hmm
NC_013282.1,2840287,2847650,7363,sigi_hmm
NC_013282.1,3222246,3232241,9995,sigi_hmm
NC_013282.1,3403273,3408299,5026,sigi_hmm
NC_013282.1,3408764,3412960,4196,sigi_hmm
NC_013282.1,3723402,3727461,4059,sigi_hmm
NC_013406.1,323337,330608,7271,sigi_hmm
NC_013406.1,1242376,1248593,6217,sigi_hmm
NC_013406.1,2874704,2882018,7314,sigi_hmm
NC_013406.1,3661852,3667354,5502,sigi_hmm
NC_013406.1,3847379,3851553,4174,sigi_hmm
NC_013406.1,4329172,4334227,5055,sigi_hmm
NC_013406.1,7053789,7058351,4562,sigi_hmm
NC_013508.1,36217,46448,10231,sigi_hmm
NC_013508.1,48874,55195,6321,sigi_hmm
NC_013508.1,353780,360238,6458,sigi_hmm
NC_013508.1,884726,897622,12896,sigi_hmm
NC_013508.1,1296989,1304633,7644,sigi_hmm
NC_013508.1,1308959,1316346,7387,sigi_hmm
NC_013508.1,1473653,1477978,4325,sigi_hmm
NC_013508.1,1496866,1508623,11757,sigi_hmm
NC_013508.1,1703429,1710533,7104,sigi_hmm
NC_013508.1,1714207,1722344,8137,sigi_hmm
NC_013508.1,1869294,1874782,5488,sigi_hmm
NC_013508.1,2141976,2155064,13088,sigi_hmm
NC_013508.1,2364772,2374617,9845,sigi_hmm
NC_013508.1,2594426,2607303,12877,sigi_hmm
NC_013508.1,2877923,2888079,10156,sigi_hmm
NC_013508.1,3195846,3206456,10610,sigi_hmm
NC_013508.1,3210521,3218284,7763,sigi_hmm
NC_013508.1,3224326,3230003,5677,sigi_hmm
NC_013508.1,3240340,3245440,5100,sigi_hmm
NC_013508.1,3606697,3615196,8499,sigi_hmm
NC_013353.1,151064,157592,6528,sigi_hmm
NC_013353.1,234761,240924,6163,sigi_hmm
NC_013353.1,315754,320164,4410,sigi_hmm
NC_013353.1,569494,574024,4530,sigi_hmm
NC_013353.1,612436,617964,5528,sigi_hmm
NC_013353.1,841396,846520,5124,sigi_hmm
NC_013353.1,874013,880714,6701,sigi_hmm
NC_013353.1,931488,938454,6966,sigi_hmm
NC_013353.1,1083968,1090769,6801,sigi_hmm
NC_013353.1,1172940,1179335,6395,sigi_hmm
NC_013353.1,1312151,1321941,9790,sigi_hmm
NC_013353.1,1345123,1352640,7517,sigi_hmm
NC_013353.1,1722335,1726663,4328,sigi_hmm
NC_013353.1,1732326,1737172,4846,sigi_hmm
NC_013353.1,1797215,1805886,8671,sigi_hmm
NC_013353.1,1955864,1960142,4278,sigi_hmm
NC_013353.1,2140943,2145792,4849,sigi_hmm
NC_013353.1,2280526,2286997,6471,sigi_hmm
NC_013353.1,2451947,2459554,7607,sigi_hmm
NC_013353.1,2460306,2471675,11369,sigi_hmm
NC_013353.1,2511975,2523756,11781,sigi_hmm
NC_013353.1,2598017,2603852,5835,sigi_hmm
NC_013353.1,2871553,2875560,4007,sigi_hmm
NC_013353.1,2907646,2913439,5793,sigi_hmm
NC_013353.1,2914401,2927068,12667,sigi_hmm
NC_013353.1,2931635,2946286,14651,sigi_hmm
NC_013353.1,3244745,3251174,6429,sigi_hmm
NC_013353.1,3482592,3500757,18165,sigi_hmm
NC_013353.1,3633089,3653072,19983,sigi_hmm
NC_013353.1,3658212,3663792,5580,sigi_hmm
NC_013353.1,3675214,3715466,40252,sigi_hmm
NC_013353.1,3796733,3802209,5476,sigi_hmm
NC_013353.1,3858849,3865915,7066,sigi_hmm
NC_013353.1,3873591,3878537,4946,sigi_hmm
NC_013353.1,3880742,3891067,10325,sigi_hmm
NC_013353.1,4647293,4652872,5579,sigi_hmm
NC_013353.1,4675625,4681787,6162,sigi_hmm
NC_013353.1,5093621,5113951,20330,sigi_hmm
NC_013353.1,5280240,5284394,4154,sigi_hmm
NC_013353.1,5289561,5297510,7949,sigi_hmm
NC_013353.1,5364246,5369323,5077,sigi_hmm
NC_013353.1,5372887,5378342,5455,sigi_hmm
NC_013353.1,5382318,5389308,6990,sigi_hmm
NC_013316.1,384413,389333,4920,sigi_hmm
NC_013316.1,504592,515326,10734,sigi_hmm
NC_013316.1,648941,661322,12381,sigi_hmm
NC_013316.1,921004,925269,4265,sigi_hmm
NC_013316.1,976522,980995,4473,sigi_hmm
NC_013316.1,2040727,2107814,67087,sigi_hmm
NC_013316.1,4061852,4066829,4977,sigi_hmm
NC_013316.1,4099441,4125374,25933,sigi_hmm
NC_013895.1,89613,100779,11166,sigi_hmm
NC_013895.1,124324,135577,11253,sigi_hmm
NC_013895.1,141559,155262,13703,sigi_hmm
NC_013895.1,611751,619901,8150,sigi_hmm
NC_013895.1,1208879,1213563,4684,sigi_hmm
NC_013895.1,1218205,1224154,5949,sigi_hmm
NC_013895.1,1369053,1374960,5907,sigi_hmm
NC_013895.1,1725289,1729883,4594,sigi_hmm
NC_013315.1,387081,392001,4920,sigi_hmm
NC_013315.1,507260,517994,10734,sigi_hmm
NC_013315.1,633217,637628,4411,sigi_hmm
NC_013315.1,651546,663927,12381,sigi_hmm
NC_013315.1,686116,691051,4935,sigi_hmm
NC_013315.1,923388,927653,4265,sigi_hmm
NC_013315.1,978906,983379,4473,sigi_hmm
NC_013315.1,3560652,3564998,4346,sigi_hmm
NC_013315.1,3981066,3986043,4977,sigi_hmm
NC_013315.1,4018655,4044588,25933,sigi_hmm
NC_013173.1,1934574,1939297,4723,sigi_hmm
NC_013173.1,2303690,2307906,4216,sigi_hmm
NC_013716.1,364176,377740,13564,sigi_hmm
NC_013716.1,393564,398328,4764,sigi_hmm
NC_013716.1,1026426,1035319,8893,sigi_hmm
NC_013716.1,1151507,1155565,4058,sigi_hmm
NC_013716.1,1186252,1192335,6083,sigi_hmm
NC_013716.1,1306464,1315039,8575,sigi_hmm
NC_013716.1,1626770,1630843,4073,sigi_hmm
NC_013716.1,1925909,1931037,5128,sigi_hmm
NC_013716.1,2147212,2160995,13783,sigi_hmm
NC_013716.1,2171978,2179882,7904,sigi_hmm
NC_013716.1,2264070,2272630,8560,sigi_hmm
NC_013716.1,2770319,2776314,5995,sigi_hmm
NC_013716.1,2778996,2788622,9626,sigi_hmm
NC_013716.1,2904932,2910441,5509,sigi_hmm
NC_013716.1,2989180,2993369,4189,sigi_hmm
NC_013716.1,3121191,3128961,7770,sigi_hmm
NC_013716.1,3143523,3148933,5410,sigi_hmm
NC_013716.1,3151081,3180238,29157,sigi_hmm
NC_013716.1,3182165,3186363,4198,sigi_hmm
NC_013716.1,3332650,3340381,7731,sigi_hmm
NC_013716.1,3360371,3365910,5539,sigi_hmm
NC_013716.1,3521977,3530713,8736,sigi_hmm
NC_013716.1,3712707,3723567,10860,sigi_hmm
NC_013716.1,3836425,3840558,4133,sigi_hmm
NC_013716.1,3847482,3852504,5022,sigi_hmm
NC_013716.1,4313468,4326952,13484,sigi_hmm
NC_013716.1,4327652,4340114,12462,sigi_hmm
NC_013716.1,4350838,4355953,5115,sigi_hmm
NC_013716.1,4360940,4366469,5529,sigi_hmm
NC_013716.1,4372238,4382007,9769,sigi_hmm
NC_013716.1,4415749,4424011,8262,sigi_hmm
NC_013716.1,5032100,5037558,5458,sigi_hmm
NC_013716.1,5147615,5156541,8926,sigi_hmm
NC_013716.1,5207462,5212505,5043,sigi_hmm
NC_013716.1,5232885,5238236,5351,sigi_hmm
NC_013716.1,5258800,5263778,4978,sigi_hmm
NC_013716.1,5266647,5271514,4867,sigi_hmm
NC_012796.1,84614,106361,21747,sigi_hmm
NC_012796.1,106874,141213,34339,sigi_hmm
NC_012796.1,142322,153617,11295,sigi_hmm
NC_012796.1,158171,171134,12963,sigi_hmm
NC_012796.1,344029,359071,15042,sigi_hmm
NC_012796.1,998427,1003521,5094,sigi_hmm
NC_012796.1,1056132,1171064,114932,sigi_hmm
NC_012796.1,1563999,1569076,5077,sigi_hmm
NC_012796.1,1595128,1600355,5227,sigi_hmm
NC_012796.1,1605716,1627340,21624,sigi_hmm
NC_012796.1,1647766,1665425,17659,sigi_hmm
NC_012796.1,2053784,2063852,10068,sigi_hmm
NC_012796.1,2081293,2085651,4358,sigi_hmm
NC_012796.1,2088074,2095539,7465,sigi_hmm
NC_012796.1,2097719,2102976,5257,sigi_hmm
NC_012796.1,2690065,2698155,8090,sigi_hmm
NC_012796.1,2762700,2777702,15002,sigi_hmm
NC_012796.1,3039660,3047433,7773,sigi_hmm
NC_012796.1,3051684,3063570,11886,sigi_hmm
NC_012796.1,3273214,3305841,32627,sigi_hmm
NC_012796.1,3381695,3399169,17474,sigi_hmm
NC_012796.1,3406390,3424243,17853,sigi_hmm
NC_012796.1,3426989,3448489,21500,sigi_hmm
NC_012796.1,3607120,3665285,58165,sigi_hmm
NC_012796.1,3665715,3680058,14343,sigi_hmm
NC_012796.1,4083928,4107553,23625,sigi_hmm
NC_012796.1,4109075,4134431,25356,sigi_hmm
NC_012796.1,4135735,4188897,53162,sigi_hmm
NC_012796.1,4677296,4686368,9072,sigi_hmm
NC_012796.1,4697891,4707262,9371,sigi_hmm
NC_012796.1,4709487,4719467,9980,sigi_hmm
NC_012796.1,4722312,4738086,15774,sigi_hmm
NC_012796.1,4742041,4752204,10163,sigi_hmm
NC_012751.1,1020368,1025630,5262,sigi_hmm
NC_012751.1,1040397,1045474,5077,sigi_hmm
NC_012751.1,1083413,1088685,5272,sigi_hmm
NC_012751.1,1134830,1139866,5036,sigi_hmm
NC_012751.1,1243835,1248813,4978,sigi_hmm
NC_012751.1,1252118,1258489,6371,sigi_hmm
NC_012751.1,1973060,1978026,4966,sigi_hmm
NC_012751.1,2000304,2004305,4001,sigi_hmm
NC_014151.1,39670,48374,8704,sigi_hmm
NC_014151.1,378076,388705,10629,sigi_hmm
NC_014151.1,455783,468789,13006,sigi_hmm
NC_014151.1,663991,668179,4188,sigi_hmm
NC_014151.1,821588,835245,13657,sigi_hmm
NC_014151.1,864146,871351,7205,sigi_hmm
NC_014151.1,3629996,3634433,4437,sigi_hmm
NC_014151.1,3640692,3644943,4251,sigi_hmm
NC_014151.1,3680303,3687338,7035,sigi_hmm
NC_014151.1,3691002,3699717,8715,sigi_hmm
NC_014151.1,3805051,3811747,6696,sigi_hmm
NC_014151.1,4033260,4038446,5186,sigi_hmm
NC_013446.1,6951,11115,4164,sigi_hmm
NC_013446.1,1179763,1184234,4471,sigi_hmm
NC_013446.1,1635541,1639630,4089,sigi_hmm
NC_013446.1,1684363,1688460,4097,sigi_hmm
NC_013446.1,1745358,1750215,4857,sigi_hmm
NC_013446.1,2078915,2083301,4386,sigi_hmm
NC_013446.1,2153519,2158224,4705,sigi_hmm
NC_013446.1,2170211,2177260,7049,sigi_hmm
NC_013446.1,2245591,2251495,5904,sigi_hmm
NC_013446.1,2263140,2272598,9458,sigi_hmm
NC_013446.1,2764416,2774251,9835,sigi_hmm
NC_013446.1,2779828,2789850,10022,sigi_hmm
NC_013446.1,2803613,2808777,5164,sigi_hmm
NC_013446.1,2834352,2841957,7605,sigi_hmm
NC_013446.1,2844016,2853696,9680,sigi_hmm
NC_013446.1,2858404,2863611,5207,sigi_hmm
NC_013446.1,2866273,2871609,5336,sigi_hmm
NC_013446.1,2970044,2982359,12315,sigi_hmm
NC_013446.1,2996835,3001366,4531,sigi_hmm
NC_013446.1,3161047,3166139,5092,sigi_hmm
NC_013446.1,3215412,3220175,4763,sigi_hmm
NC_013446.1,4049551,4057702,8151,sigi_hmm
NC_013446.1,4191080,4198807,7727,sigi_hmm
NC_013446.1,4287872,4295996,8124,sigi_hmm
NC_013446.1,4528327,4535877,7550,sigi_hmm
NC_013446.1,4731187,4738892,7705,sigi_hmm
NC_013131.1,196190,200272,4082,sigi_hmm
NC_013131.1,3362099,3366490,4391,sigi_hmm
NC_013131.1,6339506,6348012,8506,sigi_hmm
NC_013131.1,7901223,7905629,4406,sigi_hmm
NC_013131.1,8473348,8478214,4866,sigi_hmm
NC_013131.1,10411590,10415791,4201,sigi_hmm
NC_014118.1,56979,62050,5071,sigi_hmm
NC_014118.1,1015537,1021268,5731,sigi_hmm
NC_014118.1,1023128,1034658,11530,sigi_hmm
NC_014118.1,1083492,1095273,11781,sigi_hmm
NC_014118.1,1176579,1182163,5584,sigi_hmm
NC_014118.1,1338378,1343704,5326,sigi_hmm
NC_014118.1,1595216,1599685,4469,sigi_hmm
NC_014118.1,1833449,1838664,5215,sigi_hmm
NC_014118.1,2424046,2430366,6320,sigi_hmm
NC_013162.1,60211,64987,4776,sigi_hmm
NC_013162.1,195866,203297,7431,sigi_hmm
NC_014117.1,149366,156232,6866,sigi_hmm
NC_014117.1,160063,170961,10898,sigi_hmm
NC_014117.1,1107345,1111472,4127,sigi_hmm
NC_014117.1,1426004,1433441,7437,sigi_hmm
NC_014117.1,2617040,2626817,9777,sigi_hmm
NC_014117.1,2702282,2707004,4722,sigi_hmm
NC_014117.1,3382639,3389593,6954,sigi_hmm
NC_014100.1,459836,470255,10419,sigi_hmm
NC_014100.1,473818,480734,6916,sigi_hmm
NC_014100.1,534683,549432,14749,sigi_hmm
NC_014100.1,618774,623705,4931,sigi_hmm
NC_014100.1,1797701,1825492,27791,sigi_hmm
NC_014100.1,1846429,1854562,8133,sigi_hmm
NC_014100.1,1863045,1869064,6019,sigi_hmm
NC_014100.1,2660356,2672329,11973,sigi_hmm
NC_014100.1,2788334,2802591,14257,sigi_hmm
NC_014100.1,3537981,3546572,8591,sigi_hmm
NC_014100.1,4392881,4397954,5073,sigi_hmm
NC_013118.1,344965,359372,14407,sigi_hmm
NC_013119.1,267297,275620,8323,sigi_hmm
NC_013119.1,518712,533162,14450,sigi_hmm
NC_013119.1,714138,725303,11165,sigi_hmm
NC_013119.1,779832,783906,4074,sigi_hmm
NC_013119.1,946883,955429,8546,sigi_hmm
NC_013119.1,1053459,1058290,4831,sigi_hmm
NC_013119.1,1789804,1794599,4795,sigi_hmm
NC_013119.1,1938790,1949039,10249,sigi_hmm
NC_012814.1,31096,40501,9405,sigi_hmm
NC_012814.1,1100519,1104618,4099,sigi_hmm
NC_012814.1,1501959,1511445,9486,sigi_hmm
NC_012814.1,1639715,1645099,5384,sigi_hmm
NC_012814.1,1653169,1658745,5576,sigi_hmm
NC_012814.1,1690573,1695986,5413,sigi_hmm
NC_013194.1,1776603,1781927,5324,sigi_hmm
NC_013172.1,471804,478344,6540,sigi_hmm
NC_013172.1,613654,618260,4606,sigi_hmm
NC_013172.1,2565207,2569830,4623,sigi_hmm
NC_013172.1,2889707,2894140,4433,sigi_hmm
NC_013172.1,3121821,3128495,6674,sigi_hmm
NC_013741.1,383903,392249,8346,sigi_hmm
NC_013741.1,440209,444884,4675,sigi_hmm
NC_013741.1,1476490,1485084,8594,sigi_hmm
NC_014103.1,1090032,1096355,6323,sigi_hmm
NC_014103.1,1102254,1108808,6554,sigi_hmm
NC_014103.1,2459734,2469474,9740,sigi_hmm
NC_014103.1,3517834,3521856,4022,sigi_hmm
NC_014098.1,858414,867215,8801,sigi_hmm
NC_014098.1,1677762,1685646,7884,sigi_hmm
NC_014098.1,2115276,2119397,4121,sigi_hmm
NC_014098.1,3040373,3046230,5857,sigi_hmm
NC_014098.1,3144819,3151321,6502,sigi_hmm
NC_014169.1,99112,104139,5027,sigi_hmm
NC_014169.1,219505,224029,4524,sigi_hmm
NC_014169.1,231210,246353,15143,sigi_hmm
NC_014169.1,436808,442641,5833,sigi_hmm
NC_014169.1,515633,520492,4859,sigi_hmm
NC_014169.1,755380,765447,10067,sigi_hmm
NC_014169.1,893296,906856,13560,sigi_hmm
NC_014169.1,1013703,1020314,6611,sigi_hmm
NC_014169.1,1107734,1122283,14549,sigi_hmm
NC_014169.1,1173627,1178225,4598,sigi_hmm
NC_014169.1,1181402,1195361,13959,sigi_hmm
NC_014169.1,1265071,1269284,4213,sigi_hmm
NC_014169.1,1302847,1311275,8428,sigi_hmm
NC_014169.1,1333373,1347979,14606,sigi_hmm
NC_014169.1,1450682,1467127,16445,sigi_hmm
NC_014169.1,2020207,2024233,4026,sigi_hmm
NC_014169.1,2225936,2230424,4488,sigi_hmm
NC_014169.1,2245799,2250667,4868,sigi_hmm
NC_014169.1,2270489,2275946,5457,sigi_hmm
NC_014169.1,2312067,2316945,4878,sigi_hmm
NC_014169.1,2355560,2368171,12611,sigi_hmm
NC_013093.1,638324,660161,21837,sigi_hmm
NC_013093.1,1064749,1073001,8252,sigi_hmm
NC_013093.1,1223787,1228410,4623,sigi_hmm
NC_013093.1,2240627,2244681,4054,sigi_hmm
NC_013093.1,2772405,2776721,4316,sigi_hmm
NC_013093.1,4268681,4273645,4964,sigi_hmm
NC_013093.1,4338052,4342254,4202,sigi_hmm
NC_013093.1,4543461,4548399,4938,sigi_hmm
NC_013093.1,4899456,4903947,4491,sigi_hmm
NC_013093.1,5391796,5397004,5208,sigi_hmm
NC_013093.1,5424665,5429995,5330,sigi_hmm
NC_013093.1,6645354,6650357,5003,sigi_hmm
NC_013093.1,6955003,6959070,4067,sigi_hmm
NC_014218.1,539457,547244,7787,sigi_hmm
NC_014218.1,890148,894914,4766,sigi_hmm
NC_014218.1,1177382,1183800,6418,sigi_hmm
NC_014218.1,1337224,1344857,7633,sigi_hmm
NC_014218.1,1672281,1677630,5349,sigi_hmm
NC_014218.1,1678915,1683290,4375,sigi_hmm
NC_012913.1,632965,639623,6658,sigi_hmm
NC_012913.1,1060396,1066351,5955,sigi_hmm
NC_012913.1,1844572,1848850,4278,sigi_hmm
NC_012913.1,1873570,1878839,5269,sigi_hmm
NC_012913.1,2077549,2086365,8816,sigi_hmm
NC_012913.1,2170630,2175184,4554,sigi_hmm
NC_012913.1,2198744,2203346,4602,sigi_hmm
NC_013851.1,231079,236231,5152,sigi_hmm
NC_013851.1,241332,255575,14243,sigi_hmm
NC_013851.1,763708,771498,7790,sigi_hmm
NC_013851.1,865935,873127,7192,sigi_hmm
NC_013851.1,960569,967568,6999,sigi_hmm
NC_013851.1,1040082,1044233,4151,sigi_hmm
NC_013851.1,2059397,2063585,4188,sigi_hmm
NC_013851.1,2065143,2071366,6223,sigi_hmm
NC_013851.1,2218391,2227931,9540,sigi_hmm
NC_013851.1,2448078,2453844,5766,sigi_hmm
NC_013851.1,2618410,2625973,7563,sigi_hmm
NC_013851.1,2754990,2761674,6684,sigi_hmm
NC_013851.1,3149101,3154745,5644,sigi_hmm
NC_013851.1,3304785,3310598,5813,sigi_hmm
NC_013851.1,3329929,3341788,11859,sigi_hmm
NC_013851.1,3401873,3407879,6006,sigi_hmm
NC_013851.1,3483727,3489269,5542,sigi_hmm
NC_013740.1,1185969,1191271,5302,sigi_hmm
NC_013740.1,1265883,1271917,6034,sigi_hmm
NC_013740.1,1952215,1957893,5678,sigi_hmm
NC_013854.1,51957,57552,5595,sigi_hmm
NC_013854.1,61376,65712,4336,sigi_hmm
NC_013854.1,241613,247796,6183,sigi_hmm
NC_013854.1,339936,344308,4372,sigi_hmm
NC_013854.1,887937,893847,5910,sigi_hmm
NC_013854.1,921979,934994,13015,sigi_hmm
NC_013854.1,964714,973899,9185,sigi_hmm
NC_013854.1,1161957,1166815,4858,sigi_hmm
NC_013854.1,1280924,1287522,6598,sigi_hmm
NC_013854.1,1356563,1365155,8592,sigi_hmm
NC_013854.1,1581018,1594957,13939,sigi_hmm
NC_013854.1,1690026,1695077,5051,sigi_hmm
NC_013854.1,2170280,2177137,6857,sigi_hmm
NC_013854.1,2305429,2312866,7437,sigi_hmm
NC_013854.1,2342586,2355601,13015,sigi_hmm
NC_013854.1,2502382,2522479,20097,sigi_hmm
NC_013854.1,2912149,2916150,4001,sigi_hmm
NC_013854.1,3131808,3138526,6718,sigi_hmm
NC_013854.1,3158079,3165075,6996,sigi_hmm
NC_013854.1,3171900,3176330,4430,sigi_hmm
NC_013854.1,3186087,3190689,4602,sigi_hmm
NC_013854.1,3192864,3197477,4613,sigi_hmm
NC_013209.1,170703,185831,15128,sigi_hmm
NC_013209.1,855705,863576,7871,sigi_hmm
NC_013209.1,1412836,1417926,5090,sigi_hmm
NC_013209.1,2039832,2045284,5452,sigi_hmm
NC_013209.1,2207745,2213567,5822,sigi_hmm
NC_013209.1,2257315,2261696,4381,sigi_hmm
NC_013209.1,2351874,2357262,5388,sigi_hmm
NC_013209.1,2787897,2795773,7876,sigi_hmm
NC_013209.1,2827649,2832369,4720,sigi_hmm
NC_013124.1,946623,950742,4119,sigi_hmm
NC_014259.1,1113966,1120152,6186,sigi_hmm
NC_014259.1,1709707,1716355,6648,sigi_hmm
NC_014259.1,2749986,2756873,6887,sigi_hmm
NC_014259.1,4034232,4038963,4731,sigi_hmm
NC_013416.1,299853,304180,4327,sigi_hmm
NC_013416.1,882256,889219,6963,sigi_hmm
NC_013416.1,1631551,1636846,5295,sigi_hmm
NC_000964.3,203729,211731,8002,sigi_hmm
NC_000964.3,545026,552501,7475,sigi_hmm
NC_000964.3,653432,664669,11237,sigi_hmm
NC_000964.3,736436,747534,11098,sigi_hmm
NC_000964.3,1125123,1129611,4488,sigi_hmm
NC_000964.3,2063510,2071086,7576,sigi_hmm
NC_000964.3,2196389,2200783,4394,sigi_hmm
NC_000964.3,2202381,2208528,6147,sigi_hmm
NC_000964.3,2208994,2216776,7782,sigi_hmm
NC_000964.3,2256062,2260296,4234,sigi_hmm
NC_000964.3,2264903,2269463,4560,sigi_hmm
NC_000964.3,2281667,2286408,4741,sigi_hmm
NC_000964.3,3667209,3671375,4166,sigi_hmm
NC_000964.3,4019148,4023482,4334,sigi_hmm
NC_000964.3,4130578,4139537,8959,sigi_hmm
NC_013203.1,225189,231335,6146,sigi_hmm
NC_013203.1,479696,483843,4147,sigi_hmm
NC_013203.1,1159555,1163987,4432,sigi_hmm
NC_013714.1,93009,98016,5007,sigi_hmm
NC_013714.1,211299,218112,6813,sigi_hmm
NC_013714.1,683208,696652,13444,sigi_hmm
NC_013714.1,708395,715316,6921,sigi_hmm
NC_013714.1,752294,756747,4453,sigi_hmm
NC_013714.1,1035169,1041458,6289,sigi_hmm
NC_013714.1,1042144,1071429,29285,sigi_hmm
NC_013714.1,1122058,1128438,6380,sigi_hmm
NC_013714.1,1384621,1391320,6699,sigi_hmm
NC_013714.1,1470566,1475639,5073,sigi_hmm
NC_013714.1,1830349,1846461,16112,sigi_hmm
NC_013714.1,1962972,1971746,8774,sigi_hmm
NC_013714.1,2129071,2138928,9857,sigi_hmm
NC_013714.1,2211416,2215565,4149,sigi_hmm
NC_013714.1,2303092,2310303,7211,sigi_hmm
NC_013714.1,2356213,2364920,8707,sigi_hmm
NC_013714.1,2584444,2590874,6430,sigi_hmm
NC_013205.1,23592,30161,6569,sigi_hmm
NC_013205.1,310946,316695,5749,sigi_hmm
NC_013205.1,533324,538172,4848,sigi_hmm
NC_013205.1,566339,573763,7424,sigi_hmm
NC_013205.1,583506,591481,7975,sigi_hmm
NC_013205.1,754410,759580,5170,sigi_hmm
NC_013205.1,864928,870620,5692,sigi_hmm
NC_013205.1,1130843,1140254,9411,sigi_hmm
NC_013205.1,1154350,1162238,7888,sigi_hmm
NC_013205.1,1180625,1185750,5125,sigi_hmm
NC_013205.1,1251893,1258238,6345,sigi_hmm
NC_013205.1,1559139,1564699,5560,sigi_hmm
NC_013205.1,1596300,1605996,9696,sigi_hmm
NC_013205.1,1608001,1612212,4211,sigi_hmm
NC_013205.1,2337847,2343703,5856,sigi_hmm
NC_013205.1,2638405,2649715,11310,sigi_hmm
NC_014150.1,2146887,2157281,10394,sigi_hmm
NC_014150.1,2874462,2879386,4924,sigi_hmm
NC_013532.1,95500,100566,5066,sigi_hmm
NC_013171.1,396405,402969,6564,sigi_hmm
NC_013171.1,779552,787655,8103,sigi_hmm
NC_013171.1,1356115,1360204,4089,sigi_hmm
NC_013171.1,1567473,1573672,6199,sigi_hmm
NC_013385.1,97437,103039,5602,sigi_hmm
NC_012815.1,31096,45859,14763,sigi_hmm
NC_012815.1,1100454,1104553,4099,sigi_hmm
NC_012815.1,1501891,1511377,9486,sigi_hmm
NC_012815.1,1639433,1644817,5384,sigi_hmm
NC_012815.1,1652887,1658463,5576,sigi_hmm
NC_012815.1,1690290,1695703,5413,sigi_hmm
NC_014019.1,1096510,1102999,6489,sigi_hmm
NC_014019.1,1732414,1736890,4476,sigi_hmm
NC_014011.1,532171,538303,6132,sigi_hmm
NC_014011.1,970479,978149,7670,sigi_hmm
NC_014011.1,1770464,1774523,4059,sigi_hmm
NC_014011.1,1776926,1783078,6152,sigi_hmm
NC_014219.1,183382,191556,8174,sigi_hmm
NC_014219.1,224746,230680,5934,sigi_hmm
NC_014219.1,838594,848887,10293,sigi_hmm
NC_014219.1,858224,865036,6812,sigi_hmm
NC_014219.1,2896142,2901715,5573,sigi_hmm
NC_014219.1,2982626,2987013,4387,sigi_hmm
NC_014219.1,3204161,3225009,20848,sigi_hmm
NC_014219.1,3247030,3251034,4004,sigi_hmm
NC_014219.1,3267976,3275558,7582,sigi_hmm
NC_014010.1,184018,189415,5397,sigi_hmm
NC_014010.1,1055855,1070021,14166,sigi_hmm
NC_014010.1,1397394,1409235,11841,sigi_hmm
NC_014010.1,1415153,1437797,22644,sigi_hmm
NC_014010.1,1498131,1511908,13777,sigi_hmm
NC_014010.1,1674947,1681714,6767,sigi_hmm
NC_014010.1,1895784,1903739,7955,sigi_hmm
NC_014010.1,1933376,1939182,5806,sigi_hmm
NC_014010.1,2629991,2635592,5601,sigi_hmm
NC_014010.1,2695911,2700362,4451,sigi_hmm
NC_014538.1,1082197,1087213,5016,sigi_hmm
NC_014538.1,1320058,1324434,4376,sigi_hmm
NC_014538.1,1624902,1629083,4181,sigi_hmm
NC_014538.1,2403447,2408865,5418,sigi_hmm
NC_014554.1,357840,363966,6126,sigi_hmm
NC_014554.1,785567,789584,4017,sigi_hmm
NC_014554.1,1833621,1838113,4492,sigi_hmm
NC_014554.1,2175911,2180295,4384,sigi_hmm
NC_014554.1,3168521,3175398,6877,sigi_hmm
NC_014554.1,3175899,3183413,7514,sigi_hmm
NC_014506.1,151379,157352,5973,sigi_hmm
NC_014506.1,1980270,1987112,6842,sigi_hmm
NC_014471.1,107487,113669,6182,sigi_hmm
NC_014471.1,859081,865510,6429,sigi_hmm
NC_014471.1,1175501,1179516,4015,sigi_hmm
NC_014471.1,1845543,1865126,19583,sigi_hmm
NC_014377.1,217605,223282,5677,sigi_hmm
NC_014377.1,327846,331846,4000,sigi_hmm
NC_014377.1,491166,495865,4699,sigi_hmm
NC_014377.1,508605,517992,9387,sigi_hmm
NC_014377.1,675826,680672,4846,sigi_hmm
NC_014377.1,978524,990350,11826,sigi_hmm
NC_014377.1,1247790,1254784,6994,sigi_hmm
NC_014377.1,1407559,1411953,4394,sigi_hmm
NC_014377.1,1904502,1914745,10243,sigi_hmm
NC_014334.1,1962423,1972794,10371,sigi_hmm
NC_014532.1,2049054,2059159,10105,sigi_hmm
NC_014532.1,2201596,2206489,4893,sigi_hmm
NC_014532.1,3045537,3050137,4600,sigi_hmm
NC_014532.1,3558095,3562639,4544,sigi_hmm
NC_014410.1,808508,822730,14222,sigi_hmm
NC_014410.1,828482,833505,5023,sigi_hmm
NC_014410.1,872676,877987,5311,sigi_hmm
NC_014364.1,79576,83964,4388,sigi_hmm
NC_014364.1,116187,123008,6821,sigi_hmm
NC_014364.1,124082,129154,5072,sigi_hmm
NC_014364.1,403843,428539,24696,sigi_hmm
NC_014364.1,447218,453555,6337,sigi_hmm
NC_014364.1,682901,690398,7497,sigi_hmm
NC_014364.1,699818,714202,14384,sigi_hmm
NC_014364.1,727108,731187,4079,sigi_hmm
NC_014364.1,778977,783937,4960,sigi_hmm
NC_014364.1,822080,827344,5264,sigi_hmm
NC_014364.1,837833,849065,11232,sigi_hmm
NC_014364.1,853913,861166,7253,sigi_hmm
NC_014364.1,2106798,2110852,4054,sigi_hmm
NC_014364.1,2121424,2128306,6882,sigi_hmm
NC_014364.1,2135636,2141672,6036,sigi_hmm
NC_014364.1,2253076,2259642,6566,sigi_hmm
NC_014364.1,2264994,2272757,7763,sigi_hmm
NC_014364.1,2331412,2338164,6752,sigi_hmm
NC_014364.1,2351631,2359336,7705,sigi_hmm
NC_014364.1,2364751,2376359,11608,sigi_hmm
NC_014364.1,2579705,2584986,5281,sigi_hmm
NC_014364.1,2685941,2690898,4957,sigi_hmm
NC_014364.1,2730227,2737139,6912,sigi_hmm
NC_014364.1,2909093,2918309,9216,sigi_hmm
NC_014364.1,3012774,3024474,11700,sigi_hmm
NC_014364.1,3162903,3167559,4656,sigi_hmm
NC_014364.1,3321881,3326084,4203,sigi_hmm
NC_014364.1,3524122,3531401,7279,sigi_hmm
NC_014364.1,3715968,3725887,9919,sigi_hmm
NC_014364.1,4495311,4511909,16598,sigi_hmm
NC_014364.1,4513026,4521122,8096,sigi_hmm
NC_014364.1,4582533,4588451,5918,sigi_hmm
NC_014364.1,4600247,4608329,8082,sigi_hmm
NC_014364.1,4627411,4631752,4341,sigi_hmm
NC_014494.1,108382,113952,5570,sigi_hmm
NC_014494.1,151992,160814,8822,sigi_hmm
NC_014494.1,173019,184532,11513,sigi_hmm
NC_014494.1,348326,358165,9839,sigi_hmm
NC_014494.1,478951,483826,4875,sigi_hmm
NC_014494.1,530656,534779,4123,sigi_hmm
NC_014494.1,818937,875631,56694,sigi_hmm
NC_014494.1,1079052,1090519,11467,sigi_hmm
NC_014494.1,1095175,1108010,12835,sigi_hmm
NC_014494.1,1272855,1278562,5707,sigi_hmm
NC_014494.1,1292425,1296900,4475,sigi_hmm
NC_014494.1,1377082,1386594,9512,sigi_hmm
NC_014494.1,1717800,1725931,8131,sigi_hmm
NC_014494.1,1820687,1824718,4031,sigi_hmm
NC_014498.1,3541,18829,15288,sigi_hmm
NC_014498.1,49153,53479,4326,sigi_hmm
NC_014498.1,166012,174665,8653,sigi_hmm
NC_014498.1,188746,195559,6813,sigi_hmm
NC_014498.1,214436,220714,6278,sigi_hmm
NC_014498.1,378263,384385,6122,sigi_hmm
NC_014498.1,537601,542175,4574,sigi_hmm
NC_014498.1,591620,595743,4123,sigi_hmm
NC_014498.1,794266,805155,10889,sigi_hmm
NC_014498.1,887024,892732,5708,sigi_hmm
NC_014498.1,1041680,1056479,14799,sigi_hmm
NC_014498.1,1073153,1077537,4384,sigi_hmm
NC_014498.1,1090567,1094662,4095,sigi_hmm
NC_014498.1,1112234,1119007,6773,sigi_hmm
NC_014498.1,1205478,1215713,10235,sigi_hmm
NC_014498.1,1735023,1739640,4617,sigi_hmm
NC_014498.1,1765579,1781023,15444,sigi_hmm
NC_014498.1,1789026,1795026,6000,sigi_hmm
NC_014498.1,1871801,1880993,9192,sigi_hmm
NC_014297.1,493275,503536,10261,sigi_hmm
NC_014297.1,530651,558855,28204,sigi_hmm
NC_014297.1,569181,583452,14271,sigi_hmm
NC_014297.1,1049647,1055217,5570,sigi_hmm
NC_014297.1,1107135,1112994,5859,sigi_hmm
NC_014297.1,1289484,1294076,4592,sigi_hmm
NC_014297.1,1344090,1361011,16921,sigi_hmm
NC_014394.1,733932,739207,5275,sigi_hmm
NC_014394.1,746941,753238,6297,sigi_hmm
NC_014394.1,771979,776820,4841,sigi_hmm
NC_014394.1,867043,874085,7042,sigi_hmm
NC_014394.1,949604,955718,6114,sigi_hmm
NC_014394.1,978590,985596,7006,sigi_hmm
NC_014394.1,1000325,1012405,12080,sigi_hmm
NC_014394.1,1321569,1337681,16112,sigi_hmm
NC_014394.1,1379392,1391759,12367,sigi_hmm
NC_014394.1,1558800,1566637,7837,sigi_hmm
NC_014394.1,1605189,1609761,4572,sigi_hmm
NC_014394.1,1634864,1644322,9458,sigi_hmm
NC_014394.1,1647691,1653077,5386,sigi_hmm
NC_014394.1,1879018,1883386,4368,sigi_hmm
NC_014394.1,1979008,1983607,4599,sigi_hmm
NC_014394.1,1995368,2001827,6459,sigi_hmm
NC_014394.1,2080471,2084669,4198,sigi_hmm
NC_014394.1,2318369,2323836,5467,sigi_hmm
NC_014394.1,2601574,2606644,5070,sigi_hmm
NC_014394.1,2957472,2971527,14055,sigi_hmm
NC_014394.1,3026361,3031135,4774,sigi_hmm
NC_014394.1,3046951,3054357,7406,sigi_hmm
NC_014394.1,3119598,3124861,5263,sigi_hmm
NC_014323.1,6198,19115,12917,sigi_hmm
NC_014323.1,32022,41031,9009,sigi_hmm
NC_014323.1,251082,257030,5948,sigi_hmm
NC_014323.1,296150,304238,8088,sigi_hmm
NC_014323.1,541074,546274,5200,sigi_hmm
NC_014323.1,617928,627110,9182,sigi_hmm
NC_014323.1,630986,635916,4930,sigi_hmm
NC_014323.1,821697,830219,8522,sigi_hmm
NC_014323.1,968059,975060,7001,sigi_hmm
NC_014323.1,998612,1006417,7805,sigi_hmm
NC_014323.1,1019993,1024748,4755,sigi_hmm
NC_014323.1,1201994,1208184,6190,sigi_hmm
NC_014323.1,1437275,1442405,5130,sigi_hmm
NC_014323.1,2688021,2695368,7347,sigi_hmm
NC_014323.1,2702739,2707172,4433,sigi_hmm
NC_014323.1,2708216,2716320,8104,sigi_hmm
NC_014323.1,3201827,3209090,7263,sigi_hmm
NC_014323.1,3215031,3224726,9695,sigi_hmm
NC_014323.1,3299680,3308823,9143,sigi_hmm
NC_014323.1,3899006,3904119,5113,sigi_hmm
NC_014323.1,3907684,3913778,6094,sigi_hmm
NC_014323.1,3984394,4011662,27268,sigi_hmm
NC_014323.1,4016942,4027638,10696,sigi_hmm
NC_014323.1,4117341,4126307,8966,sigi_hmm
NC_014323.1,4361973,4369107,7134,sigi_hmm
NC_014323.1,4623141,4632333,9192,sigi_hmm
NC_014323.1,4632981,4641862,8881,sigi_hmm
NC_014323.1,4673356,4704615,31259,sigi_hmm
NC_014323.1,4797839,4803210,5371,sigi_hmm
NC_014323.1,4805479,4828754,23275,sigi_hmm
NC_014323.1,5058824,5066162,7338,sigi_hmm
NC_014323.1,5225775,5232792,7017,sigi_hmm
NC_014306.1,2449314,2457665,8351,sigi_hmm
NC_014306.1,2903333,2907868,4535,sigi_hmm
NC_014306.1,3220444,3227153,6709,sigi_hmm
NC_014306.1,3249943,3256586,6643,sigi_hmm
NC_014306.1,3574364,3581339,6975,sigi_hmm
NC_014306.1,4115782,4122417,6635,sigi_hmm
NC_014306.1,4385237,4390792,5555,sigi_hmm
NC_014306.1,4410098,4417847,7749,sigi_hmm
NC_014306.1,4929183,4934330,5147,sigi_hmm
NC_014306.1,4939324,4946401,7077,sigi_hmm
NC_014500.1,587528,594133,6605,sigi_hmm
NC_014500.1,3114311,3119617,5306,sigi_hmm
NC_014500.1,4698340,4702853,4513,sigi_hmm
NC_014500.1,4900905,4904916,4011,sigi_hmm
NC_014365.1,1103408,1109348,5940,sigi_hmm
NC_014365.1,1115752,1121432,5680,sigi_hmm
NC_014365.1,1770602,1776458,5856,sigi_hmm
NC_014365.1,2487133,2491887,4754,sigi_hmm
NC_014365.1,2868884,2872984,4100,sigi_hmm
NC_014365.1,3133445,3140693,7248,sigi_hmm
NC_014329.1,190031,196706,6675,sigi_hmm
NC_014329.1,578618,584614,5996,sigi_hmm
NC_014329.1,2044033,2049882,5849,sigi_hmm
NC_014541.1,485982,493035,7053,sigi_hmm
NC_014541.1,510798,518787,7989,sigi_hmm
NC_014541.1,652441,656863,4422,sigi_hmm
NC_014541.1,1173839,1181759,7920,sigi_hmm
NC_014541.1,1236294,1242702,6408,sigi_hmm
NC_014541.1,1425415,1429987,4572,sigi_hmm
NC_014541.1,1762168,1770207,8039,sigi_hmm
NC_014541.1,2005189,2010783,5594,sigi_hmm
NC_014541.1,2330843,2335070,4227,sigi_hmm
NC_014541.1,3651189,3656326,5137,sigi_hmm
NC_014541.1,3661419,3666195,4776,sigi_hmm
NC_014541.1,3672947,3678586,5639,sigi_hmm
NC_014541.1,4172501,4179948,7447,sigi_hmm
NC_014314.1,10859,15236,4377,sigi_hmm
NC_014314.1,76596,80971,4375,sigi_hmm
NC_014314.1,244442,249405,4963,sigi_hmm
NC_014314.1,258965,265446,6481,sigi_hmm
NC_014314.1,412243,416439,4196,sigi_hmm
NC_014314.1,582841,610752,27911,sigi_hmm
NC_014314.1,617101,627792,10691,sigi_hmm
NC_014314.1,628314,632563,4249,sigi_hmm
NC_014314.1,636991,650480,13489,sigi_hmm
NC_014314.1,655368,671068,15700,sigi_hmm
NC_014314.1,1165196,1169952,4756,sigi_hmm
NC_014314.1,1584318,1589593,5275,sigi_hmm
NC_014314.1,1602286,1624164,21878,sigi_hmm
NC_014314.1,1628645,1635570,6925,sigi_hmm
NC_014314.1,1639937,1655112,15175,sigi_hmm
NC_014314.1,1655486,1662284,6798,sigi_hmm
NC_014314.1,1662718,1672879,10161,sigi_hmm
NC_014614.1,103698,112001,8303,sigi_hmm
NC_014614.1,417433,422119,4686,sigi_hmm
NC_014614.1,836888,841134,4246,sigi_hmm
NC_014614.1,1433461,1439194,5733,sigi_hmm
NC_014614.1,2463602,2468457,4855,sigi_hmm
NC_014376.1,202500,206635,4135,sigi_hmm
NC_014376.1,206983,217369,10386,sigi_hmm
NC_014376.1,299919,305624,5705,sigi_hmm
NC_014376.1,604855,629490,24635,sigi_hmm
NC_014376.1,815901,822684,6783,sigi_hmm
NC_014376.1,832243,836358,4115,sigi_hmm
NC_014376.1,1218631,1224328,5697,sigi_hmm
NC_014376.1,1226035,1232948,6913,sigi_hmm
NC_014376.1,1244018,1248296,4278,sigi_hmm
NC_014376.1,1250815,1256535,5720,sigi_hmm
NC_014376.1,1484815,1491374,6559,sigi_hmm
NC_014376.1,1504332,1509440,5108,sigi_hmm
NC_014376.1,1511456,1516617,5161,sigi_hmm
NC_014376.1,1520447,1527353,6906,sigi_hmm
NC_014376.1,1600792,1604992,4200,sigi_hmm
NC_014376.1,1849975,1855895,5920,sigi_hmm
NC_014376.1,2940972,2946142,5170,sigi_hmm
NC_014376.1,2947158,2953662,6504,sigi_hmm
NC_014376.1,2971545,2981947,10402,sigi_hmm
NC_014376.1,2986334,3042699,56365,sigi_hmm
NC_014376.1,3071588,3076581,4993,sigi_hmm
NC_014376.1,3356348,3368860,12512,sigi_hmm
NC_014376.1,3405883,3413468,7585,sigi_hmm
NC_014376.1,3554321,3560434,6113,sigi_hmm
NC_014376.1,3813559,3820563,7004,sigi_hmm
NC_014376.1,4193043,4199083,6040,sigi_hmm
NC_014501.1,1429362,1433426,4064,sigi_hmm
NC_014501.1,4527710,4532145,4435,sigi_hmm
NC_014328.1,2878453,2885985,7532,sigi_hmm
NC_014328.1,3000500,3005704,5204,sigi_hmm
NC_014328.1,4189320,4194459,5139,sigi_hmm
NC_014328.1,4379172,4383960,4788,sigi_hmm
NC_014371.1,2410,10289,7879,sigi_hmm
NC_014371.1,799628,805203,5575,sigi_hmm
NC_014371.1,877886,885850,7964,sigi_hmm
NC_014371.1,904804,910600,5796,sigi_hmm
NC_014371.1,964846,969264,4418,sigi_hmm
NC_014371.1,1079862,1087475,7613,sigi_hmm
NC_014371.1,1230811,1236066,5255,sigi_hmm
NC_014371.1,1304108,1315968,11860,sigi_hmm
NC_014310.1,221846,228174,6328,sigi_hmm
NC_014310.1,283210,302642,19432,sigi_hmm
NC_014310.1,681143,685259,4116,sigi_hmm
NC_014310.1,729369,739083,9714,sigi_hmm
NC_014310.1,818443,829503,11060,sigi_hmm
NC_014310.1,855702,861661,5959,sigi_hmm
NC_014310.1,1088709,1093957,5248,sigi_hmm
NC_014310.1,1136343,1149810,13467,sigi_hmm
NC_014310.1,1170008,1175249,5241,sigi_hmm
NC_014310.1,1347768,1351975,4207,sigi_hmm
NC_014310.1,1418334,1424306,5972,sigi_hmm
NC_014310.1,1591352,1595957,4605,sigi_hmm
NC_014310.1,1748682,1759865,11183,sigi_hmm
NC_014310.1,1761746,1770706,8960,sigi_hmm
NC_014310.1,1828818,1845108,16290,sigi_hmm
NC_014310.1,1853012,1868947,15935,sigi_hmm
NC_014310.1,1869945,1880233,10288,sigi_hmm
NC_014310.1,1919961,1930794,10833,sigi_hmm
NC_014310.1,2026457,2036224,9767,sigi_hmm
NC_014388.1,248589,253154,4565,sigi_hmm
NC_013895.2,1653,11535,9882,sigi_hmm
NC_013895.2,533018,539327,6309,sigi_hmm
NC_013895.2,683824,690625,6801,sigi_hmm
NC_013895.2,1288077,1294049,5972,sigi_hmm
NC_013895.2,1754313,1767420,13107,sigi_hmm
NC_013895.2,1774529,1783654,9125,sigi_hmm
NC_014370.1,891789,908497,16708,sigi_hmm
NC_014370.1,913583,917708,4125,sigi_hmm
NC_014370.1,919318,942142,22824,sigi_hmm
NC_014370.1,1413566,1417663,4097,sigi_hmm
NC_014392.1,524126,529498,5372,sigi_hmm
NC_014392.1,1033542,1038302,4760,sigi_hmm
NC_014311.1,6213,32845,26632,sigi_hmm
NC_014311.1,203973,209828,5855,sigi_hmm
NC_014311.1,278496,292824,14328,sigi_hmm
NC_014311.1,302984,308593,5609,sigi_hmm
NC_014311.1,312930,317089,4159,sigi_hmm
NC_014311.1,438285,445969,7684,sigi_hmm
NC_014311.1,586318,590353,4035,sigi_hmm
NC_014311.1,808895,829498,20603,sigi_hmm
NC_014311.1,986813,1008764,21951,sigi_hmm
NC_014311.1,1113243,1120380,7137,sigi_hmm
NC_014311.1,1316598,1322302,5704,sigi_hmm
NC_014311.1,1512272,1522406,10134,sigi_hmm
NC_014311.1,1553457,1564363,10906,sigi_hmm
NC_014311.1,1628144,1635320,7176,sigi_hmm
NC_014311.1,1639712,1658537,18825,sigi_hmm
NC_014311.1,1896498,1909678,13180,sigi_hmm
NC_014311.1,2392203,2397276,5073,sigi_hmm
NC_014311.1,2397823,2404345,6522,sigi_hmm
NC_014311.1,2611734,2621693,9959,sigi_hmm
NC_014311.1,2788442,2794648,6206,sigi_hmm
NC_014311.1,2835218,2845717,10499,sigi_hmm
NC_014311.1,2994612,2998853,4241,sigi_hmm
NC_014311.1,3083852,3118345,34493,sigi_hmm
NC_014311.1,3243284,3247643,4359,sigi_hmm
NC_014311.1,3352845,3360908,8063,sigi_hmm
NC_014311.1,3511541,3516090,4549,sigi_hmm
NC_014355.1,88841,95933,7092,sigi_hmm
NC_014355.1,149542,155182,5640,sigi_hmm
NC_014355.1,406217,410628,4411,sigi_hmm
NC_014355.1,669544,673946,4402,sigi_hmm
NC_014355.1,895627,902637,7010,sigi_hmm
NC_014355.1,1466467,1474043,7576,sigi_hmm
NC_014355.1,1850177,1854303,4126,sigi_hmm
NC_014355.1,1903650,1909678,6028,sigi_hmm
NC_014355.1,2218331,2224339,6008,sigi_hmm
NC_014355.1,2328084,2340398,12314,sigi_hmm
NC_014355.1,2725319,2729479,4160,sigi_hmm
NC_014355.1,2780531,2791593,11062,sigi_hmm
NC_014355.1,2794305,2800804,6499,sigi_hmm
NC_014355.1,2827564,2838952,11388,sigi_hmm
NC_014355.1,2878536,2883758,5222,sigi_hmm
NC_014355.1,3404235,3408790,4555,sigi_hmm
NC_014355.1,3960996,3966883,5887,sigi_hmm
NC_014355.1,4157452,4166034,8582,sigi_hmm
NC_014387.1,1364013,1368179,4166,sigi_hmm
NC_014562.1,998917,1003480,4563,sigi_hmm
NC_014562.1,1778394,1783090,4696,sigi_hmm
NC_014562.1,2591394,2595506,4112,sigi_hmm
NC_014393.1,4778377,4783948,5571,sigi_hmm
NC_014393.1,4794798,4804885,10087,sigi_hmm
NC_014393.1,4810611,4818662,8051,sigi_hmm
NC_014393.1,4819867,4825549,5682,sigi_hmm
NC_014540.1,1019867,1024510,4643,sigi_hmm
NC_014540.1,1841395,1849321,7926,sigi_hmm
NC_014540.1,2837415,2845447,8032,sigi_hmm
NC_014539.1,6190,12081,5891,sigi_hmm
NC_014539.1,13168,24813,11645,sigi_hmm
NC_014539.1,145123,149342,4219,sigi_hmm
NC_014539.1,751585,758074,6489,sigi_hmm
NC_014539.1,769843,779756,9913,sigi_hmm
NC_014539.1,788173,796778,8605,sigi_hmm
NC_014539.1,887186,906073,18887,sigi_hmm
NC_014539.1,1623977,1628358,4381,sigi_hmm
NC_014539.1,1694810,1699053,4243,sigi_hmm
NC_014539.1,2043535,2047656,4121,sigi_hmm
NC_014414.1,1111427,1118221,6794,sigi_hmm
NC_014414.1,1153310,1171087,17777,sigi_hmm
NC_014414.1,1179296,1190049,10753,sigi_hmm
NC_014622.1,234264,239015,4751,sigi_hmm
NC_014622.1,243197,254222,11025,sigi_hmm
NC_014622.1,271859,279238,7379,sigi_hmm
NC_014622.1,1412550,1416917,4367,sigi_hmm
NC_014622.1,2596594,2601718,5124,sigi_hmm
NC_014622.1,2733369,2775620,42251,sigi_hmm
NC_014622.1,2832214,2836322,4108,sigi_hmm
NC_014622.1,3129747,3133961,4214,sigi_hmm
NC_014622.1,3957877,3968639,10762,sigi_hmm
NC_014622.1,3983104,3987648,4544,sigi_hmm
NC_014622.1,3991295,3997976,6681,sigi_hmm
NC_014622.1,4114237,4118309,4072,sigi_hmm
NC_014622.1,4403690,4411643,7953,sigi_hmm
NC_014622.1,4775308,4779752,4444,sigi_hmm
NC_014622.1,4851740,4855960,4220,sigi_hmm
NC_014622.1,4931790,4978001,46211,sigi_hmm
NC_014616.1,225257,235716,10459,sigi_hmm
NC_014616.1,872578,877292,4714,sigi_hmm
NC_014616.1,1304526,1312879,8353,sigi_hmm
NC_014616.1,1658294,1662862,4568,sigi_hmm
NC_014616.1,1699576,1705618,6042,sigi_hmm
NC_014315.1,43703,48590,4887,sigi_hmm
NC_014315.1,1410471,1417924,7453,sigi_hmm
NC_014315.1,1706917,1710946,4029,sigi_hmm
NC_014315.1,2661883,2671168,9285,sigi_hmm
NC_014315.1,2704011,2710369,6358,sigi_hmm
NC_014315.1,2840079,2845498,5419,sigi_hmm
NC_014315.1,2930529,2935138,4609,sigi_hmm
NC_014315.1,2997254,3001695,4441,sigi_hmm
NC_014330.1,1616576,1621537,4961,sigi_hmm
NC_014408.1,692111,704952,12841,sigi_hmm
NC_014408.1,816640,828299,11659,sigi_hmm
NC_014408.1,1023471,1028751,5280,sigi_hmm
NC_014408.1,1352123,1357000,4877,sigi_hmm
NC_014375.1,1148588,1154042,5454,sigi_hmm
NC_014375.1,1154902,1164881,9979,sigi_hmm
NC_014375.1,1246818,1254372,7554,sigi_hmm
NC_014375.1,1615975,1621030,5055,sigi_hmm
NC_014375.1,1973150,1988901,15751,sigi_hmm
NC_014375.1,1991991,1997083,5092,sigi_hmm
NC_014375.1,2013538,2028195,14657,sigi_hmm
NC_014375.1,2043541,2047710,4169,sigi_hmm
NC_014375.1,2967095,2976622,9527,sigi_hmm
NC_014550.1,21263,28318,7055,sigi_hmm
NC_014550.1,251279,255729,4450,sigi_hmm
NC_014550.1,406259,419253,12994,sigi_hmm
NC_014550.1,429705,438168,8463,sigi_hmm
NC_014550.1,442008,456707,14699,sigi_hmm
NC_014550.1,583851,588047,4196,sigi_hmm
NC_014550.1,753359,766038,12679,sigi_hmm
NC_014550.1,897229,909416,12187,sigi_hmm
NC_014550.1,1006160,1017287,11127,sigi_hmm
NC_014550.1,1591216,1610592,19376,sigi_hmm
NC_014550.1,1620432,1624744,4312,sigi_hmm
NC_014550.1,1643710,1655100,11390,sigi_hmm
NC_014550.1,1662472,1668260,5788,sigi_hmm
NC_014550.1,1675130,1682734,7604,sigi_hmm
NC_014550.1,2018406,2022491,4085,sigi_hmm
NC_014550.1,2124030,2129976,5946,sigi_hmm
NC_014550.1,2319179,2323749,4570,sigi_hmm
NC_014550.1,2516728,2524858,8130,sigi_hmm
NC_014550.1,3249193,3256216,7023,sigi_hmm
NC_014550.1,3266435,3272305,5870,sigi_hmm
NC_014550.1,3275149,3279997,4848,sigi_hmm
NC_014550.1,3301165,3352976,51811,sigi_hmm
NC_014550.1,3354627,3359677,5050,sigi_hmm
NC_014550.1,3389452,3412890,23438,sigi_hmm
NC_014550.1,3417712,3430212,12500,sigi_hmm
NC_014550.1,3517411,3527418,10007,sigi_hmm
NC_014550.1,3574782,3583189,8407,sigi_hmm
NC_006526.2,1208617,1213761,5144,sigi_hmm
NC_006526.2,1477622,1483588,5966,sigi_hmm
NC_014391.1,3609448,3615541,6093,sigi_hmm
NC_014307.1,6243,42767,36524,sigi_hmm
NC_014307.1,247181,251215,4034,sigi_hmm
NC_014307.1,262300,268074,5774,sigi_hmm
NC_014307.1,417558,425306,7748,sigi_hmm
NC_014307.1,946550,951240,4690,sigi_hmm
NC_014307.1,956442,986778,30336,sigi_hmm
NC_014307.1,987853,993205,5352,sigi_hmm
NC_014307.1,1094844,1105901,11057,sigi_hmm
NC_014307.1,1274714,1282994,8280,sigi_hmm
NC_014307.1,1314308,1320393,6085,sigi_hmm
NC_014307.1,1503353,1520107,16754,sigi_hmm
NC_014307.1,1562499,1568223,5724,sigi_hmm
NC_014307.1,1581046,1585143,4097,sigi_hmm
NC_014307.1,1623085,1634727,11642,sigi_hmm
NC_014307.1,1757770,1762251,4481,sigi_hmm
NC_014307.1,1880891,1886761,5870,sigi_hmm
NC_014307.1,2308470,2314552,6082,sigi_hmm
NC_014307.1,2335588,2340286,4698,sigi_hmm
NC_014307.1,2352327,2358136,5809,sigi_hmm
NC_014307.1,2552996,2560714,7718,sigi_hmm
NC_014307.1,2651068,2656905,5837,sigi_hmm
NC_014307.1,2682917,2686988,4071,sigi_hmm
NC_014307.1,2744035,2752746,8711,sigi_hmm
NC_014307.1,2766483,2775411,8928,sigi_hmm
NC_014307.1,2779507,2789426,9919,sigi_hmm
NC_014307.1,2790092,2794367,4275,sigi_hmm
NC_014307.1,2797409,2802391,4982,sigi_hmm
NC_014307.1,3185308,3195397,10089,sigi_hmm
NC_013355.1,111180,116179,4999,sigi_hmm
NC_013355.1,1343076,1347597,4521,sigi_hmm
NC_013355.1,1484875,1491946,7071,sigi_hmm
NC_013355.1,1492331,1497655,5324,sigi_hmm
NC_013355.1,1528394,1532910,4516,sigi_hmm
NC_013355.1,1556264,1562113,5849,sigi_hmm
NC_013355.1,1563546,1572105,8559,sigi_hmm
NC_013355.1,1582129,1591362,9233,sigi_hmm
NC_013355.1,1600892,1606622,5730,sigi_hmm
NC_013355.1,2014561,2020527,5966,sigi_hmm
NC_014537.1,1462693,1467265,4572,sigi_hmm
NC_014029.1,366559,373806,7247,sigi_hmm
NC_014029.1,378540,384935,6395,sigi_hmm
NC_014029.1,797812,802878,5066,sigi_hmm
NC_014029.1,804173,809622,5449,sigi_hmm
NC_014029.1,1009046,1018378,9332,sigi_hmm
NC_014029.1,1157243,1169726,12483,sigi_hmm
NC_014029.1,1723356,1727997,4641,sigi_hmm
NC_014029.1,1732693,1737686,4993,sigi_hmm
NC_014029.1,2383156,2390430,7274,sigi_hmm
NC_014029.1,2391681,2395726,4045,sigi_hmm
NC_014029.1,3178050,3183742,5692,sigi_hmm
NC_014029.1,3515246,3523530,8284,sigi_hmm
NC_014483.1,535785,541643,5858,sigi_hmm
NC_014483.1,577891,584611,6720,sigi_hmm
NC_014483.1,1154709,1159662,4953,sigi_hmm
NC_014483.1,1607507,1621544,14037,sigi_hmm
NC_014483.1,1631637,1637413,5776,sigi_hmm
NC_014483.1,2326715,2368861,42146,sigi_hmm
NC_014483.1,2462652,2470574,7922,sigi_hmm
NC_014483.1,2484020,2488883,4863,sigi_hmm
NC_014483.1,2833345,2842233,8888,sigi_hmm
NC_014483.1,2929125,2934189,5064,sigi_hmm
NC_014483.1,3640638,3649744,9106,sigi_hmm
NC_014483.1,3746644,3751731,5087,sigi_hmm
NC_014483.1,4536009,4580691,44682,sigi_hmm
NC_014483.1,4587467,4595996,8529,sigi_hmm
NC_014483.1,4603587,4607591,4004,sigi_hmm
NC_014479.1,1837815,1845495,7680,sigi_hmm
NC_014479.1,2516069,2524088,8019,sigi_hmm
NC_014479.1,3461291,3468187,6896,sigi_hmm
NC_014479.1,3947479,3959003,11524,sigi_hmm
NC_014507.1,251134,256934,5800,sigi_hmm
NC_014507.1,379413,395795,16382,sigi_hmm
NC_014507.1,461986,471559,9573,sigi_hmm
NC_014507.1,634674,644028,9354,sigi_hmm
NC_014507.1,824368,828704,4336,sigi_hmm
NC_014507.1,914419,918845,4426,sigi_hmm
NC_014507.1,1137148,1142583,5435,sigi_hmm
NC_014507.1,1377318,1383006,5688,sigi_hmm
NC_014507.1,1411272,1435395,24123,sigi_hmm
NC_014507.1,1442840,1446876,4036,sigi_hmm
NC_014507.1,1713080,1717339,4259,sigi_hmm
NC_014507.1,1805917,1811303,5386,sigi_hmm
NC_014507.1,2179194,2188768,9574,sigi_hmm
NC_014507.1,2313996,2318930,4934,sigi_hmm
NC_014507.1,2325040,2331123,6083,sigi_hmm
NC_014507.1,2350813,2357821,7008,sigi_hmm
NC_014378.1,976175,980818,4643,sigi_hmm
NC_014366.1,490561,494784,4223,sigi_hmm
NC_014366.1,974578,980442,5864,sigi_hmm
NC_014366.1,1027483,1031713,4230,sigi_hmm
NC_014366.1,1333047,1339283,6236,sigi_hmm
NC_014366.1,1429669,1435733,6064,sigi_hmm
NC_014366.1,2185096,2191451,6355,sigi_hmm
NC_014366.1,2240684,2244912,4228,sigi_hmm
NC_014366.1,2819062,2824473,5411,sigi_hmm
NC_014366.1,2826575,2831520,4945,sigi_hmm
NC_014366.1,2845389,2851399,6010,sigi_hmm
NC_014366.1,3806783,3810993,4210,sigi_hmm
NC_014366.1,4267630,4272226,4596,sigi_hmm
NC_014318.1,18275,25339,7064,sigi_hmm
NC_014318.1,384050,389455,5405,sigi_hmm
NC_014318.1,1360458,1365221,4763,sigi_hmm
NC_014318.1,1545883,1551690,5807,sigi_hmm
NC_014318.1,2276279,2283938,7659,sigi_hmm
NC_014318.1,5193125,5197458,4333,sigi_hmm
NC_014318.1,5595115,5608810,13695,sigi_hmm
NC_014318.1,6399175,6407610,8435,sigi_hmm
NC_014318.1,6419062,6428453,9391,sigi_hmm
NC_014318.1,6439028,6446276,7248,sigi_hmm
NC_014318.1,6449570,6469426,19856,sigi_hmm
NC_014318.1,6824526,6836915,12389,sigi_hmm
NC_014318.1,7449299,7454260,4961,sigi_hmm
NC_014318.1,7832558,7837661,5103,sigi_hmm
NC_014318.1,8071134,8081779,10645,sigi_hmm
NC_014318.1,8690850,8698923,8073,sigi_hmm
NC_014318.1,8703901,8707915,4014,sigi_hmm
NC_014318.1,9126943,9147223,20280,sigi_hmm
NC_014318.1,9616187,9620631,4444,sigi_hmm
NC_014318.1,10076718,10086224,9506,sigi_hmm
NC_014041.1,1089540,1097093,7553,sigi_hmm
NC_014041.1,1896938,1901094,4156,sigi_hmm
NC_014041.1,1912401,1916854,4453,sigi_hmm
NC_014041.1,3720218,3737408,17190,sigi_hmm
NC_014041.1,4291749,4299023,7274,sigi_hmm
NC_014041.1,4342009,4350672,8663,sigi_hmm
NC_014664.1,451903,458443,6540,sigi_hmm
NC_014664.1,476546,481874,5328,sigi_hmm
NC_014664.1,1563634,1570396,6762,sigi_hmm
NC_014664.1,1571297,1579648,8351,sigi_hmm
NC_014664.1,1583187,1588685,5498,sigi_hmm
NC_014664.1,1619159,1625129,5970,sigi_hmm
NC_014664.1,1626295,1630460,4165,sigi_hmm
NC_014664.1,1962968,1967802,4834,sigi_hmm
NC_014664.1,2239663,2244417,4754,sigi_hmm
NC_014664.1,2684587,2695769,11182,sigi_hmm
NC_014659.1,1014561,1018797,4236,sigi_hmm
NC_014659.1,1441662,1445946,4284,sigi_hmm
NC_014659.1,1938280,1942980,4700,sigi_hmm
NC_014659.1,2740672,2751945,11273,sigi_hmm
NC_014659.1,2773490,2783833,10343,sigi_hmm
NC_014659.1,2813178,2817345,4167,sigi_hmm
NC_014659.1,3661468,3669262,7794,sigi_hmm
NC_014659.1,4320479,4329814,9335,sigi_hmm
NC_014659.1,4911949,4937802,25853,sigi_hmm
NC_014804.1,1190327,1198041,7714,sigi_hmm
NC_014804.1,1205732,1210088,4356,sigi_hmm
NC_014804.1,1222981,1227941,4960,sigi_hmm
NC_014804.1,1361267,1367270,6003,sigi_hmm
NC_014643.1,618470,625863,7393,sigi_hmm
NC_014643.1,655768,662773,7005,sigi_hmm
NC_014643.1,712753,716947,4194,sigi_hmm
NC_014643.1,897751,903369,5618,sigi_hmm
NC_014643.1,1130729,1137569,6840,sigi_hmm
NC_014643.1,1258562,1267209,8647,sigi_hmm
NC_014643.1,1590038,1598565,8527,sigi_hmm
NC_014738.1,1693539,1697541,4002,sigi_hmm
NC_014738.1,1896601,1901372,4771,sigi_hmm
NC_014738.1,2010133,2018421,8288,sigi_hmm
NC_014834.1,225392,231738,6346,sigi_hmm
NC_014834.1,611261,634205,22944,sigi_hmm
NC_014834.1,636009,660926,24917,sigi_hmm
NC_014834.1,876858,887531,10673,sigi_hmm
NC_014834.1,912846,918668,5822,sigi_hmm
NC_014834.1,925401,933369,7968,sigi_hmm
NC_014834.1,962854,967912,5058,sigi_hmm
NC_014834.1,970130,975783,5653,sigi_hmm
NC_014834.1,985424,992199,6775,sigi_hmm
NC_014834.1,1886665,1890897,4232,sigi_hmm
NC_014834.1,2009495,2020756,11261,sigi_hmm
NC_014834.1,2071255,2076340,5085,sigi_hmm
NC_014834.1,2164455,2173511,9056,sigi_hmm
NC_014834.1,2213573,2243905,30332,sigi_hmm
NC_014834.1,2249480,2255214,5734,sigi_hmm
NC_014834.1,2270116,2292180,22064,sigi_hmm
NC_014834.1,2726747,2731810,5063,sigi_hmm
NC_014834.1,2982098,2986218,4120,sigi_hmm
NC_014834.1,3135616,3142309,6693,sigi_hmm
NC_014834.1,3144158,3157572,13414,sigi_hmm
NC_014834.1,3159643,3164106,4463,sigi_hmm
NC_014834.1,3167467,3176611,9144,sigi_hmm
NC_014834.1,3475748,3483802,8054,sigi_hmm
NC_014834.1,3486020,3493567,7547,sigi_hmm
NC_014834.1,3694439,3699288,4849,sigi_hmm
NC_014834.1,3879512,3884207,4695,sigi_hmm
NC_014834.1,4650066,4657367,7301,sigi_hmm
NC_014761.1,79825,87688,7863,sigi_hmm
NC_014761.1,420772,425048,4276,sigi_hmm
NC_014761.1,749711,757091,7380,sigi_hmm
NC_014761.1,1207371,1212109,4738,sigi_hmm
NC_014761.1,2196803,2206300,9497,sigi_hmm
NC_014761.1,2255230,2259306,4076,sigi_hmm
NC_014761.1,2266451,2275558,9107,sigi_hmm
NC_014734.1,1084824,1088975,4151,sigi_hmm
NC_014734.1,2689329,2696610,7281,sigi_hmm
NC_014752.1,140256,150080,9824,sigi_hmm
NC_014752.1,207091,211200,4109,sigi_hmm
NC_014752.1,328362,337395,9033,sigi_hmm
NC_014752.1,393919,398081,4162,sigi_hmm
NC_014752.1,642744,647055,4311,sigi_hmm
NC_014752.1,865283,875559,10276,sigi_hmm
NC_014752.1,951061,955177,4116,sigi_hmm
NC_014752.1,1403709,1408449,4740,sigi_hmm
NC_014752.1,2097445,2102572,5127,sigi_hmm
NC_014751.1,382199,388633,6434,sigi_hmm
NC_014815.1,665707,670294,4587,sigi_hmm
NC_014815.1,832625,838728,6103,sigi_hmm
NC_014815.1,863319,871760,8441,sigi_hmm
NC_014815.1,873201,878326,5125,sigi_hmm
NC_014815.1,881775,886514,4739,sigi_hmm
NC_014815.1,2370434,2380187,9753,sigi_hmm
NC_014815.1,2643343,2649197,5854,sigi_hmm
NC_014815.1,3278850,3284339,5489,sigi_hmm
NC_014815.1,3797480,3803003,5523,sigi_hmm
NC_014815.1,4389815,4415226,25411,sigi_hmm
NC_014815.1,4419809,4432351,12542,sigi_hmm
NC_014815.1,4433502,4441205,7703,sigi_hmm
NC_014815.1,4496635,4505192,8557,sigi_hmm
NC_014815.1,4648390,4666374,17984,sigi_hmm
NC_014815.1,5609236,5618938,9702,sigi_hmm
NC_014815.1,6601621,6638345,36724,sigi_hmm
NC_014815.1,6640872,6644995,4123,sigi_hmm
NC_014815.1,6655705,6686467,30762,sigi_hmm
NC_014815.1,6699261,6709872,10611,sigi_hmm
NC_014815.1,6785667,6791432,5765,sigi_hmm
NC_014733.1,111109,125447,14338,sigi_hmm
NC_014733.1,294925,299536,4611,sigi_hmm
NC_014733.1,1079385,1089680,10295,sigi_hmm
NC_014733.1,1155883,1163763,7880,sigi_hmm
NC_014733.1,1231956,1236766,4810,sigi_hmm
NC_014733.1,1240286,1248384,8098,sigi_hmm
NC_014733.1,1582827,1592664,9837,sigi_hmm
NC_014733.1,1864278,1872276,7998,sigi_hmm
NC_014733.1,1886641,1894771,8130,sigi_hmm
NC_014733.1,2105093,2109261,4168,sigi_hmm
NC_014733.1,2853643,2859809,6166,sigi_hmm
NC_014759.1,330964,342517,11553,sigi_hmm
NC_014759.1,2443602,2453576,9974,sigi_hmm
NC_014759.1,2487398,2492062,4664,sigi_hmm
NC_014727.1,374548,383393,8845,sigi_hmm
NC_014727.1,895388,906203,10815,sigi_hmm
NC_014727.1,1143096,1150732,7636,sigi_hmm
NC_014727.1,1260636,1264930,4294,sigi_hmm
NC_014727.1,1521997,1526858,4861,sigi_hmm
NC_014727.1,1840707,1844743,4036,sigi_hmm
NC_014727.1,1891910,1901182,9272,sigi_hmm
NC_014727.1,2050579,2065963,15384,sigi_hmm
NC_014625.1,656992,669604,12612,sigi_hmm
NC_014625.1,671523,685363,13840,sigi_hmm
NC_014625.1,1193986,1207244,13258,sigi_hmm
NC_014625.1,1908123,1914852,6729,sigi_hmm
NC_014625.1,1940908,1946795,5887,sigi_hmm
NC_014625.1,1981259,1987790,6531,sigi_hmm
NC_014632.1,100945,105505,4560,sigi_hmm
NC_014632.1,437706,447138,9432,sigi_hmm
NC_014632.1,1109247,1115255,6008,sigi_hmm
NC_014632.1,1142244,1150221,7977,sigi_hmm
NC_014729.1,639300,652601,13301,sigi_hmm
NC_014650.1,480499,485068,4569,sigi_hmm
NC_014650.1,611426,619590,8164,sigi_hmm
NC_014650.1,669693,677100,7407,sigi_hmm
NC_014650.1,1898038,1906443,8405,sigi_hmm
NC_014650.1,2036371,2041443,5072,sigi_hmm
NC_014650.1,2334853,2339989,5136,sigi_hmm
NC_014650.1,2522974,2528060,5086,sigi_hmm
NC_014650.1,2583396,2589273,5877,sigi_hmm
NC_014650.1,2969073,2984462,15389,sigi_hmm
NC_014650.1,3611314,3615640,4326,sigi_hmm
NC_014666.1,1084493,1089853,5360,sigi_hmm
NC_014666.1,1101878,1107796,5918,sigi_hmm
NC_014666.1,1119884,1132160,12276,sigi_hmm
NC_014666.1,1141386,1145800,4414,sigi_hmm
NC_014666.1,1608554,1613531,4977,sigi_hmm
NC_014666.1,1776523,1780799,4276,sigi_hmm
NC_014666.1,1792472,1801170,8698,sigi_hmm
NC_014666.1,1827973,1832181,4208,sigi_hmm
NC_014666.1,1847658,1859880,12222,sigi_hmm
NC_014666.1,1976392,1989759,13367,sigi_hmm
NC_014666.1,2617799,2623403,5604,sigi_hmm
NC_014666.1,3341165,3352355,11190,sigi_hmm
NC_014666.1,3635128,3641548,6420,sigi_hmm
NC_014666.1,3855147,3880538,25391,sigi_hmm
NC_014666.1,3897940,3903148,5208,sigi_hmm
NC_014666.1,4428878,4433966,5088,sigi_hmm
NC_014666.1,4823036,4827597,4561,sigi_hmm
NC_014666.1,4904913,4908932,4019,sigi_hmm
NC_014666.1,6947596,6951638,4042,sigi_hmm
NC_014666.1,6976287,6981296,5009,sigi_hmm
NC_014666.1,7159631,7168298,8667,sigi_hmm
NC_014666.1,7844800,7853048,8248,sigi_hmm
NC_014666.1,7938760,7945621,6861,sigi_hmm
NC_014666.1,8022403,8026542,4139,sigi_hmm
NC_014666.1,8040552,8048528,7976,sigi_hmm
NC_014666.1,8210538,8215060,4522,sigi_hmm
NC_014666.1,8373113,8377619,4506,sigi_hmm
NC_014666.1,8466297,8471412,5115,sigi_hmm
NC_014666.1,8493168,8497641,4473,sigi_hmm
NC_014666.1,8507519,8513258,5739,sigi_hmm
NC_014624.1,551354,556334,4980,sigi_hmm
NC_014624.1,560437,565154,4717,sigi_hmm
NC_014624.1,577794,594962,17168,sigi_hmm
NC_014624.1,900026,904514,4488,sigi_hmm
NC_014624.1,1380522,1385197,4675,sigi_hmm
NC_014624.1,2675571,2680182,4611,sigi_hmm
NC_014624.1,2684493,2688555,4062,sigi_hmm
NC_014624.1,2699069,2708281,9212,sigi_hmm
NC_014624.1,3682110,3687777,5667,sigi_hmm
NC_014624.1,3778174,3786899,8725,sigi_hmm
NC_014624.1,4024738,4029945,5207,sigi_hmm
NC_014618.1,594455,602797,8342,sigi_hmm
NC_014618.1,700160,707545,7385,sigi_hmm
NC_014618.1,713393,719493,6100,sigi_hmm
NC_014618.1,1046863,1051530,4667,sigi_hmm
NC_014618.1,1054655,1063892,9237,sigi_hmm
NC_014618.1,1108064,1119852,11788,sigi_hmm
NC_014618.1,1124647,1137649,13002,sigi_hmm
NC_014618.1,1143856,1155001,11145,sigi_hmm
NC_014618.1,1172592,1180517,7925,sigi_hmm
NC_014618.1,1304059,1308914,4855,sigi_hmm
NC_014618.1,1706584,1711939,5355,sigi_hmm
NC_014618.1,1764136,1775537,11401,sigi_hmm
NC_014618.1,1819491,1828523,9032,sigi_hmm
NC_014618.1,1843631,1847754,4123,sigi_hmm
NC_014618.1,2714691,2718752,4061,sigi_hmm
NC_014618.1,2894688,2899604,4916,sigi_hmm
NC_014618.1,4021357,4028705,7348,sigi_hmm
NC_014618.1,4127144,4139522,12378,sigi_hmm
NC_014618.1,4149514,4155963,6449,sigi_hmm
NC_014618.1,4663073,4667504,4431,sigi_hmm
NC_014618.1,4672532,4679188,6656,sigi_hmm
NC_014820.1,1627445,1635529,8084,sigi_hmm
NC_014820.1,2008883,2013734,4851,sigi_hmm
NC_014774.1,206320,215410,9090,sigi_hmm
NC_014774.1,609628,613926,4298,sigi_hmm
NC_014774.1,1214438,1220919,6481,sigi_hmm
NC_014774.1,1233262,1239342,6080,sigi_hmm
NC_014774.1,1247192,1256412,9220,sigi_hmm
NC_014758.1,1212354,1223110,10756,sigi_hmm
NC_014657.1,363045,367433,4388,sigi_hmm
NC_014657.1,676523,682775,6252,sigi_hmm
NC_014657.1,2061080,2069069,7989,sigi_hmm
NC_014657.1,2134407,2139664,5257,sigi_hmm
NC_014721.1,258733,264749,6016,sigi_hmm
NC_014721.1,329627,340384,10757,sigi_hmm
NC_014721.1,1063902,1072031,8129,sigi_hmm
NC_014721.1,1739553,1747126,7573,sigi_hmm
NC_014721.1,2336996,2343967,6971,sigi_hmm
NC_014652.1,399718,404046,4328,sigi_hmm
NC_014652.1,546067,557793,11726,sigi_hmm
NC_014652.1,733236,737507,4271,sigi_hmm
NC_014652.1,886664,892419,5755,sigi_hmm
NC_014652.1,1098362,1109549,11187,sigi_hmm
NC_014652.1,1803578,1822303,18725,sigi_hmm
NC_014652.1,2251823,2257596,5773,sigi_hmm
NC_014652.1,2266132,2270522,4390,sigi_hmm
NC_014720.1,45684,50583,4899,sigi_hmm
NC_014720.1,920564,925095,4531,sigi_hmm
NC_014720.1,1218266,1231162,12896,sigi_hmm
NC_014720.1,1292393,1298621,6228,sigi_hmm
NC_014720.1,1912057,1920010,7953,sigi_hmm
NC_014720.1,2343339,2349486,6147,sigi_hmm
NC_014718.1,48612,55067,6455,sigi_hmm
NC_014718.1,318891,324628,5737,sigi_hmm
NC_014656.1,2630,12376,9746,sigi_hmm
NC_014656.1,406124,421481,15357,sigi_hmm
NC_014656.1,464360,473747,9387,sigi_hmm
NC_014656.1,526325,532333,6008,sigi_hmm
NC_014656.1,540216,549019,8803,sigi_hmm
NC_014656.1,561156,575000,13844,sigi_hmm
NC_014656.1,592139,597136,4997,sigi_hmm
NC_014656.1,622827,627376,4549,sigi_hmm
NC_014656.1,633358,640104,6746,sigi_hmm
NC_014656.1,720892,727465,6573,sigi_hmm
NC_014656.1,810653,822248,11595,sigi_hmm
NC_014656.1,903508,911924,8416,sigi_hmm
NC_014656.1,1031569,1038768,7199,sigi_hmm
NC_014656.1,1168849,1181657,12808,sigi_hmm
NC_014656.1,1182816,1188717,5901,sigi_hmm
NC_014656.1,1474224,1478634,4410,sigi_hmm
NC_014656.1,1541743,1554444,12701,sigi_hmm
NC_014656.1,1596796,1605223,8427,sigi_hmm
NC_014656.1,1842679,1854695,12016,sigi_hmm
NC_014656.1,1955650,1961092,5442,sigi_hmm
NC_014656.1,1994051,1998375,4324,sigi_hmm
NC_014656.1,2221195,2225351,4156,sigi_hmm
NC_014656.1,2255427,2264812,9385,sigi_hmm
NC_014638.1,71619,78687,7068,sigi_hmm
NC_014638.1,81091,95524,14433,sigi_hmm
NC_014638.1,1052945,1063164,10219,sigi_hmm
NC_014638.1,1086662,1093101,6439,sigi_hmm
NC_014638.1,1094284,1108236,13952,sigi_hmm
NC_014638.1,1146422,1150760,4338,sigi_hmm
NC_014638.1,1344016,1351914,7898,sigi_hmm
NC_014638.1,1727172,1733214,6042,sigi_hmm
NC_014639.1,24497,34666,10169,sigi_hmm
NC_014639.1,200773,204959,4186,sigi_hmm
NC_014639.1,292023,296030,4007,sigi_hmm
NC_014639.1,1341369,1348829,7460,sigi_hmm
NC_014639.1,1565736,1576980,11244,sigi_hmm
NC_014639.1,1578452,1583349,4897,sigi_hmm
NC_014639.1,1588433,1603383,14950,sigi_hmm
NC_014639.1,1900059,1905011,4952,sigi_hmm
NC_014639.1,1905986,1910236,4250,sigi_hmm
NC_014639.1,1922749,1928025,5276,sigi_hmm
NC_014639.1,1929187,1935440,6253,sigi_hmm
NC_014639.1,1943151,1955006,11855,sigi_hmm
NC_014639.1,2175183,2180522,5339,sigi_hmm
NC_014639.1,2462652,2467766,5114,sigi_hmm
NC_014639.1,3592127,3599911,7784,sigi_hmm
NC_014639.1,3857771,3864579,6808,sigi_hmm
NC_014817.1,42212,48639,6427,sigi_hmm
NC_014817.1,329143,333200,4057,sigi_hmm
NC_014817.1,339871,344142,4271,sigi_hmm
NC_014816.1,275342,279939,4597,sigi_hmm
NC_014816.1,786119,792450,6331,sigi_hmm
NC_014816.1,1599501,1605335,5834,sigi_hmm
NC_014816.1,1606688,1615353,8665,sigi_hmm
NC_014816.1,2198248,2202459,4211,sigi_hmm
NC_014816.1,2375441,2381840,6399,sigi_hmm
NC_014816.1,2386826,2395590,8764,sigi_hmm
NC_014816.1,2433805,2437935,4130,sigi_hmm
NC_014816.1,2453759,2481392,27633,sigi_hmm
NC_014816.1,2487048,2497835,10787,sigi_hmm
NC_014814.1,67292,74692,7400,sigi_hmm
NC_014814.1,135639,159514,23875,sigi_hmm
NC_014814.1,178730,210626,31896,sigi_hmm
NC_014814.1,214496,228346,13850,sigi_hmm
NC_014814.1,486711,496566,9855,sigi_hmm
NC_014814.1,866036,878340,12304,sigi_hmm
NC_014814.1,1093370,1098565,5195,sigi_hmm
NC_014814.1,1224647,1229092,4445,sigi_hmm
NC_014814.1,1406458,1413881,7423,sigi_hmm
NC_014814.1,1416049,1422541,6492,sigi_hmm
NC_014814.1,1427221,1435434,8213,sigi_hmm
NC_014814.1,2585965,2604162,18197,sigi_hmm
NC_014814.1,2612406,2635702,23296,sigi_hmm
NC_014814.1,3053571,3057878,4307,sigi_hmm
NC_014814.1,3370810,3376631,5821,sigi_hmm
NC_014814.1,3891727,3904606,12879,sigi_hmm
NC_014814.1,3907676,3912224,4548,sigi_hmm
NC_014814.1,3915210,3931024,15814,sigi_hmm
NC_014814.1,3932166,3937116,4950,sigi_hmm
NC_014814.1,4243863,4252073,8210,sigi_hmm
NC_014814.1,4255687,4272539,16852,sigi_hmm
NC_014814.1,4274563,4293079,18516,sigi_hmm
NC_014814.1,4297937,4319993,22056,sigi_hmm
NC_014814.1,4334604,4339972,5368,sigi_hmm
NC_014814.1,4419823,4425672,5849,sigi_hmm
NC_014814.1,4804071,4813302,9231,sigi_hmm
NC_014814.1,4817239,4823073,5834,sigi_hmm
NC_014814.1,5427816,5437391,9575,sigi_hmm
NC_014814.1,5443596,5474137,30541,sigi_hmm
NC_014814.1,5475950,5488132,12182,sigi_hmm
NC_014640.1,8490,12681,4191,sigi_hmm
NC_014640.1,82175,91795,9620,sigi_hmm
NC_014640.1,438394,442596,4202,sigi_hmm
NC_014640.1,1001835,1006072,4237,sigi_hmm
NC_014640.1,1107633,1112079,4446,sigi_hmm
NC_014640.1,1127044,1134344,7300,sigi_hmm
NC_014640.1,1187262,1193266,6004,sigi_hmm
NC_014640.1,1200506,1204882,4376,sigi_hmm
NC_014640.1,1418517,1423278,4761,sigi_hmm
NC_014640.1,2166424,2180503,14079,sigi_hmm
NC_014640.1,2187959,2203769,15810,sigi_hmm
NC_014640.1,2357562,2361752,4190,sigi_hmm
NC_014640.1,2698078,2707220,9142,sigi_hmm
NC_014640.1,2754894,2787396,32502,sigi_hmm
NC_014640.1,3211130,3219963,8833,sigi_hmm
NC_014640.1,3379037,3385339,6302,sigi_hmm
NC_014640.1,3814258,3819766,5508,sigi_hmm
NC_014640.1,3861372,3867061,5689,sigi_hmm
NC_014640.1,4004963,4011659,6696,sigi_hmm
NC_014640.1,4038842,4052316,13474,sigi_hmm
NC_014640.1,4196733,4202850,6117,sigi_hmm
NC_014640.1,4298023,4314549,16526,sigi_hmm
NC_014640.1,4327132,4333337,6205,sigi_hmm
NC_014640.1,4538276,4545927,7651,sigi_hmm
NC_014640.1,4948534,4952873,4339,sigi_hmm
NC_014640.1,4959830,4964159,4329,sigi_hmm
NC_014640.1,5056134,5061804,5670,sigi_hmm
NC_014640.1,5900368,5914852,14484,sigi_hmm
NC_014640.1,5918893,5924299,5406,sigi_hmm
NC_014640.1,6127221,6131959,4738,sigi_hmm
NC_014640.1,6246591,6254036,7445,sigi_hmm
NC_014640.1,6751255,6756040,4785,sigi_hmm
NC_014640.1,6778192,6785520,7328,sigi_hmm
NC_014640.1,6819964,6841785,21821,sigi_hmm
NC_014640.1,6986838,6992458,5620,sigi_hmm
NC_015518.1,353803,358829,5026,sigi_hmm
NC_015518.1,369637,383318,13681,sigi_hmm
NC_015518.1,886432,890609,4177,sigi_hmm
NC_015518.1,1455145,1459906,4761,sigi_hmm
NC_015518.1,1943845,1948667,4822,sigi_hmm
NC_015278.1,140844,145465,4621,sigi_hmm
NC_015278.1,158319,184166,25847,sigi_hmm
NC_015278.1,186249,194217,7968,sigi_hmm
NC_015278.1,273532,288931,15399,sigi_hmm
NC_015278.1,880149,890091,9942,sigi_hmm
NC_015278.1,895883,905045,9162,sigi_hmm
NC_015186.1,50793,65803,15010,sigi_hmm
NC_015186.1,118439,126282,7843,sigi_hmm
NC_015186.1,133748,158751,25003,sigi_hmm
NC_015186.1,293074,300429,7355,sigi_hmm
NC_015186.1,355848,368660,12812,sigi_hmm
NC_015186.1,453438,458244,4806,sigi_hmm
NC_015186.1,478263,483939,5676,sigi_hmm
NC_015186.1,497516,514652,17136,sigi_hmm
NC_015186.1,540215,548183,7968,sigi_hmm
NC_015186.1,577086,589615,12529,sigi_hmm
NC_015186.1,603899,611511,7612,sigi_hmm
NC_015186.1,759017,767191,8174,sigi_hmm
NC_015186.1,1130897,1135141,4244,sigi_hmm
NC_015186.1,1144446,1153363,8917,sigi_hmm
NC_015186.1,1173789,1179365,5576,sigi_hmm
NC_015186.1,1497488,1505315,7827,sigi_hmm
NC_015186.1,1508813,1517919,9106,sigi_hmm
NC_015186.1,1701252,1712965,11713,sigi_hmm
NC_015186.1,1724014,1730863,6849,sigi_hmm
NC_015186.1,2070910,2076603,5693,sigi_hmm
NC_015186.1,2132391,2144065,11674,sigi_hmm
NC_015186.1,2149241,2166074,16833,sigi_hmm
NC_015186.1,2200470,2212677,12207,sigi_hmm
NC_015186.1,2224051,2238834,14783,sigi_hmm
NC_015186.1,2267357,2273054,5697,sigi_hmm
NC_015186.1,2279274,2283894,4620,sigi_hmm
NC_015186.1,2729485,2738866,9381,sigi_hmm
NC_015186.1,2744294,2749024,4730,sigi_hmm
NC_015186.1,2815807,2821975,6168,sigi_hmm
NC_015186.1,2827670,2834783,7113,sigi_hmm
NC_015186.1,2867915,2872311,4396,sigi_hmm
NC_015186.1,2882599,2888244,5645,sigi_hmm
NC_015186.1,2895831,2922305,26474,sigi_hmm
NC_015186.1,2928924,2948942,20018,sigi_hmm
NC_015186.1,3447099,3452386,5287,sigi_hmm
NC_015064.1,109238,119315,10077,sigi_hmm
NC_015064.1,123404,136405,13001,sigi_hmm
NC_015064.1,158659,165435,6776,sigi_hmm
NC_015064.1,335484,339556,4072,sigi_hmm
NC_015064.1,523668,527672,4004,sigi_hmm
NC_015064.1,654328,658456,4128,sigi_hmm
NC_015064.1,867182,871733,4551,sigi_hmm
NC_015064.1,996337,1002281,5944,sigi_hmm
NC_015064.1,1015539,1021469,5930,sigi_hmm
NC_015064.1,1178237,1190078,11841,sigi_hmm
NC_015064.1,1194065,1199171,5106,sigi_hmm
NC_015064.1,1373711,1378823,5112,sigi_hmm
NC_015064.1,1674465,1685926,11461,sigi_hmm
NC_015064.1,1731932,1736120,4188,sigi_hmm
NC_015064.1,1895880,1901568,5688,sigi_hmm
NC_015064.1,2008989,2013902,4913,sigi_hmm
NC_015064.1,2082799,2087972,5173,sigi_hmm
NC_015064.1,2323285,2335285,12000,sigi_hmm
NC_015064.1,2337309,2355704,18395,sigi_hmm
NC_015064.1,2453539,2457746,4207,sigi_hmm
NC_015064.1,2609024,2613254,4230,sigi_hmm
NC_015064.1,2623423,2629794,6371,sigi_hmm
NC_015064.1,2743904,2749546,5642,sigi_hmm
NC_015064.1,2881754,2886103,4349,sigi_hmm
NC_015064.1,2927574,2931752,4178,sigi_hmm
NC_015064.1,3007383,3016523,9140,sigi_hmm
NC_015064.1,3080771,3085569,4798,sigi_hmm
NC_015064.1,3125436,3130787,5351,sigi_hmm
NC_015064.1,3275595,3279740,4145,sigi_hmm
NC_015064.1,3509902,3513936,4034,sigi_hmm
NC_015064.1,3577442,3585170,7728,sigi_hmm
NC_015064.1,3599513,3606774,7261,sigi_hmm
NC_015064.1,3739542,3747648,8106,sigi_hmm
NC_015064.1,3830535,3835450,4915,sigi_hmm
NC_015508.1,268288,276420,8132,sigi_hmm
NC_015508.1,324279,329363,5084,sigi_hmm
NC_015508.1,344649,350672,6023,sigi_hmm
NC_015508.1,655319,659668,4349,sigi_hmm
NC_015508.1,663446,673136,9690,sigi_hmm
NC_011138.2,681737,689297,7560,sigi_hmm
NC_011138.2,1199035,1208872,9837,sigi_hmm
NC_011138.2,1227878,1232617,4739,sigi_hmm
NC_011138.2,1237232,1241520,4288,sigi_hmm
NC_011138.2,3051759,3058783,7024,sigi_hmm
NC_015554.1,1964493,1971683,7190,sigi_hmm
NC_015554.1,3813108,3817520,4412,sigi_hmm
NC_015554.1,3838578,3847738,9160,sigi_hmm
NC_015554.1,3962482,3966951,4469,sigi_hmm
NC_015554.1,3970167,3977387,7220,sigi_hmm
NC_015554.1,3983385,3987559,4174,sigi_hmm
NC_015554.1,3991491,4015051,23560,sigi_hmm
NC_015554.1,4665195,4669221,4026,sigi_hmm
NC_015554.1,4702784,4709114,6330,sigi_hmm
NC_015554.1,4730477,4743133,12656,sigi_hmm
NC_015554.1,4777286,4781666,4380,sigi_hmm
NC_015554.1,4821163,4831053,9890,sigi_hmm
NC_014910.1,256151,260163,4012,sigi_hmm
NC_014910.1,775229,779847,4618,sigi_hmm
NC_014910.1,1063763,1067856,4093,sigi_hmm
NC_014910.1,1719473,1724177,4704,sigi_hmm
NC_014910.1,1923324,1928704,5380,sigi_hmm
NC_014910.1,2051415,2056766,5351,sigi_hmm
NC_014910.1,2083067,2087953,4886,sigi_hmm
NC_014910.1,2982153,2988303,6150,sigi_hmm
NC_014910.1,3619983,3624064,4081,sigi_hmm
NC_014910.1,3690395,3694780,4385,sigi_hmm
NC_014910.1,4032224,4037233,5009,sigi_hmm
NC_014910.1,4206783,4214756,7973,sigi_hmm
NC_014910.1,4323320,4334132,10812,sigi_hmm
NC_014910.1,4490822,4497305,6483,sigi_hmm
NC_015564.1,801061,807050,5989,sigi_hmm
NC_014960.1,241931,246324,4393,sigi_hmm
NC_015564.1,4397359,4406560,9201,sigi_hmm
NC_014960.1,589912,594069,4157,sigi_hmm
NC_014960.1,786757,793832,7075,sigi_hmm
NC_014960.1,1269906,1276364,6458,sigi_hmm
NC_014960.1,1573518,1582606,9088,sigi_hmm
NC_014960.1,1618762,1625906,7144,sigi_hmm
NC_014960.1,1630032,1634633,4601,sigi_hmm
NC_014960.1,1678641,1685819,7178,sigi_hmm
NC_014960.1,1691849,1745693,53844,sigi_hmm
NC_014960.1,1747562,1761744,14182,sigi_hmm
NC_014960.1,1763926,1776495,12569,sigi_hmm
NC_014960.1,1777642,1786941,9299,sigi_hmm
NC_014960.1,1794511,1804053,9542,sigi_hmm
NC_014960.1,1805397,1814028,8631,sigi_hmm
NC_014960.1,1847631,1852369,4738,sigi_hmm
NC_014960.1,1887090,1898528,11438,sigi_hmm
NC_014960.1,1954248,1962598,8350,sigi_hmm
NC_014960.1,1963960,1968054,4094,sigi_hmm
NC_014960.1,2061506,2068847,7341,sigi_hmm
NC_014960.1,2075791,2080171,4380,sigi_hmm
NC_014960.1,2104149,2112446,8297,sigi_hmm
NC_014960.1,2122147,2128817,6670,sigi_hmm
NC_014960.1,2144934,2157858,12924,sigi_hmm
NC_014960.1,2200421,2205583,5162,sigi_hmm
NC_014960.1,2396018,2400469,4451,sigi_hmm
NC_014960.1,2407994,2412466,4472,sigi_hmm
NC_014960.1,2650945,2655396,4451,sigi_hmm
NC_014960.1,2667058,2673831,6773,sigi_hmm
NC_014960.1,2864314,2872483,8169,sigi_hmm
NC_014960.1,3017432,3022478,5046,sigi_hmm
NC_015183.1,1439355,1444320,4965,sigi_hmm
NC_015183.1,1467352,1474444,7092,sigi_hmm
NC_015183.1,1754492,1758851,4359,sigi_hmm
NC_015145.1,1045264,1057443,12179,sigi_hmm
NC_015145.1,1060083,1072268,12185,sigi_hmm
NC_015145.1,1855051,1865440,10389,sigi_hmm
NC_015145.1,1975210,1980028,4818,sigi_hmm
NC_015145.1,2323453,2329527,6074,sigi_hmm
NC_015145.1,2334249,2344598,10349,sigi_hmm
NC_015145.1,2354125,2358541,4416,sigi_hmm
NC_015145.1,2360074,2371246,11172,sigi_hmm
NC_015145.1,2374760,2393424,18664,sigi_hmm
NC_015145.1,2700292,2709512,9220,sigi_hmm
NC_015145.1,2713596,2719098,5502,sigi_hmm
NC_015145.1,2948418,2953614,5196,sigi_hmm
NC_015145.1,2956716,2962517,5801,sigi_hmm
NC_015145.1,3245352,3262326,16974,sigi_hmm
NC_015145.1,3666738,3677322,10584,sigi_hmm
NC_015145.1,3679212,3686928,7716,sigi_hmm
NC_015145.1,3689576,3696157,6581,sigi_hmm
NC_015145.1,4199490,4205200,5710,sigi_hmm
NC_015634.1,190558,195617,5059,sigi_hmm
NC_015634.1,370924,383969,13045,sigi_hmm
NC_015634.1,385676,390957,5281,sigi_hmm
NC_015634.1,663635,670119,6484,sigi_hmm
NC_015634.1,970723,975333,4610,sigi_hmm
NC_015634.1,1438216,1445684,7468,sigi_hmm
NC_015634.1,2702258,2709422,7164,sigi_hmm
NC_015634.1,2941902,2946464,4562,sigi_hmm
NC_015634.1,3025986,3030452,4466,sigi_hmm
NC_015320.1,421499,427374,5875,sigi_hmm
NC_015320.1,477440,489437,11997,sigi_hmm
NC_015320.1,1695508,1701174,5666,sigi_hmm
NC_015424.1,1284850,1289007,4157,sigi_hmm
NC_015424.1,1611538,1618731,7193,sigi_hmm
NC_015424.1,1696436,1712809,16373,sigi_hmm
NC_015424.1,2323583,2329113,5530,sigi_hmm
NC_015424.1,2338285,2343684,5399,sigi_hmm
NC_015424.1,2373798,2381072,7274,sigi_hmm
NC_015424.1,2843447,2849119,5672,sigi_hmm
NC_015424.1,2924428,2930654,6226,sigi_hmm
NC_015424.1,3119844,3127625,7781,sigi_hmm
NC_015424.1,3133519,3139902,6383,sigi_hmm
NC_015424.1,3316414,3321180,4766,sigi_hmm
NC_015424.1,3525699,3552085,26386,sigi_hmm
NC_015424.1,3554555,3559931,5376,sigi_hmm
NC_015424.1,3896843,3901937,5094,sigi_hmm
NC_015424.1,4394671,4402034,7363,sigi_hmm
NC_015424.1,4406135,4415504,9369,sigi_hmm
NC_014976.1,2122345,2132835,10490,sigi_hmm
NC_014976.1,2430037,2434494,4457,sigi_hmm
NC_015138.1,5774,11737,5963,sigi_hmm
NC_015138.1,206858,211662,4804,sigi_hmm
NC_015138.1,700012,713474,13462,sigi_hmm
NC_015138.1,718626,723772,5146,sigi_hmm
NC_015138.1,779353,784762,5409,sigi_hmm
NC_015138.1,1150919,1156365,5446,sigi_hmm
NC_015138.1,2078430,2091532,13102,sigi_hmm
NC_015138.1,2369933,2376311,6378,sigi_hmm
NC_015138.1,4112798,4121570,8772,sigi_hmm
NC_015138.1,4213895,4221345,7450,sigi_hmm
NC_015138.1,5053585,5061617,8032,sigi_hmm
NC_015138.1,5063434,5067561,4127,sigi_hmm
NC_015164.1,517086,536276,19190,sigi_hmm
NC_015164.1,824804,831308,6504,sigi_hmm
NC_015164.1,1265566,1275816,10250,sigi_hmm
NC_015164.1,1883953,1888752,4799,sigi_hmm
NC_015164.1,2782004,2786069,4065,sigi_hmm
NC_015164.1,2867565,2874148,6583,sigi_hmm
NC_015164.1,2941351,2947772,6421,sigi_hmm
NC_015164.1,2965977,2978767,12790,sigi_hmm
NC_014933.1,229778,238094,8316,sigi_hmm
NC_014933.1,240016,247053,7037,sigi_hmm
NC_014933.1,248575,252873,4298,sigi_hmm
NC_014933.1,404969,410250,5281,sigi_hmm
NC_014933.1,523774,530863,7089,sigi_hmm
NC_014933.1,535879,540957,5078,sigi_hmm
NC_014933.1,553609,558609,5000,sigi_hmm
NC_014933.1,586400,591316,4916,sigi_hmm
NC_014933.1,926453,931210,4757,sigi_hmm
NC_014933.1,985195,991057,5862,sigi_hmm
NC_014933.1,1086044,1090441,4397,sigi_hmm
NC_014933.1,3257847,3264224,6377,sigi_hmm
NC_015052.1,86305,92089,5784,sigi_hmm
NC_015052.1,115822,121868,6046,sigi_hmm
NC_015052.1,462674,505424,42750,sigi_hmm
NC_015052.1,701489,706525,5036,sigi_hmm
NC_015052.1,827894,833991,6097,sigi_hmm
NC_015052.1,851560,863189,11629,sigi_hmm
NC_015052.1,947655,954228,6573,sigi_hmm
NC_015052.1,1006192,1010371,4179,sigi_hmm
NC_015052.1,1033587,1060377,26790,sigi_hmm
NC_015052.1,1063587,1068219,4632,sigi_hmm
NC_015052.1,1145919,1168421,22502,sigi_hmm
NC_015052.1,1209980,1225929,15949,sigi_hmm
NC_015052.1,1231912,1236639,4727,sigi_hmm
NC_015052.1,1270943,1280338,9395,sigi_hmm
NC_015052.1,1323573,1330524,6951,sigi_hmm
NC_015052.1,1332953,1376650,43697,sigi_hmm
NC_015052.1,2077035,2090276,13241,sigi_hmm
NC_015052.1,2118347,2127074,8727,sigi_hmm
NC_015052.1,2190237,2199787,9550,sigi_hmm
NC_015052.1,2289159,2305970,16811,sigi_hmm
NC_015052.1,2382141,2397341,15200,sigi_hmm
NC_015422.1,5524,10879,5355,sigi_hmm
NC_015422.1,714549,723059,8510,sigi_hmm
NC_015422.1,728443,738281,9838,sigi_hmm
NC_015422.1,1000898,1013769,12871,sigi_hmm
NC_015422.1,1125984,1133204,7220,sigi_hmm
NC_015422.1,1646379,1651719,5340,sigi_hmm
NC_015422.1,1703841,1707993,4152,sigi_hmm
NC_015422.1,1830449,1837888,7439,sigi_hmm
NC_015422.1,1885685,1892541,6856,sigi_hmm
NC_015422.1,1904678,1910086,5408,sigi_hmm
NC_015422.1,1919098,1936472,17374,sigi_hmm
NC_015422.1,2030999,2036503,5504,sigi_hmm
NC_015422.1,2043423,2050533,7110,sigi_hmm
NC_015422.1,2084619,2089419,4800,sigi_hmm
NC_015422.1,2159784,2164147,4363,sigi_hmm
NC_015422.1,2333269,2338620,5351,sigi_hmm
NC_015422.1,2366030,2371316,5286,sigi_hmm
NC_015422.1,2813518,2822904,9386,sigi_hmm
NC_015422.1,2824949,2830298,5349,sigi_hmm
NC_015422.1,2835999,2843062,7063,sigi_hmm
NC_015422.1,2867084,2875156,8072,sigi_hmm
NC_015422.1,2876491,2882296,5805,sigi_hmm
NC_015422.1,2885099,2890920,5821,sigi_hmm
NC_015422.1,2905790,2918108,12318,sigi_hmm
NC_015422.1,3103339,3108035,4696,sigi_hmm
NC_015422.1,3191836,3198687,6851,sigi_hmm
NC_015422.1,3200291,3206383,6092,sigi_hmm
NC_015422.1,3421209,3429856,8647,sigi_hmm
NC_015422.1,3435861,3447749,11888,sigi_hmm
NC_015422.1,3463353,3468738,5385,sigi_hmm
NC_015422.1,3478600,3483130,4530,sigi_hmm
NC_015422.1,3523530,3529588,6058,sigi_hmm
NC_015422.1,3588708,3593536,4828,sigi_hmm
NC_015422.1,3664773,3670997,6224,sigi_hmm
NC_015422.1,3843159,3848817,5658,sigi_hmm
NC_015422.1,4400492,4406790,6298,sigi_hmm
NC_015422.1,4529131,4545031,15900,sigi_hmm
NC_015137.1,875514,885741,10227,sigi_hmm
NC_015137.1,1213753,1219646,5893,sigi_hmm
NC_015137.1,2586147,2596884,10737,sigi_hmm
NC_015137.1,2606634,2610791,4157,sigi_hmm
NC_015137.1,2628972,2634093,5121,sigi_hmm
NC_015137.1,2648224,2659609,11385,sigi_hmm
NC_015067.1,20724,26236,5512,sigi_hmm
NC_015067.1,38342,49128,10786,sigi_hmm
NC_015067.1,470903,480242,9339,sigi_hmm
NC_015067.1,684422,694635,10213,sigi_hmm
NC_015067.1,821545,828111,6566,sigi_hmm
NC_015067.1,905001,911574,6573,sigi_hmm
NC_015067.1,997157,1011001,13844,sigi_hmm
NC_015067.1,1047157,1058039,10882,sigi_hmm
NC_015067.1,1085646,1094056,8410,sigi_hmm
NC_015067.1,1097653,1133866,36213,sigi_hmm
NC_015067.1,1140865,1176238,35373,sigi_hmm
NC_015067.1,1178659,1183577,4918,sigi_hmm
NC_015067.1,1186904,1222408,35504,sigi_hmm
NC_015067.1,1226018,1245926,19908,sigi_hmm
NC_015067.1,1298616,1308004,9388,sigi_hmm
NC_015067.1,1352641,1356752,4111,sigi_hmm
NC_015067.1,1547594,1564652,17058,sigi_hmm
NC_015067.1,2037546,2049447,11901,sigi_hmm
NC_015067.1,2139877,2144341,4464,sigi_hmm
NC_015067.1,2150826,2165880,15054,sigi_hmm
NC_015067.1,2279962,2297009,17047,sigi_hmm
NC_015136.1,7267,23308,16041,sigi_hmm
NC_015136.1,668194,672495,4301,sigi_hmm
NC_015136.1,820279,825219,4940,sigi_hmm
NC_015136.1,1148115,1160073,11958,sigi_hmm
NC_015136.1,1299839,1309602,9763,sigi_hmm
NC_015136.1,2026892,2034519,7627,sigi_hmm
NC_015136.1,2039966,2044878,4912,sigi_hmm
NC_015136.1,2214964,2220169,5205,sigi_hmm
NC_015136.1,2248701,2258883,10182,sigi_hmm
NC_015136.1,2302809,2313095,10286,sigi_hmm
NC_015136.1,2320488,2325883,5395,sigi_hmm
NC_015136.1,2327205,2332136,4931,sigi_hmm
NC_015136.1,3134886,3141516,6630,sigi_hmm
NC_015136.1,3154069,3158245,4176,sigi_hmm
NC_015136.1,3896261,3901123,4862,sigi_hmm
NC_015381.1,6136,14475,8339,sigi_hmm
NC_015381.1,771985,776707,4722,sigi_hmm
NC_015381.1,1180904,1185121,4217,sigi_hmm
NC_015381.1,1324423,1332958,8535,sigi_hmm
NC_015381.1,1565187,1571727,6540,sigi_hmm
NC_015381.1,1588742,1597377,8635,sigi_hmm
NC_015381.1,1650399,1658092,7693,sigi_hmm
NC_015381.1,2115753,2122391,6638,sigi_hmm
NC_015381.1,2359756,2366055,6299,sigi_hmm
NC_015381.1,2416335,2421752,5417,sigi_hmm
NC_015381.1,3103503,3113331,9828,sigi_hmm
NC_015381.1,3466502,3474722,8220,sigi_hmm
NC_015381.1,3608147,3615127,6980,sigi_hmm
NC_015381.1,3796625,3802700,6075,sigi_hmm
NC_015381.1,4368360,4372483,4123,sigi_hmm
NC_015376.1,439105,444172,5067,sigi_hmm
NC_015376.1,782935,790719,7784,sigi_hmm
NC_015376.1,916236,934157,17921,sigi_hmm
NC_015376.1,969532,975414,5882,sigi_hmm
NC_015376.1,1757979,1765023,7044,sigi_hmm
NC_015376.1,2019840,2026144,6304,sigi_hmm
NC_015376.1,2067420,2079043,11623,sigi_hmm
NC_015376.1,2247018,2252743,5725,sigi_hmm
NC_015376.1,2684285,2688852,4567,sigi_hmm
NC_015376.1,3253232,3262575,9343,sigi_hmm
NC_015376.1,3324114,3333077,8963,sigi_hmm
NC_015376.1,3338095,3348049,9954,sigi_hmm
NC_015391.1,88424,93347,4923,sigi_hmm
NC_015425.1,2652609,2656819,4210,sigi_hmm
NC_015389.1,182891,186967,4076,sigi_hmm
NC_015389.1,335348,341699,6351,sigi_hmm
NC_015389.1,634520,641063,6543,sigi_hmm
NC_015389.1,666349,671850,5501,sigi_hmm
NC_015389.1,1305797,1319446,13649,sigi_hmm
NC_015389.1,1383598,1400433,16835,sigi_hmm
NC_015389.1,1618463,1623799,5336,sigi_hmm
NC_015389.1,1804578,1811142,6564,sigi_hmm
NC_015389.1,1988003,1995277,7274,sigi_hmm
NC_015389.1,2006051,2010684,4633,sigi_hmm
NC_015389.1,2040235,2044845,4610,sigi_hmm
NC_015167.1,1074337,1078515,4178,sigi_hmm
NC_015167.1,1083166,1088798,5632,sigi_hmm
NC_015167.1,1660832,1667155,6323,sigi_hmm
NC_015167.1,1680195,1684990,4795,sigi_hmm
NC_015167.1,1984973,1991540,6567,sigi_hmm
NC_015671.1,144120,166266,22146,sigi_hmm
NC_015671.1,262918,277564,14646,sigi_hmm
NC_015671.1,288056,293426,5370,sigi_hmm
NC_015671.1,566355,574587,8232,sigi_hmm
NC_015671.1,576442,581392,4950,sigi_hmm
NC_015671.1,1684706,1692364,7658,sigi_hmm
NC_015671.1,1871341,1878128,6787,sigi_hmm
NC_015671.1,2378911,2384880,5969,sigi_hmm
NC_015671.1,2584320,2588459,4139,sigi_hmm
NC_015671.1,2982920,2987854,4934,sigi_hmm
NC_015671.1,3096281,3108596,12315,sigi_hmm
NC_015671.1,3159515,3165846,6331,sigi_hmm
NC_015671.1,3239975,3244047,4072,sigi_hmm
NC_015671.1,3474945,3484191,9246,sigi_hmm
NC_015514.1,44268,50051,5783,sigi_hmm
NC_015514.1,188131,196601,8470,sigi_hmm
NC_015514.1,483132,492805,9673,sigi_hmm
NC_015514.1,2114939,2120140,5201,sigi_hmm
NC_015514.1,2680404,2684997,4593,sigi_hmm
NC_015514.1,3264555,3270030,5475,sigi_hmm
NC_015514.1,3359993,3368199,8206,sigi_hmm
NC_015514.1,3513692,3521626,7934,sigi_hmm
NC_015514.1,3526598,3536617,10019,sigi_hmm
NC_015514.1,3828963,3837402,8439,sigi_hmm
NC_015514.1,3888497,3893386,4889,sigi_hmm
NC_014934.1,778932,784372,5440,sigi_hmm
NC_014934.1,3664148,3671154,7006,sigi_hmm
NC_014934.1,3953291,3957364,4073,sigi_hmm
NC_015673.1,18282,25370,7088,sigi_hmm
NC_015673.1,125811,130318,4507,sigi_hmm
NC_015673.1,294506,305171,10665,sigi_hmm
NC_015673.1,308528,314210,5682,sigi_hmm
NC_015673.1,714208,732658,18450,sigi_hmm
NC_015673.1,1058230,1071167,12937,sigi_hmm
NC_015673.1,1079408,1090276,10868,sigi_hmm
NC_015673.1,1099188,1105019,5831,sigi_hmm
NC_015673.1,1818707,1823652,4945,sigi_hmm
NC_015673.1,1831016,1841351,10335,sigi_hmm
NC_015673.1,1854772,1867440,12668,sigi_hmm
NC_015673.1,1873473,1889852,16379,sigi_hmm
NC_015673.1,2214071,2229162,15091,sigi_hmm
NC_015673.1,2591473,2596844,5371,sigi_hmm
NC_013282.2,930567,936778,6211,sigi_hmm
NC_013282.2,1204154,1209546,5392,sigi_hmm
NC_013282.2,1213477,1220202,6725,sigi_hmm
NC_013282.2,1220607,1225791,5184,sigi_hmm
NC_013282.2,1227351,1232428,5077,sigi_hmm
NC_013282.2,1235234,1239608,4374,sigi_hmm
NC_013282.2,1240693,1251812,11119,sigi_hmm
NC_013282.2,1266974,1274479,7505,sigi_hmm
NC_013282.2,2039700,2044790,5090,sigi_hmm
NC_013282.2,2059647,2066159,6512,sigi_hmm
NC_013282.2,2589524,2595891,6367,sigi_hmm
NC_013282.2,2835395,2847656,12261,sigi_hmm
NC_013282.2,3222252,3232247,9995,sigi_hmm
NC_013282.2,3403277,3408303,5026,sigi_hmm
NC_013282.2,3408768,3412964,4196,sigi_hmm
NC_013282.2,3723406,3727465,4059,sigi_hmm
NC_014958.1,77299,82060,4761,sigi_hmm
NC_014958.1,107694,112729,5035,sigi_hmm
NC_014958.1,424540,430873,6333,sigi_hmm
NC_014958.1,520490,528523,8033,sigi_hmm
NC_014958.1,565833,573754,7921,sigi_hmm
NC_014958.1,852559,860659,8100,sigi_hmm
NC_014958.1,930881,936113,5232,sigi_hmm
NC_014958.1,1295251,1303038,7787,sigi_hmm
NC_014958.1,1342821,1348223,5402,sigi_hmm
NC_014958.1,1802907,1809673,6766,sigi_hmm
NC_014958.1,2136665,2141704,5039,sigi_hmm
NC_014958.1,2183781,2189504,5723,sigi_hmm
NC_014958.1,2756196,2762604,6408,sigi_hmm
NC_014958.1,2799839,2804241,4402,sigi_hmm
NC_014958.1,3002027,3008522,6495,sigi_hmm
NC_014958.1,3143349,3159065,15716,sigi_hmm
NC_014958.1,3220727,3226327,5600,sigi_hmm
NC_014958.1,3355291,3362163,6872,sigi_hmm
NC_015565.1,295780,313559,17779,sigi_hmm
NC_015565.1,316255,325611,9356,sigi_hmm
NC_015565.1,1744473,1749271,4798,sigi_hmm
NC_015565.1,1768239,1773128,4889,sigi_hmm
NC_015565.1,2415116,2422204,7088,sigi_hmm
NC_015565.1,2742503,2750535,8032,sigi_hmm
NC_015563.1,613531,617579,4048,sigi_hmm
NC_015563.1,1136321,1150885,14564,sigi_hmm
NC_015563.1,1602200,1608594,6394,sigi_hmm
NC_015563.1,1833977,1850762,16785,sigi_hmm
NC_015563.1,1854715,1867280,12565,sigi_hmm
NC_015563.1,1890726,1895018,4292,sigi_hmm
NC_015563.1,1899396,1903982,4586,sigi_hmm
NC_015563.1,1916940,1922725,5785,sigi_hmm
NC_015563.1,1935164,1939180,4016,sigi_hmm
NC_015563.1,1944820,1953173,8353,sigi_hmm
NC_015563.1,1959314,1963959,4645,sigi_hmm
NC_015563.1,1977605,1989014,11409,sigi_hmm
NC_015563.1,2002845,2018038,15193,sigi_hmm
NC_015563.1,2021181,2030946,9765,sigi_hmm
NC_015563.1,2045056,2049637,4581,sigi_hmm
NC_015563.1,3050080,3056557,6477,sigi_hmm
NC_015563.1,3211320,3217881,6561,sigi_hmm
NC_015563.1,3238968,3244111,5143,sigi_hmm
NC_015563.1,3272616,3282963,10347,sigi_hmm
NC_015563.1,3315317,3327408,12091,sigi_hmm
NC_015563.1,3409061,3415939,6878,sigi_hmm
NC_015563.1,3450825,3454867,4042,sigi_hmm
NC_015563.1,3519268,3529575,10307,sigi_hmm
NC_015563.1,3579654,3586771,7117,sigi_hmm
NC_015563.1,3588133,3592255,4122,sigi_hmm
NC_015563.1,3688532,3694775,6243,sigi_hmm
NC_015563.1,3804179,3808627,4448,sigi_hmm
NC_015563.1,3987366,3991419,4053,sigi_hmm
NC_015563.1,4036260,4041616,5356,sigi_hmm
NC_015563.1,4099865,4108170,8305,sigi_hmm
NC_015563.1,4557987,4563363,5376,sigi_hmm
NC_015563.1,4567082,4572582,5500,sigi_hmm
NC_015563.1,4591074,4597735,6661,sigi_hmm
NC_015563.1,4641223,4649316,8093,sigi_hmm
NC_015563.1,5294063,5301264,7201,sigi_hmm
NC_015563.1,5852773,5858621,5848,sigi_hmm
NC_015563.1,6366661,6373035,6374,sigi_hmm
NC_015275.1,514248,518415,4167,sigi_hmm
NC_015275.1,1680846,1687782,6936,sigi_hmm
NC_015275.1,3413196,3434776,21580,sigi_hmm
NC_015161.1,129590,133597,4007,sigi_hmm
NC_015161.1,1567374,1573849,6475,sigi_hmm
NC_015161.1,1754753,1767952,13199,sigi_hmm
NC_014961.1,420401,424545,4144,sigi_hmm
NC_015185.1,598302,603867,5565,sigi_hmm
NC_015185.1,770259,774463,4204,sigi_hmm
NC_014836.1,5954,10509,4555,sigi_hmm
NC_014836.1,318232,324534,6302,sigi_hmm
NC_014836.1,503709,511561,7852,sigi_hmm
NC_015589.1,49972,56679,6707,sigi_hmm
NC_015589.1,372588,378352,5764,sigi_hmm
NC_015589.1,456355,460454,4099,sigi_hmm
NC_015589.1,723215,731802,8587,sigi_hmm
NC_015589.1,824905,829206,4301,sigi_hmm
NC_015589.1,1248213,1259321,11108,sigi_hmm
NC_015589.1,1419025,1424899,5874,sigi_hmm
NC_015589.1,1435103,1447589,12486,sigi_hmm
NC_015589.1,1637521,1642204,4683,sigi_hmm
NC_015589.1,1713096,1717331,4235,sigi_hmm
NC_015589.1,2058223,2064412,6189,sigi_hmm
NC_015589.1,2979422,2987075,7653,sigi_hmm
NC_015589.1,3062560,3069309,6749,sigi_hmm
NC_015589.1,3093234,3099461,6227,sigi_hmm
NC_015589.1,3345650,3350368,4718,sigi_hmm
NC_015589.1,3621856,3631671,9815,sigi_hmm
NC_015589.1,3719936,3735731,15795,sigi_hmm
NC_015589.1,3738281,3747740,9459,sigi_hmm
NC_015589.1,3817772,3830597,12825,sigi_hmm
NC_015589.1,3859619,3864118,4499,sigi_hmm
NC_014828.1,113308,121397,8089,sigi_hmm
NC_014828.1,504784,515584,10800,sigi_hmm
NC_014828.1,546080,555048,8968,sigi_hmm
NC_014828.1,574063,588581,14518,sigi_hmm
NC_014828.1,600656,607869,7213,sigi_hmm
NC_014828.1,647566,657060,9494,sigi_hmm
NC_014828.1,663510,669611,6101,sigi_hmm
NC_014828.1,919124,925238,6114,sigi_hmm
NC_014828.1,951490,964326,12836,sigi_hmm
NC_014828.1,967569,971613,4044,sigi_hmm
NC_014828.1,1026709,1032963,6254,sigi_hmm
NC_014828.1,1043744,1065232,21488,sigi_hmm
NC_014828.1,1227644,1232643,4999,sigi_hmm
NC_014828.1,1336577,1353482,16905,sigi_hmm
NC_014828.1,1358920,1376967,18047,sigi_hmm
NC_014828.1,1380983,1402275,21292,sigi_hmm
NC_014828.1,1410855,1417434,6579,sigi_hmm
NC_014828.1,1638288,1647080,8792,sigi_hmm
NC_014828.1,1802184,1806356,4172,sigi_hmm
NC_014828.1,1811914,1823638,11724,sigi_hmm
NC_014828.1,1830732,1837439,6707,sigi_hmm
NC_014828.1,1911848,1916923,5075,sigi_hmm
NC_014828.1,1944957,1956293,11336,sigi_hmm
NC_014828.1,1996158,2004703,8545,sigi_hmm
NC_014828.1,2052477,2074149,21672,sigi_hmm
NC_014828.1,2075825,2083090,7265,sigi_hmm
NC_014828.1,2415744,2423026,7282,sigi_hmm
NC_014828.1,2504635,2510818,6183,sigi_hmm
NC_014828.1,2519147,2530212,11065,sigi_hmm
NC_014828.1,2611546,2629073,17527,sigi_hmm
NC_014828.1,2664153,2670929,6776,sigi_hmm
NC_015573.1,117978,125548,7570,sigi_hmm
NC_015573.1,127133,132630,5497,sigi_hmm
NC_015573.1,170983,176322,5339,sigi_hmm
NC_015573.1,574369,586990,12621,sigi_hmm
NC_015573.1,593913,603240,9327,sigi_hmm
NC_015573.1,658474,664139,5665,sigi_hmm
NC_015573.1,830827,836305,5478,sigi_hmm
NC_015573.1,843332,849717,6385,sigi_hmm
NC_015573.1,856359,862482,6123,sigi_hmm
NC_015573.1,1054435,1060205,5770,sigi_hmm
NC_015573.1,1067916,1073841,5925,sigi_hmm
NC_015573.1,1133776,1138169,4393,sigi_hmm
NC_015573.1,1614928,1619032,4104,sigi_hmm
NC_015573.1,1676692,1681791,5099,sigi_hmm
NC_015573.1,1738757,1746043,7286,sigi_hmm
NC_015573.1,2048101,2052883,4782,sigi_hmm
NC_015573.1,2066719,2071298,4579,sigi_hmm
NC_015573.1,2072453,2077362,4909,sigi_hmm
NC_015573.1,2200943,2206547,5604,sigi_hmm
NC_015573.1,2474839,2487398,12559,sigi_hmm
NC_015573.1,2494309,2498526,4217,sigi_hmm
NC_015573.1,2703480,2707898,4418,sigi_hmm
NC_015573.1,2907377,2911923,4546,sigi_hmm
NC_015573.1,2980277,2986249,5972,sigi_hmm
NC_015573.1,3248228,3258234,10006,sigi_hmm
NC_015573.1,3273634,3277955,4321,sigi_hmm
NC_015573.1,3289956,3293965,4009,sigi_hmm
NC_015460.1,1513539,1517667,4128,sigi_hmm
NC_015460.1,1746489,1751246,4757,sigi_hmm
NC_015460.1,2002737,2007748,5011,sigi_hmm
NC_015460.1,2291561,2298210,6649,sigi_hmm
NC_015460.1,2406937,2411168,4231,sigi_hmm
NC_015321.1,3471673,3475923,4250,sigi_hmm
NC_015656.1,111079,123838,12759,sigi_hmm
NC_015656.1,636189,641499,5310,sigi_hmm
NC_015656.1,1595505,1600008,4503,sigi_hmm
NC_015656.1,1953998,1958612,4614,sigi_hmm
NC_015660.1,306932,316232,9300,sigi_hmm
NC_015660.1,501356,508230,6874,sigi_hmm
NC_015660.1,513615,518674,5059,sigi_hmm
NC_015660.1,670353,677826,7473,sigi_hmm
NC_015660.1,1793019,1800139,7120,sigi_hmm
NC_015660.1,1889701,1893871,4170,sigi_hmm
NC_015660.1,1926007,1932983,6976,sigi_hmm
NC_015660.1,2547692,2551792,4100,sigi_hmm
NC_015660.1,2907979,2912776,4797,sigi_hmm
NC_015660.1,3189656,3194597,4941,sigi_hmm
NC_015660.1,3338702,3351666,12964,sigi_hmm
NC_015660.1,3530217,3536783,6566,sigi_hmm
NC_015672.1,375042,382440,7398,sigi_hmm
NC_015672.1,443062,448038,4976,sigi_hmm
NC_015672.1,798587,804616,6029,sigi_hmm
NC_014920.1,361081,369951,8870,sigi_hmm
NC_014920.1,443100,447542,4442,sigi_hmm
NC_014920.1,623859,628163,4304,sigi_hmm
NC_015666.1,284422,299199,14777,sigi_hmm
NC_015666.1,306075,312563,6488,sigi_hmm
NC_015666.1,318962,326496,7534,sigi_hmm
NC_015666.1,759681,764243,4562,sigi_hmm
NC_015666.1,1631687,1649026,17339,sigi_hmm
NC_015666.1,1857234,1862227,4993,sigi_hmm
NC_015666.1,2232159,2248102,15943,sigi_hmm
NC_015666.1,3623837,3628004,4167,sigi_hmm
NC_014922.1,833963,839975,6012,sigi_hmm
NC_014922.1,1375831,1382162,6331,sigi_hmm
NC_014922.1,1383661,1387986,4325,sigi_hmm
NC_014922.1,1598665,1602925,4260,sigi_hmm
NC_014922.1,1680269,1690209,9940,sigi_hmm
NC_014915.1,317006,325410,8404,sigi_hmm
NC_014915.1,372810,377626,4816,sigi_hmm
NC_014915.1,602832,610236,7404,sigi_hmm
NC_014915.1,733924,740759,6835,sigi_hmm
NC_014915.1,840471,845024,4553,sigi_hmm
NC_014915.1,1087821,1093452,5631,sigi_hmm
NC_014915.1,1381677,1391410,9733,sigi_hmm
NC_014915.1,1914986,1925623,10637,sigi_hmm
NC_014915.1,1934196,1941528,7332,sigi_hmm
NC_014915.1,2121627,2129790,8163,sigi_hmm
NC_014915.1,2202439,2211531,9092,sigi_hmm
NC_014915.1,2431766,2441563,9797,sigi_hmm
NC_014915.1,2853406,2858153,4747,sigi_hmm
NC_014915.1,2969235,2984569,15334,sigi_hmm
NC_014915.1,2987768,2996920,9152,sigi_hmm
NC_014915.1,3268493,3275004,6511,sigi_hmm
NC_015510.1,673227,682935,9708,sigi_hmm
NC_015510.1,1021555,1026142,4587,sigi_hmm
NC_015510.1,1101236,1111020,9784,sigi_hmm
NC_015510.1,1241021,1246179,5158,sigi_hmm
NC_015510.1,1861229,1868169,6940,sigi_hmm
NC_015510.1,1984587,1989719,5132,sigi_hmm
NC_015510.1,2218319,2223237,4918,sigi_hmm
NC_015510.1,2835796,2840068,4272,sigi_hmm
NC_015510.1,2915116,2925445,10329,sigi_hmm
NC_015510.1,3280350,3290226,9876,sigi_hmm
NC_015510.1,3388901,3394134,5233,sigi_hmm
NC_015510.1,3662524,3666822,4298,sigi_hmm
NC_015510.1,3822244,3828975,6731,sigi_hmm
NC_015510.1,4070581,4074960,4379,sigi_hmm
NC_015510.1,4120877,4124884,4007,sigi_hmm
NC_015510.1,4679372,4685854,6482,sigi_hmm
NC_015510.1,4993492,4997572,4080,sigi_hmm
NC_015510.1,5546306,5551383,5077,sigi_hmm
NC_015510.1,6027648,6032503,4855,sigi_hmm
NC_015510.1,6383618,6390936,7318,sigi_hmm
NC_015510.1,6849810,6854288,4478,sigi_hmm
NC_015663.1,11634,18027,6393,sigi_hmm
NC_015663.1,20036,34949,14913,sigi_hmm
NC_015663.1,249306,253658,4352,sigi_hmm
NC_015663.1,556228,562547,6319,sigi_hmm
NC_015663.1,565100,572770,7670,sigi_hmm
NC_015663.1,574125,584591,10466,sigi_hmm
NC_015663.1,775341,785899,10558,sigi_hmm
NC_015663.1,1363591,1378687,15096,sigi_hmm
NC_015663.1,1875082,1884288,9206,sigi_hmm
NC_015663.1,1885270,1889487,4217,sigi_hmm
NC_015663.1,1918659,1924088,5429,sigi_hmm
NC_015663.1,2093041,2104884,11843,sigi_hmm
NC_015663.1,2194712,2199127,4415,sigi_hmm
NC_015663.1,2317958,2322103,4145,sigi_hmm
NC_015663.1,2708892,2721673,12781,sigi_hmm
NC_015663.1,3473213,3486999,13786,sigi_hmm
NC_015663.1,3488800,3494615,5815,sigi_hmm
NC_015663.1,3748668,3753065,4397,sigi_hmm
NC_015663.1,3754542,3761509,6967,sigi_hmm
NC_015663.1,4059310,4063471,4161,sigi_hmm
NC_015663.1,4498020,4502849,4829,sigi_hmm
NC_015663.1,4510059,4514339,4280,sigi_hmm
NC_015663.1,4526249,4531268,5019,sigi_hmm
NC_015663.1,4531972,4536587,4615,sigi_hmm
NC_015663.1,4741912,4747078,5166,sigi_hmm
NC_015663.1,4753367,4758092,4725,sigi_hmm
NC_015663.1,4765899,4772937,7038,sigi_hmm
NC_015663.1,4779817,4785149,5332,sigi_hmm
NC_015663.1,4914498,4922019,7521,sigi_hmm
NC_015663.1,4991668,5005765,14097,sigi_hmm
NC_015663.1,5261147,5279510,18363,sigi_hmm
NC_015496.1,1278577,1283062,4485,sigi_hmm
NC_015496.1,1303813,1309876,6063,sigi_hmm
NC_015496.1,2538723,2546611,7888,sigi_hmm
NC_015496.1,3262865,3268603,5738,sigi_hmm
NC_014973.1,65863,73777,7914,sigi_hmm
NC_014973.1,497151,508584,11433,sigi_hmm
NC_014973.1,601793,617566,15773,sigi_hmm
NC_014973.1,620561,626836,6275,sigi_hmm
NC_014973.1,627217,631527,4310,sigi_hmm
NC_014973.1,1076257,1085187,8930,sigi_hmm
NC_014973.1,1144325,1150238,5913,sigi_hmm
NC_014973.1,1170384,1176372,5988,sigi_hmm
NC_014973.1,1263542,1271174,7632,sigi_hmm
NC_014973.1,1305508,1311576,6068,sigi_hmm
NC_014973.1,1340695,1350425,9730,sigi_hmm
NC_014973.1,1534726,1538897,4171,sigi_hmm
NC_014973.1,1587505,1592056,4551,sigi_hmm
NC_014973.1,1999204,2003916,4712,sigi_hmm
NC_014973.1,2007022,2011736,4714,sigi_hmm
NC_014973.1,2429014,2442783,13769,sigi_hmm
NC_014973.1,2701199,2707220,6021,sigi_hmm
NC_014973.1,2868532,2876536,8004,sigi_hmm
NC_014973.1,2901644,2918469,16825,sigi_hmm
NC_014973.1,2951316,2957346,6030,sigi_hmm
NC_014973.1,3296061,3300305,4244,sigi_hmm
NC_014973.1,3420689,3433030,12341,sigi_hmm
NC_014973.1,3438920,3455597,16677,sigi_hmm
NC_014973.1,3458127,3462604,4477,sigi_hmm
NC_014973.1,3469231,3482627,13396,sigi_hmm
NC_014973.1,3486721,3492316,5595,sigi_hmm
NC_014973.1,3504488,3512528,8040,sigi_hmm
NC_014973.1,3543964,3553789,9825,sigi_hmm
NC_014973.1,3701724,3710422,8698,sigi_hmm
NC_014973.1,4180251,4195723,15472,sigi_hmm
NC_014973.1,4520365,4526164,5799,sigi_hmm
NC_014973.1,4634096,4646181,12085,sigi_hmm
NC_014973.1,4662732,4667414,4682,sigi_hmm
NC_014973.1,4667991,4687589,19598,sigi_hmm
NC_014973.1,5103600,5107725,4125,sigi_hmm
NC_014973.1,5121250,5125488,4238,sigi_hmm
NC_015214.1,87528,91859,4331,sigi_hmm
NC_015214.1,240249,245126,4877,sigi_hmm
NC_015214.1,1467569,1479174,11605,sigi_hmm
NC_015214.1,1784669,1789717,5048,sigi_hmm
NC_015214.1,1819745,1824529,4784,sigi_hmm
NC_015214.1,1847567,1853039,5472,sigi_hmm
NC_015214.1,1860053,1869340,9287,sigi_hmm
NC_015214.1,1895079,1899285,4206,sigi_hmm
NC_015588.1,105972,110837,4865,sigi_hmm
NC_015588.1,175757,191507,15750,sigi_hmm
NC_015588.1,949496,962025,12529,sigi_hmm
NC_015588.1,1219109,1233290,14181,sigi_hmm
NC_015588.1,1242115,1251281,9166,sigi_hmm
NC_015588.1,1860403,1866217,5814,sigi_hmm
NC_015588.1,2199934,2208176,8242,sigi_hmm
NC_015588.1,2211573,2216666,5093,sigi_hmm
NC_015588.1,2294525,2298603,4078,sigi_hmm
NC_015588.1,3013298,3021406,8108,sigi_hmm
NC_015588.1,3194328,3198999,4671,sigi_hmm
NC_015638.1,1781115,1788682,7567,sigi_hmm
NC_015638.1,3211120,3216185,5065,sigi_hmm
NC_015638.1,3219164,3226084,6920,sigi_hmm
NC_014830.1,40045,46099,6054,sigi_hmm
NC_014830.1,342187,347952,5765,sigi_hmm
NC_014830.1,540429,547937,7508,sigi_hmm
NC_014830.1,1265171,1277071,11900,sigi_hmm
NC_014830.1,1875618,1886403,10785,sigi_hmm
NC_014830.1,2946042,2958127,12085,sigi_hmm
NC_014830.1,3163598,3168569,4971,sigi_hmm
NC_014830.1,3217962,3223566,5604,sigi_hmm
NC_014830.1,3283897,3288366,4469,sigi_hmm
NC_014830.1,3290693,3298084,7391,sigi_hmm
NC_014830.1,3412795,3420677,7882,sigi_hmm
NC_014830.1,3430182,3435187,5005,sigi_hmm
NC_014830.1,3447417,3451827,4410,sigi_hmm
NC_014830.1,3463866,3479263,15397,sigi_hmm
NC_014830.1,3480705,3486964,6259,sigi_hmm
NC_015602.1,1671995,1676790,4795,sigi_hmm
NC_015602.1,1793459,1797516,4057,sigi_hmm
NC_015602.1,1960663,1966992,6329,sigi_hmm
NC_015387.1,948848,955959,7111,sigi_hmm
NC_015387.1,957719,963360,5641,sigi_hmm
NC_015387.1,1098920,1104211,5291,sigi_hmm
NC_015387.1,1289525,1296233,6708,sigi_hmm
NC_015387.1,1827930,1834782,6852,sigi_hmm
NC_015520.1,1689664,1701111,11447,sigi_hmm
NC_015520.1,1709467,1715328,5861,sigi_hmm
NC_015520.1,2408323,2415096,6773,sigi_hmm
NC_015520.1,2629443,2636776,7333,sigi_hmm
NC_015520.1,2674425,2687100,12675,sigi_hmm
NC_015520.1,2977362,2989443,12081,sigi_hmm
NC_015520.1,2992777,3015062,22285,sigi_hmm
NC_015562.1,242340,246830,4490,sigi_hmm
NC_015276.1,425828,430616,4788,sigi_hmm
NC_015276.1,646354,653697,7343,sigi_hmm
NC_015276.1,2324177,2333607,9430,sigi_hmm
NC_015516.1,1494835,1499141,4306,sigi_hmm
NC_015416.1,358602,362867,4265,sigi_hmm
NC_015416.1,629831,633918,4087,sigi_hmm
NC_015416.1,1112542,1116806,4264,sigi_hmm
NC_015416.1,1484342,1497943,13601,sigi_hmm
NC_015416.1,1686148,1700586,14438,sigi_hmm
NC_015416.1,1988932,1993029,4097,sigi_hmm
NC_015416.1,2120585,2127851,7266,sigi_hmm
NC_015216.1,815304,832170,16866,sigi_hmm
NC_015216.1,1108418,1116769,8351,sigi_hmm
NC_015216.1,1124530,1134030,9500,sigi_hmm
NC_015216.1,2041001,2047207,6206,sigi_hmm
NC_015216.1,2186377,2191503,5126,sigi_hmm
NC_015216.1,2346098,2352500,6402,sigi_hmm
NC_015574.1,676426,690796,14370,sigi_hmm
NC_015574.1,936815,942132,5317,sigi_hmm
NC_015574.1,1122267,1127353,5086,sigi_hmm
NC_015574.1,1246860,1253388,6528,sigi_hmm
NC_015574.1,1330043,1336286,6243,sigi_hmm
NC_015574.1,1468261,1473913,5652,sigi_hmm
NC_015574.1,2310772,2316132,5360,sigi_hmm
NC_015572.1,2521597,2526262,4665,sigi_hmm
NC_015572.1,4075919,4081949,6030,sigi_hmm
NC_015559.1,62144,69134,6990,sigi_hmm
NC_015559.1,170944,175957,5013,sigi_hmm
NC_015559.1,526262,537631,11369,sigi_hmm
NC_015559.1,725280,734713,9433,sigi_hmm
NC_015559.1,812623,817559,4936,sigi_hmm
NC_015559.1,856999,863464,6465,sigi_hmm
NC_015559.1,966132,975164,9032,sigi_hmm
NC_015559.1,1258157,1262172,4015,sigi_hmm
NC_015559.1,1438450,1443214,4764,sigi_hmm
NC_015559.1,1449919,1453970,4051,sigi_hmm
NC_015559.1,1661412,1667065,5653,sigi_hmm
NC_015559.1,2501172,2506024,4852,sigi_hmm
NC_015559.1,2736735,2740863,4128,sigi_hmm
NC_015635.1,106717,111522,4805,sigi_hmm
NC_015635.1,935834,943327,7493,sigi_hmm
NC_015635.1,1522531,1527334,4803,sigi_hmm
NC_015635.1,3550360,3555707,5347,sigi_hmm
NC_015635.1,5162240,5185614,23374,sigi_hmm
NC_015635.1,5200953,5209485,8532,sigi_hmm
NC_015635.1,5246667,5251956,5289,sigi_hmm
NC_015125.1,228637,254030,25393,sigi_hmm
NC_015125.1,787548,792117,4569,sigi_hmm
NC_015125.1,798461,805392,6931,sigi_hmm
NC_015125.1,1143324,1150303,6979,sigi_hmm
NC_015125.1,1680807,1686455,5648,sigi_hmm
NC_015125.1,2296041,2301621,5580,sigi_hmm
NC_015125.1,2448054,2462517,14463,sigi_hmm
NC_015125.1,3288577,3302365,13788,sigi_hmm
NC_015160.1,76284,81030,4746,sigi_hmm
NC_015160.1,403759,408581,4822,sigi_hmm
NC_015160.1,441959,449075,7116,sigi_hmm
NC_015160.1,617693,626731,9038,sigi_hmm
NC_015160.1,947550,964354,16804,sigi_hmm
NC_015160.1,1024852,1029666,4814,sigi_hmm
NC_015160.1,1068931,1073020,4089,sigi_hmm
NC_015160.1,1356562,1362237,5675,sigi_hmm
NC_015160.1,1498690,1504663,5973,sigi_hmm
NC_015160.1,1738596,1744408,5812,sigi_hmm
NC_015160.1,2008964,2020401,11437,sigi_hmm
NC_015160.1,2392468,2403972,11504,sigi_hmm
NC_015160.1,2699695,2709151,9456,sigi_hmm
NC_015160.1,2910522,2914747,4225,sigi_hmm
NC_015160.1,3308349,3312669,4320,sigi_hmm
NC_015160.1,3564999,3571258,6259,sigi_hmm
NC_015160.1,3937709,3945207,7498,sigi_hmm
NC_015160.1,4246230,4254700,8470,sigi_hmm
NC_015160.1,4314802,4321038,6236,sigi_hmm
NC_015160.1,4325980,4330328,4348,sigi_hmm
NC_015580.1,158536,163367,4831,sigi_hmm
NC_015580.1,303090,310618,7528,sigi_hmm
NC_015580.1,321298,328327,7029,sigi_hmm
NC_015580.1,1338333,1344102,5769,sigi_hmm
NC_015580.1,1574437,1580157,5720,sigi_hmm
NC_015580.1,1584078,1599831,15753,sigi_hmm
NC_015580.1,1617480,1623516,6036,sigi_hmm
NC_015580.1,1761870,1771100,9230,sigi_hmm
NC_015580.1,3838549,3850835,12286,sigi_hmm
NC_015222.1,71132,77334,6202,sigi_hmm
NC_015222.1,427349,432466,5117,sigi_hmm
NC_015222.1,824681,829675,4994,sigi_hmm
NC_015222.1,2464880,2469099,4219,sigi_hmm
NC_015222.1,2470299,2475145,4846,sigi_hmm
NC_015222.1,3143349,3152293,8944,sigi_hmm
NC_014935.1,36468,41915,5447,sigi_hmm
NC_014935.1,350860,359269,8409,sigi_hmm
NC_014935.1,719509,728195,8686,sigi_hmm
NC_014935.1,740049,745726,5677,sigi_hmm
NC_014935.1,841434,846796,5362,sigi_hmm
NC_014935.1,1053293,1060806,7513,sigi_hmm
NC_014935.1,1164429,1172600,8171,sigi_hmm
NC_014935.1,1174905,1181683,6778,sigi_hmm
NC_014935.1,1192660,1201405,8745,sigi_hmm
NC_014935.1,1296689,1302042,5353,sigi_hmm
NC_014935.1,1396903,1401739,4836,sigi_hmm
NC_014935.1,1404134,1423718,19584,sigi_hmm
NC_014935.1,1519576,1523723,4147,sigi_hmm
NC_014935.1,1711553,1731396,19843,sigi_hmm
NC_014935.1,1784360,1792792,8432,sigi_hmm
NC_014935.1,1795492,1802254,6762,sigi_hmm
NC_014935.1,1840445,1844703,4258,sigi_hmm
NC_014935.1,1923908,1928080,4172,sigi_hmm
NC_014935.1,1960516,1970823,10307,sigi_hmm
NC_014935.1,2005570,2017916,12346,sigi_hmm
NC_015177.1,1571446,1576873,5427,sigi_hmm
NC_015177.1,1826109,1835595,9486,sigi_hmm
NC_015177.1,1863608,1869470,5862,sigi_hmm
NC_015177.1,1879441,1883761,4320,sigi_hmm
NC_015177.1,1924687,1935939,11252,sigi_hmm
NC_015177.1,1945019,1950423,5404,sigi_hmm
NC_015177.1,1957333,1969342,12009,sigi_hmm
NC_015177.1,4168031,4175040,7009,sigi_hmm
NC_015571.1,179039,186910,7871,sigi_hmm
NC_015571.1,418988,423636,4648,sigi_hmm
NC_015571.1,2014075,2018882,4807,sigi_hmm
NC_015571.1,2069579,2074597,5018,sigi_hmm
NC_015571.1,2084933,2091806,6873,sigi_hmm
NC_015174.1,861303,868691,7388,sigi_hmm
NC_015174.1,1115212,1124017,8805,sigi_hmm
NC_015174.1,2307423,2311712,4289,sigi_hmm
NC_015174.1,5163801,5171511,7710,sigi_hmm
NC_015501.1,880730,887809,7079,sigi_hmm
NC_015501.1,1206730,1211616,4886,sigi_hmm
NC_015501.1,1772229,1780668,8439,sigi_hmm
NC_015501.1,1952688,1958635,5947,sigi_hmm
NC_015259.1,314738,318897,4159,sigi_hmm
NC_015259.1,491075,507821,16746,sigi_hmm
NC_015259.1,535070,553665,18595,sigi_hmm
NC_015259.1,644585,649481,4896,sigi_hmm
NC_015259.1,659055,667832,8777,sigi_hmm
NC_015259.1,670085,674105,4020,sigi_hmm
NC_015259.1,678054,690058,12004,sigi_hmm
NC_015259.1,695587,701085,5498,sigi_hmm
NC_015259.1,708233,712721,4488,sigi_hmm
NC_015259.1,716282,721440,5158,sigi_hmm
NC_015259.1,745551,753026,7475,sigi_hmm
NC_015259.1,1079267,1083438,4171,sigi_hmm
NC_015259.1,1221849,1227436,5587,sigi_hmm
NC_015259.1,1526662,1531587,4925,sigi_hmm
NC_015259.1,2766456,2779237,12781,sigi_hmm
NC_015259.1,3892502,3897964,5462,sigi_hmm
NC_015259.1,3907306,3913280,5974,sigi_hmm
NC_015259.1,4404522,4409716,5194,sigi_hmm
NC_014923.1,82589,90727,8138,sigi_hmm
NC_014923.1,1254711,1263154,8443,sigi_hmm
NC_014923.1,2446248,2452186,5938,sigi_hmm
NC_014923.1,2670269,2690553,20284,sigi_hmm
NC_014923.1,2892927,2899772,6845,sigi_hmm
NC_014923.1,2975051,2979099,4048,sigi_hmm
NC_014923.1,3937057,3945873,8816,sigi_hmm
NC_014923.1,3963240,3968989,5749,sigi_hmm
NC_014923.1,3978823,3985767,6944,sigi_hmm
NC_014923.1,4021715,4035583,13868,sigi_hmm
NC_014923.1,5524714,5542051,17337,sigi_hmm
NC_014923.1,5683917,5690733,6816,sigi_hmm
NC_014923.1,5727217,5739655,12438,sigi_hmm
NC_014923.1,5743439,5753664,10225,sigi_hmm
NC_014923.1,5765660,5779029,13369,sigi_hmm
NC_014923.1,5781737,5800026,18289,sigi_hmm
NC_014923.1,5802289,5806865,4576,sigi_hmm
NC_014923.1,5811240,5820148,8908,sigi_hmm
NC_014923.1,5843823,5848335,4512,sigi_hmm
NC_014923.1,5872964,5900256,27292,sigi_hmm
NC_014923.1,5912534,5927848,15314,sigi_hmm
NC_014923.1,5948195,5958349,10154,sigi_hmm
NC_014923.1,5964038,6010584,46546,sigi_hmm
NC_014923.1,6020130,6025278,5148,sigi_hmm
NC_014923.1,6063142,6078051,14909,sigi_hmm
NC_014923.1,6086260,6098193,11933,sigi_hmm
NC_014923.1,6103529,6113430,9901,sigi_hmm
NC_014837.1,394417,404024,9607,sigi_hmm
NC_014837.1,1149782,1158716,8934,sigi_hmm
NC_014837.1,1579035,1588713,9678,sigi_hmm
NC_014837.1,1877985,1884702,6717,sigi_hmm
NC_014837.1,1892700,1897509,4809,sigi_hmm
NC_014837.1,2327910,2334603,6693,sigi_hmm
NC_014837.1,2340494,2347320,6826,sigi_hmm
NC_014837.1,2347842,2354244,6402,sigi_hmm
NC_014837.1,2465643,2470630,4987,sigi_hmm
NC_014837.1,2764115,2770104,5989,sigi_hmm
NC_014837.1,3134979,3139832,4853,sigi_hmm
NC_014837.1,3279473,3286762,7289,sigi_hmm
NC_014837.1,3644798,3651978,7180,sigi_hmm
NC_014837.1,3781972,3787486,5514,sigi_hmm
NC_015556.1,142985,148068,5083,sigi_hmm
NC_015556.1,1357005,1361635,4630,sigi_hmm
NC_015556.1,2273319,2277505,4186,sigi_hmm
NC_015556.1,2286492,2291028,4536,sigi_hmm
NC_015556.1,2311476,2323894,12418,sigi_hmm
NC_015556.1,2332683,2340221,7538,sigi_hmm
NC_015556.1,4080275,4091171,10896,sigi_hmm
NC_015556.1,4128157,4132417,4260,sigi_hmm
NC_015556.1,4552889,4564887,11998,sigi_hmm
NC_015410.1,715432,720526,5094,sigi_hmm
NC_015410.1,2151719,2157510,5791,sigi_hmm
NC_015410.1,2160150,2180672,20522,sigi_hmm
NC_015410.1,2268392,2273090,4698,sigi_hmm
NC_015410.1,2375677,2380166,4489,sigi_hmm
NC_015410.1,2514420,2518773,4353,sigi_hmm
NC_015410.1,2708412,2715324,6912,sigi_hmm
NC_015410.1,2717086,2730145,13059,sigi_hmm
NC_015410.1,2848182,2852466,4284,sigi_hmm
NC_015410.1,3059265,3078251,18986,sigi_hmm
NC_015410.1,3101374,3110511,9137,sigi_hmm
NC_015410.1,3113908,3120353,6445,sigi_hmm
NC_015410.1,3121907,3129430,7523,sigi_hmm
NC_015410.1,3132171,3137507,5336,sigi_hmm
NC_015410.1,3142299,3147999,5700,sigi_hmm
NC_015410.1,3149785,3155408,5623,sigi_hmm
NC_015410.1,3215445,3221781,6336,sigi_hmm
NC_015410.1,5216948,5224886,7938,sigi_hmm
NC_013956.2,603256,612698,9442,sigi_hmm
NC_013956.2,616575,621948,5373,sigi_hmm
NC_013956.2,1770923,1775700,4777,sigi_hmm
NC_013956.2,2001385,2006857,5472,sigi_hmm
NC_013956.2,2768122,2776002,7880,sigi_hmm
NC_013956.2,3279884,3284593,4709,sigi_hmm
NC_013956.2,3286703,3294333,7630,sigi_hmm
NC_013956.2,3539107,3543774,4667,sigi_hmm
NC_013956.2,3654213,3671209,16996,sigi_hmm
NC_013956.2,4334405,4346040,11635,sigi_hmm
NC_013956.2,4510541,4516626,6085,sigi_hmm
NC_013956.2,4597280,4601357,4077,sigi_hmm
NC_015458.1,271753,277317,5564,sigi_hmm
NC_015458.1,339683,351679,11996,sigi_hmm
NC_015458.1,678011,686379,8368,sigi_hmm
NC_015458.1,991617,997085,5468,sigi_hmm
NC_015458.1,1006834,1010896,4062,sigi_hmm
NC_015458.1,1698329,1704172,5843,sigi_hmm
NC_015458.1,1947416,1952511,5095,sigi_hmm
NC_015458.1,2342545,2346770,4225,sigi_hmm
NC_015458.1,2620479,2642079,21600,sigi_hmm
NC_015458.1,2991333,2996739,5406,sigi_hmm
NC_015458.1,3004136,3010425,6289,sigi_hmm
NC_015458.1,3154438,3160941,6503,sigi_hmm
NC_015458.1,3338566,3345363,6797,sigi_hmm
NC_015458.1,3402529,3407070,4541,sigi_hmm
NC_015474.1,1008533,1012907,4374,sigi_hmm
NC_015474.1,1212141,1216393,4252,sigi_hmm
NC_015474.1,1810610,1814627,4017,sigi_hmm
NC_015311.1,30206,35138,4932,sigi_hmm
NC_015311.1,35805,40445,4640,sigi_hmm
NC_015311.1,156280,163285,7005,sigi_hmm
NC_015311.1,169400,178957,9557,sigi_hmm
NC_015311.1,241775,246362,4587,sigi_hmm
NC_015311.1,412530,430638,18108,sigi_hmm
NC_015311.1,820633,825545,4912,sigi_hmm
NC_015311.1,1620568,1633206,12638,sigi_hmm
NC_015311.1,1867505,1872030,4525,sigi_hmm
NC_015311.1,1882750,1887628,4878,sigi_hmm
NC_015311.1,1900237,1905207,4970,sigi_hmm
NC_015311.1,2049343,2053412,4069,sigi_hmm
NC_015311.1,2080558,2091903,11345,sigi_hmm
NC_015311.1,2094665,2102697,8032,sigi_hmm
NC_015311.1,2276608,2284286,7678,sigi_hmm
NC_015311.1,2287052,2292265,5213,sigi_hmm
NC_015311.1,2292859,2298954,6095,sigi_hmm
NC_015311.1,2307470,2311741,4271,sigi_hmm
NC_015311.1,2364104,2368557,4453,sigi_hmm
NC_015311.1,2373923,2380153,6230,sigi_hmm
NC_015311.1,2636132,2649037,12905,sigi_hmm
NC_015311.1,2651859,2658308,6449,sigi_hmm
NC_015311.1,2831951,2844740,12789,sigi_hmm
NC_015379.1,100724,106865,6141,sigi_hmm
NC_015379.1,922409,927648,5239,sigi_hmm
NC_015379.1,934024,939808,5784,sigi_hmm
NC_015379.1,945347,950958,5611,sigi_hmm
NC_015379.1,953483,957534,4051,sigi_hmm
NC_015379.1,964303,970139,5836,sigi_hmm
NC_015379.1,1157148,1173269,16121,sigi_hmm
NC_015379.1,1223453,1232375,8922,sigi_hmm
NC_015379.1,1335346,1341039,5693,sigi_hmm
NC_015379.1,1480839,1485137,4298,sigi_hmm
NC_015379.1,1608400,1614511,6111,sigi_hmm
NC_015379.1,1894453,1899905,5452,sigi_hmm
NC_015379.1,1900599,1907009,6410,sigi_hmm
NC_015379.1,1916686,1920842,4156,sigi_hmm
NC_015379.1,1923449,1928037,4588,sigi_hmm
NC_015379.1,2429114,2453864,24750,sigi_hmm
NC_015379.1,2458170,2471896,13726,sigi_hmm
NC_015379.1,2485896,2491800,5904,sigi_hmm
NC_015379.1,2514184,2518803,4619,sigi_hmm
NC_015379.1,2521051,2525066,4015,sigi_hmm
NC_015379.1,2526547,2532968,6421,sigi_hmm
NC_015379.1,2563175,2567611,4436,sigi_hmm
NC_015379.1,2572387,2576676,4289,sigi_hmm
NC_015379.1,2671694,2681251,9557,sigi_hmm
NC_015379.1,3566187,3570641,4454,sigi_hmm
NC_015379.1,3748900,3755095,6195,sigi_hmm
NC_015379.1,4257528,4267652,10124,sigi_hmm
NC_015379.1,4272738,4276917,4179,sigi_hmm
NC_015379.1,4636998,4641077,4079,sigi_hmm
NC_015379.1,4647767,4652071,4304,sigi_hmm
NC_015379.1,4654187,4659065,4878,sigi_hmm
NC_015379.1,4691868,4696453,4585,sigi_hmm
NC_015379.1,4698120,4707824,9704,sigi_hmm
NC_015379.1,6031638,6036476,4838,sigi_hmm
NC_015379.1,6165542,6173429,7887,sigi_hmm
NC_015379.1,6232535,6249206,16671,sigi_hmm
NC_015379.1,6723758,6728298,4540,sigi_hmm
NC_015591.1,166806,173075,6269,sigi_hmm
NC_015567.1,76994,87458,10464,sigi_hmm
NC_015567.1,313035,317776,4741,sigi_hmm
NC_015567.1,351885,357153,5268,sigi_hmm
NC_015567.1,364823,370115,5292,sigi_hmm
NC_015567.1,379346,387199,7853,sigi_hmm
NC_015567.1,557479,569779,12300,sigi_hmm
NC_015567.1,1138936,1143482,4546,sigi_hmm
NC_015567.1,1216818,1221349,4531,sigi_hmm
NC_015567.1,1227130,1239937,12807,sigi_hmm
NC_015567.1,1677626,1685461,7835,sigi_hmm
NC_015567.1,1700364,1708442,8078,sigi_hmm
NC_015567.1,2048978,2056169,7191,sigi_hmm
NC_015567.1,2133045,2137638,4593,sigi_hmm
NC_015567.1,2338245,2343406,5161,sigi_hmm
NC_015567.1,3424990,3444776,19786,sigi_hmm
NC_015567.1,3458507,3464047,5540,sigi_hmm
NC_015567.1,4154335,4164536,10201,sigi_hmm
NC_015567.1,4361168,4369819,8651,sigi_hmm
NC_015567.1,4370117,4375085,4968,sigi_hmm
NC_015567.1,4445350,4450649,5299,sigi_hmm
NC_015567.1,4552760,4569868,17108,sigi_hmm
NC_015566.1,76994,87458,10464,sigi_hmm
NC_015566.1,312870,317611,4741,sigi_hmm
NC_015566.1,351720,356988,5268,sigi_hmm
NC_015566.1,364637,369929,5292,sigi_hmm
NC_015566.1,379160,387013,7853,sigi_hmm
NC_015566.1,557293,569593,12300,sigi_hmm
NC_015566.1,1138751,1143297,4546,sigi_hmm
NC_015566.1,1216633,1221164,4531,sigi_hmm
NC_015566.1,1226945,1239752,12807,sigi_hmm
NC_015566.1,1677614,1685449,7835,sigi_hmm
NC_015566.1,1700352,1708430,8078,sigi_hmm
NC_015566.1,2048966,2056157,7191,sigi_hmm
NC_015566.1,2133033,2137626,4593,sigi_hmm
NC_015566.1,2338234,2343395,5161,sigi_hmm
NC_015566.1,3425116,3444902,19786,sigi_hmm
NC_015566.1,3458633,3464173,5540,sigi_hmm
NC_015566.1,4154463,4164664,10201,sigi_hmm
NC_015566.1,4361296,4369947,8651,sigi_hmm
NC_015566.1,4370245,4375213,4968,sigi_hmm
NC_015566.1,4445478,4450777,5299,sigi_hmm
NC_015566.1,4552888,4569996,17108,sigi_hmm
NC_015590.1,149157,165508,16351,sigi_hmm
NC_015590.1,308003,313878,5875,sigi_hmm
NC_015590.1,1408076,1412079,4003,sigi_hmm
NC_015590.1,1417464,1429164,11700,sigi_hmm
NC_015590.1,2295803,2305155,9352,sigi_hmm
NC_015590.1,2332647,2345034,12387,sigi_hmm
NC_015590.1,3514527,3518597,4070,sigi_hmm
NC_015437.1,34432,55557,21125,sigi_hmm
NC_015437.1,64083,68115,4032,sigi_hmm
NC_015437.1,169215,176451,7236,sigi_hmm
NC_015437.1,444310,449987,5677,sigi_hmm
NC_015437.1,577232,583658,6426,sigi_hmm
NC_015437.1,704161,711005,6844,sigi_hmm
NC_015437.1,720410,725812,5402,sigi_hmm
NC_015437.1,729126,739342,10216,sigi_hmm
NC_015437.1,1073051,1078585,5534,sigi_hmm
NC_015437.1,1088799,1097094,8295,sigi_hmm
NC_015437.1,1512886,1518462,5576,sigi_hmm
NC_015437.1,1691292,1696390,5098,sigi_hmm
NC_015437.1,2336483,2341138,4655,sigi_hmm
NC_015594.1,117788,146422,28634,sigi_hmm
NC_015594.1,159224,172693,13469,sigi_hmm
NC_015594.1,221090,229754,8664,sigi_hmm
NC_015594.1,278122,288071,9949,sigi_hmm
NC_015594.1,397300,413349,16049,sigi_hmm
NC_015594.1,417614,422913,5299,sigi_hmm
NC_015594.1,433254,440439,7185,sigi_hmm
NC_015594.1,462213,470909,8696,sigi_hmm
NC_015594.1,489367,507833,18466,sigi_hmm
NC_015594.1,891344,903947,12603,sigi_hmm
NC_015312.1,44373,48400,4027,sigi_hmm
NC_015312.1,1199207,1203551,4344,sigi_hmm
NC_015312.1,1300847,1305076,4229,sigi_hmm
NC_015312.1,1318802,1323133,4331,sigi_hmm
NC_015312.1,1325885,1337782,11897,sigi_hmm
NC_015312.1,1378990,1383727,4737,sigi_hmm
NC_015312.1,2291903,2298725,6822,sigi_hmm
NC_015312.1,3680116,3693309,13193,sigi_hmm
NC_015312.1,3695403,3703768,8365,sigi_hmm
NC_015312.1,3712621,3719786,7165,sigi_hmm
NC_015312.1,3739174,3744337,5163,sigi_hmm
NC_015312.1,4716784,4722873,6089,sigi_hmm
NC_015312.1,5585339,5590927,5588,sigi_hmm
NC_015312.1,5884036,5889729,5693,sigi_hmm
NC_015596.1,1450463,1455404,4941,sigi_hmm
NC_015596.1,1509763,1514062,4299,sigi_hmm
NC_015596.1,1519441,1523627,4186,sigi_hmm
NC_015596.1,1566085,1585188,19103,sigi_hmm
NC_015152.1,286226,299494,13268,sigi_hmm
NC_015152.1,315780,320419,4639,sigi_hmm
NC_015152.1,395985,404865,8880,sigi_hmm
NC_015152.1,406212,413684,7472,sigi_hmm
NC_015152.1,419277,431117,11840,sigi_hmm
NC_015152.1,1609429,1618741,9312,sigi_hmm
NC_015152.1,2036181,2047064,10883,sigi_hmm
NC_015152.1,2559025,2570449,11424,sigi_hmm
NC_015152.1,2572540,2577118,4578,sigi_hmm
NC_015152.1,2584765,2597521,12756,sigi_hmm
NC_015152.1,2839913,2846908,6995,sigi_hmm
NC_015152.1,2894837,2900544,5707,sigi_hmm
NC_014833.1,801015,806906,5891,sigi_hmm
NC_014833.1,1322090,1326430,4340,sigi_hmm
NC_014833.1,1610987,1616058,5071,sigi_hmm
NC_014833.1,2595483,2606381,10898,sigi_hmm
NC_014833.1,3022118,3026507,4389,sigi_hmm
NC_014833.1,3069523,3073601,4078,sigi_hmm
NC_015593.1,167856,176514,8658,sigi_hmm
NC_015593.1,185248,192743,7495,sigi_hmm
NC_015593.1,480165,485508,5343,sigi_hmm
NC_015593.1,804371,810266,5895,sigi_hmm
NC_015593.1,1594378,1602556,8178,sigi_hmm
NC_015593.1,2053178,2059175,5997,sigi_hmm
NC_015593.1,2109868,2120578,10710,sigi_hmm
NC_015593.1,2561852,2581081,19229,sigi_hmm
NC_015593.1,2737453,2741968,4515,sigi_hmm
NC_015593.1,2851430,2856232,4802,sigi_hmm
NC_015593.1,2858717,2864234,5517,sigi_hmm
NC_015593.1,2869118,2883209,14091,sigi_hmm
NC_015593.1,2921788,2927768,5980,sigi_hmm
NC_015593.1,2930595,2937884,7289,sigi_hmm
NC_015215.1,94869,105667,10798,sigi_hmm
NC_015215.1,271905,287907,16002,sigi_hmm
NC_015215.1,968940,974917,5977,sigi_hmm
NC_015215.1,1078171,1083922,5751,sigi_hmm
NC_015215.1,1107791,1113569,5778,sigi_hmm
NC_015215.1,2019858,2024682,4824,sigi_hmm
NC_015215.1,2303991,2308763,4772,sigi_hmm
NC_015291.1,88849,93432,4583,sigi_hmm
NC_015291.1,94796,102793,7997,sigi_hmm
NC_015291.1,195462,200319,4857,sigi_hmm
NC_015291.1,273796,277834,4038,sigi_hmm
NC_015291.1,300542,307556,7014,sigi_hmm
NC_015291.1,473064,479676,6612,sigi_hmm
NC_015291.1,525636,530074,4438,sigi_hmm
NC_015291.1,640658,645272,4614,sigi_hmm
NC_015291.1,858113,862139,4026,sigi_hmm
NC_015291.1,951326,956704,5378,sigi_hmm
NC_015291.1,1002820,1013668,10848,sigi_hmm
NC_015291.1,1220847,1230623,9776,sigi_hmm
NC_015291.1,1618976,1624163,5187,sigi_hmm
NC_015291.1,1834320,1838550,4230,sigi_hmm
NC_015291.1,1839657,1844795,5138,sigi_hmm
NC_015291.1,1888265,1892695,4430,sigi_hmm
NC_015291.1,1925823,1931690,5867,sigi_hmm
NC_015291.1,1949743,1956280,6537,sigi_hmm
NC_015558.1,1623492,1627582,4090,sigi_hmm
NC_015600.1,233551,243237,9686,sigi_hmm
NC_015600.1,446050,451375,5325,sigi_hmm
NC_015600.1,850607,854675,4068,sigi_hmm
NC_015600.1,953209,959651,6442,sigi_hmm
NC_015600.1,1137689,1149304,11615,sigi_hmm
NC_015600.1,1156303,1163394,7091,sigi_hmm
NC_015600.1,1192620,1204514,11894,sigi_hmm
NC_015600.1,1673226,1678465,5239,sigi_hmm
NC_015600.1,1723383,1743387,20004,sigi_hmm
NC_015436.1,17397,23926,6529,sigi_hmm
NC_015436.1,273374,284367,10993,sigi_hmm
NC_015436.1,482820,489629,6809,sigi_hmm
NC_015436.1,489906,494383,4477,sigi_hmm
NC_015436.1,571477,577290,5813,sigi_hmm
NC_015436.1,636852,651036,14184,sigi_hmm
NC_015436.1,960947,967316,6369,sigi_hmm
NC_015436.1,1293817,1301671,7854,sigi_hmm
NC_015436.1,1318713,1325806,7093,sigi_hmm
NC_015436.1,1765405,1769893,4488,sigi_hmm
NC_014925.1,129182,136260,7078,sigi_hmm
NC_014925.1,2201927,2212592,10665,sigi_hmm
NC_015433.1,18493,28291,9798,sigi_hmm
NC_015433.1,93348,106914,13566,sigi_hmm
NC_015433.1,201104,213749,12645,sigi_hmm
NC_015433.1,469312,473919,4607,sigi_hmm
NC_015433.1,518829,530754,11925,sigi_hmm
NC_015433.1,702170,713849,11679,sigi_hmm
NC_015433.1,750182,755757,5575,sigi_hmm
NC_015433.1,1320063,1329297,9234,sigi_hmm
NC_015433.1,2003812,2013303,9491,sigi_hmm
NC_014623.1,1607184,1614730,7546,sigi_hmm
NC_014623.1,2440148,2446954,6806,sigi_hmm
NC_014623.1,2992009,3003363,11354,sigi_hmm
NC_014623.1,3041845,3047098,5253,sigi_hmm
NC_014623.1,3054969,3066173,11204,sigi_hmm
NC_014623.1,3084521,3088802,4281,sigi_hmm
NC_014623.1,3153666,3158107,4441,sigi_hmm
NC_014623.1,5357506,5366083,8577,sigi_hmm
NC_014623.1,6527612,6531648,4036,sigi_hmm
NC_014623.1,6658599,6662767,4168,sigi_hmm
NC_014623.1,7349667,7356433,6766,sigi_hmm
NC_014623.1,7490623,7495762,5139,sigi_hmm
NC_014623.1,7558280,7567579,9299,sigi_hmm
NC_014623.1,7970247,7974456,4209,sigi_hmm
NC_014623.1,8624637,8629264,4627,sigi_hmm
NC_015172.1,56550,64640,8090,sigi_hmm
NC_015172.1,522365,553435,31070,sigi_hmm
NC_015172.1,852536,869474,16938,sigi_hmm
NC_015172.1,961011,975000,13989,sigi_hmm
NC_015172.1,1036426,1041665,5239,sigi_hmm
NC_015172.1,1088608,1094101,5493,sigi_hmm
NC_015172.1,1095451,1101161,5710,sigi_hmm
NC_015172.1,1122006,1128491,6485,sigi_hmm
NC_015172.1,1182850,1189411,6561,sigi_hmm
NC_015172.1,1204531,1210744,6213,sigi_hmm
NC_015172.1,1217760,1225426,7666,sigi_hmm
NC_015172.1,1235460,1239763,4303,sigi_hmm
NC_015172.1,1259800,1266807,7007,sigi_hmm
NC_015172.1,1328970,1334410,5440,sigi_hmm
NC_015172.1,1340157,1361747,21590,sigi_hmm
NC_015172.1,1436974,1442343,5369,sigi_hmm
NC_015172.1,1471501,1475636,4135,sigi_hmm
NC_015172.1,1505462,1516412,10950,sigi_hmm
NC_015172.1,2636771,2667841,31070,sigi_hmm
NC_015172.1,2991298,3022368,31070,sigi_hmm
NC_015172.1,3165518,3196588,31070,sigi_hmm
NC_015519.1,950091,961540,11449,sigi_hmm
NC_014914.1,164019,170317,6298,sigi_hmm
NC_015277.1,99587,105420,5833,sigi_hmm
NC_015277.1,4363545,4373002,9457,sigi_hmm
NC_014963.1,119102,134731,15629,sigi_hmm
NC_014963.1,783370,788040,4670,sigi_hmm
NC_014963.1,1947706,1957334,9628,sigi_hmm
NC_014963.1,2039959,2044698,4739,sigi_hmm
NC_014963.1,2774437,2779744,5307,sigi_hmm
NC_014963.1,2978085,2983067,4982,sigi_hmm
NC_014963.1,3913559,3919107,5548,sigi_hmm
NC_014831.1,14938,29510,14572,sigi_hmm
NC_014831.1,51095,58136,7041,sigi_hmm
NC_014831.1,395931,406688,10757,sigi_hmm
NC_014831.1,806483,812761,6278,sigi_hmm
NC_014831.1,1823958,1830043,6085,sigi_hmm
NC_014831.1,2093372,2100963,7591,sigi_hmm
NC_014831.1,2236487,2251127,14640,sigi_hmm
NC_014831.1,2274547,2293853,19306,sigi_hmm
NC_014964.1,945888,950904,5016,sigi_hmm
NC_014964.1,1175670,1180046,4376,sigi_hmm
NC_014964.1,1698845,1707991,9146,sigi_hmm
NC_014964.1,2308365,2314069,5704,sigi_hmm
NC_015499.1,988439,992887,4448,sigi_hmm
NC_014926.1,173101,177923,4822,sigi_hmm
NC_014926.1,305685,313587,7902,sigi_hmm
NC_014926.1,616759,625547,8788,sigi_hmm
NC_014926.1,883813,889463,5650,sigi_hmm
NC_014926.1,1390925,1401022,10097,sigi_hmm
NC_014926.1,1492359,1496977,4618,sigi_hmm
NC_014974.1,767073,773548,6475,sigi_hmm
NC_014974.1,1083788,1088788,5000,sigi_hmm
NC_015385.1,215139,219368,4229,sigi_hmm
NC_015385.1,717469,724294,6825,sigi_hmm
NC_015385.1,773339,781567,8228,sigi_hmm
NC_015385.1,812255,816571,4316,sigi_hmm
NC_015385.1,840476,846372,5896,sigi_hmm
NC_015385.1,2057426,2065030,7604,sigi_hmm
NC_015385.1,2066707,2076127,9420,sigi_hmm
NC_015434.1,230974,241342,10368,sigi_hmm
NC_015434.1,638368,642965,4597,sigi_hmm
NC_015434.1,674221,681820,7599,sigi_hmm
NC_015434.1,686814,694711,7897,sigi_hmm
NC_015434.1,2382449,2386507,4058,sigi_hmm
NC_015434.1,2421738,2426413,4675,sigi_hmm
NC_015434.1,2466515,2472150,5635,sigi_hmm
NC_015434.1,2529054,2537950,8896,sigi_hmm
NC_015434.1,3514811,3520292,5481,sigi_hmm
NC_015434.1,3606560,3611942,5382,sigi_hmm
NC_015434.1,3767518,3773289,5771,sigi_hmm
NC_015434.1,6028474,6032595,4121,sigi_hmm
NC_015633.1,120276,124628,4352,sigi_hmm
NC_015633.1,345558,352056,6498,sigi_hmm
NC_015633.1,387328,399836,12508,sigi_hmm
NC_015633.1,414719,424489,9770,sigi_hmm
NC_015633.1,431230,456166,24936,sigi_hmm
NC_015633.1,467988,475015,7027,sigi_hmm
NC_015633.1,718099,733076,14977,sigi_hmm
NC_015633.1,1332702,1338260,5558,sigi_hmm
NC_015633.1,1555037,1560562,5525,sigi_hmm
NC_015633.1,1712156,1723772,11616,sigi_hmm
NC_015633.1,1829007,1833993,4986,sigi_hmm
NC_015633.1,2334637,2344305,9668,sigi_hmm
NC_015633.1,2572784,2577901,5117,sigi_hmm
NC_015633.1,2580258,2586385,6127,sigi_hmm
NC_015633.1,2590982,2598120,7138,sigi_hmm
NC_015633.1,2781713,2794758,13045,sigi_hmm
NC_015633.1,2803856,2810454,6598,sigi_hmm
NC_015633.1,2825077,2840759,15682,sigi_hmm
NC_015633.1,2916131,2921611,5480,sigi_hmm
NC_015637.1,7124,18512,11388,sigi_hmm
NC_015637.1,329213,337944,8731,sigi_hmm
NC_015637.1,821272,830355,9083,sigi_hmm
NC_015637.1,839702,843804,4102,sigi_hmm
NC_015637.1,928687,934095,5408,sigi_hmm
NC_015637.1,951577,960638,9061,sigi_hmm
NC_015637.1,964704,970977,6273,sigi_hmm
NC_015637.1,981370,987961,6591,sigi_hmm
NC_015500.1,85932,94732,8800,sigi_hmm
NC_015500.1,320675,327027,6352,sigi_hmm
NC_015500.1,495508,505801,10293,sigi_hmm
NC_015500.1,539581,545202,5621,sigi_hmm
NC_015500.1,910463,920187,9724,sigi_hmm
NC_015500.1,998403,1004601,6198,sigi_hmm
NC_015500.1,1211351,1220118,8767,sigi_hmm
NC_015500.1,1344585,1349767,5182,sigi_hmm
NC_015500.1,1580063,1585331,5268,sigi_hmm
NC_015500.1,1935081,1940664,5583,sigi_hmm
NC_015500.1,1948999,1955006,6007,sigi_hmm
NC_015500.1,2119571,2136553,16982,sigi_hmm
NC_015500.1,2204212,2208548,4336,sigi_hmm
NC_015500.1,2341678,2352675,10997,sigi_hmm
NC_015500.1,2364922,2369965,5043,sigi_hmm
NC_015500.1,2425899,2430734,4835,sigi_hmm
NC_015500.1,2874262,2884074,9812,sigi_hmm
NC_015500.1,2895349,2906588,11239,sigi_hmm
NC_015500.1,2957872,2962228,4356,sigi_hmm
NC_014931.1,728345,762551,34206,sigi_hmm
NC_014931.1,872658,877854,5196,sigi_hmm
NC_014931.1,1036864,1044223,7359,sigi_hmm
NC_014931.1,1759177,1766949,7772,sigi_hmm
NC_014931.1,2677137,2681563,4426,sigi_hmm
NC_014931.1,2938226,2942364,4138,sigi_hmm
NC_014931.1,3514185,3519263,5078,sigi_hmm
NC_014931.1,4078357,4082876,4519,sigi_hmm
NC_014931.1,4212282,4231438,19156,sigi_hmm
NC_014931.1,4756280,4761187,4907,sigi_hmm
NC_014931.1,4988062,4993551,5489,sigi_hmm
NC_014931.1,5101178,5109026,7848,sigi_hmm
NC_014931.1,5582704,5587027,4323,sigi_hmm
NC_014931.1,5601242,5605769,4527,sigi_hmm
NC_014931.1,6007781,6012967,5186,sigi_hmm
NC_014931.1,6042435,6047791,5356,sigi_hmm
NC_014931.1,6418000,6424128,6128,sigi_hmm
NC_014966.1,332049,336806,4757,sigi_hmm
NC_014966.1,661068,703744,42676,sigi_hmm
NC_014966.1,803972,813909,9937,sigi_hmm
NC_014966.1,925607,932846,7239,sigi_hmm
NC_014966.1,1284333,1288427,4094,sigi_hmm
NC_014966.1,1523927,1528607,4680,sigi_hmm
NC_014966.1,1677571,1683197,5626,sigi_hmm
NC_014965.1,676263,683150,6887,sigi_hmm
NC_014965.1,1003727,1008092,4365,sigi_hmm
NC_014965.1,1015030,1025925,10895,sigi_hmm
NC_014965.1,1434218,1443536,9318,sigi_hmm
NC_014965.1,1447122,1457648,10526,sigi_hmm
NC_014965.1,1459421,1474255,14834,sigi_hmm
NC_014965.1,1475257,1483885,8628,sigi_hmm
NC_014965.1,1488471,1532706,44235,sigi_hmm
NC_014965.1,1539605,1553998,14393,sigi_hmm
NC_014965.1,1554592,1563277,8685,sigi_hmm
NC_014965.1,2045318,2052301,6983,sigi_hmm
NC_014965.1,2204394,2217506,13112,sigi_hmm
NC_014965.1,2966663,2978322,11659,sigi_hmm
NC_004459.3,1131,15565,14434,sigi_hmm
NC_004459.3,364141,385128,20987,sigi_hmm
NC_004459.3,778910,790721,11811,sigi_hmm
NC_004459.3,1685606,1692301,6695,sigi_hmm
NC_004459.3,2018217,2022497,4280,sigi_hmm
NC_004459.3,2030703,2042701,11998,sigi_hmm
NC_004459.3,2438314,2450869,12555,sigi_hmm
NC_004459.3,2451855,2475255,23400,sigi_hmm
NC_004459.3,2476738,2490284,13546,sigi_hmm
NC_004459.3,2492141,2501294,9153,sigi_hmm
NC_004459.3,2505254,2541409,36155,sigi_hmm
NC_004459.3,2542601,2580415,37814,sigi_hmm
NC_004459.3,2592018,2596480,4462,sigi_hmm
NC_004459.3,3032117,3038054,5937,sigi_hmm
NC_004459.3,3250113,3268839,18726,sigi_hmm
NC_004459.3,3271628,3279826,8198,sigi_hmm
NC_004460.2,202753,209185,6432,sigi_hmm
NC_004460.2,324464,329669,5205,sigi_hmm
NC_004460.2,745146,754351,9205,sigi_hmm
NC_004460.2,979559,985943,6384,sigi_hmm
NC_004460.2,1244343,1250855,6512,sigi_hmm
NC_004460.2,1321523,1327833,6310,sigi_hmm
NC_004460.2,1346942,1351357,4415,sigi_hmm
NC_004460.2,1625163,1629901,4738,sigi_hmm
NC_015578.1,70859,83168,12309,sigi_hmm
NC_015578.1,84721,88814,4093,sigi_hmm
NC_015578.1,253546,273476,19930,sigi_hmm
NC_015578.1,429503,445071,15568,sigi_hmm
NC_015578.1,472199,477193,4994,sigi_hmm
NC_015578.1,479895,488451,8556,sigi_hmm
NC_015578.1,514091,518134,4043,sigi_hmm
NC_015578.1,767738,771766,4028,sigi_hmm
NC_015578.1,1055751,1062906,7155,sigi_hmm
NC_015578.1,1337622,1341689,4067,sigi_hmm
NC_015578.1,1590344,1596099,5755,sigi_hmm
NC_015578.1,1640313,1653180,12867,sigi_hmm
NC_015578.1,1813661,1822793,9132,sigi_hmm
NC_015578.1,1834294,1838317,4023,sigi_hmm
NC_015578.1,1843751,1850670,6919,sigi_hmm
NC_015578.1,1853127,1857794,4667,sigi_hmm
NC_015578.1,1958000,1966125,8125,sigi_hmm
NC_015578.1,2032661,2037775,5114,sigi_hmm
NC_015578.1,2055137,2062540,7403,sigi_hmm
NC_015578.1,2197009,2201549,4540,sigi_hmm
NC_015578.1,2361429,2371898,10469,sigi_hmm
NC_015578.1,2379788,2384203,4415,sigi_hmm
NC_015578.1,2693907,2700179,6272,sigi_hmm
NC_015578.1,2733502,2737801,4299,sigi_hmm
NC_015578.1,3019425,3024843,5418,sigi_hmm
NC_015578.1,3418736,3423699,4963,sigi_hmm
NC_015578.1,3700288,3708108,7820,sigi_hmm
NC_015578.1,3919790,3925368,5578,sigi_hmm
NC_015578.1,3990706,4017840,27134,sigi_hmm
NC_015577.1,389158,394124,4966,sigi_hmm
NC_015577.1,423305,441464,18159,sigi_hmm
NC_015577.1,449511,454584,5073,sigi_hmm
NC_015577.1,792325,799464,7139,sigi_hmm
NC_015577.1,1177792,1187047,9255,sigi_hmm
NC_015577.1,1391523,1396233,4710,sigi_hmm
NC_015577.1,1400056,1408725,8669,sigi_hmm
NC_015577.1,1411475,1428173,16698,sigi_hmm
NC_015577.1,1468358,1485488,17130,sigi_hmm
NC_015577.1,1801260,1815148,13888,sigi_hmm
NC_015577.1,2089445,2095904,6459,sigi_hmm
NC_015577.1,2109956,2118119,8163,sigi_hmm
NC_015577.1,2514703,2524675,9972,sigi_hmm
NC_015577.1,3124117,3141539,17422,sigi_hmm
NC_015577.1,3252486,3261647,9161,sigi_hmm
NC_015577.1,3386532,3390811,4279,sigi_hmm
NC_015577.1,3598829,3604293,5464,sigi_hmm
NC_015577.1,3606028,3610228,4200,sigi_hmm
NC_015577.1,3744851,3749998,5147,sigi_hmm
NC_015144.1,1293859,1298482,4623,sigi_hmm
NC_015224.1,653142,659924,6782,sigi_hmm
NC_015224.1,1078499,1090792,12293,sigi_hmm
NC_015224.1,1399234,1409849,10615,sigi_hmm
NC_015224.1,1710824,1716840,6016,sigi_hmm
NC_015224.1,1774513,1783630,9117,sigi_hmm
NC_015224.1,2094438,2098709,4271,sigi_hmm
NC_015224.1,2476620,2482459,5839,sigi_hmm
NC_015224.1,2482952,2490751,7799,sigi_hmm
NC_015224.1,2491244,2495330,4086,sigi_hmm
NC_015224.1,2716721,2726072,9351,sigi_hmm
NC_015224.1,3116122,3121316,5194,sigi_hmm
NC_015224.1,3232254,3238580,6326,sigi_hmm
NC_015224.1,3594873,3607009,12136,sigi_hmm
NC_015224.1,3826248,3837332,11084,sigi_hmm
NC_015224.1,3840298,3850792,10494,sigi_hmm
NC_015224.1,4431522,4437671,6149,sigi_hmm
NC_015683.1,248638,255508,6870,sigi_hmm
NC_015683.1,258080,264732,6652,sigi_hmm
NC_015683.1,1281675,1288533,6858,sigi_hmm
NC_015683.1,1874457,1879958,5501,sigi_hmm
NC_015683.1,2134320,2141365,7045,sigi_hmm
NC_015687.1,3672419,3677357,4938,sigi_hmm
NC_015697.1,98900,108898,9998,sigi_hmm
NC_015697.1,511407,516099,4692,sigi_hmm
NC_015697.1,518405,523975,5570,sigi_hmm
NC_015697.1,747745,753168,5423,sigi_hmm
NC_015697.1,1341688,1347205,5517,sigi_hmm
NC_015717.1,1730883,1735006,4123,sigi_hmm
NC_015717.1,2488019,2493497,5478,sigi_hmm
NC_015717.1,3135519,3141314,5795,sigi_hmm
NC_015684.1,354574,359083,4509,sigi_hmm
NC_015684.1,373540,385909,12369,sigi_hmm
NC_015684.1,488551,496764,8213,sigi_hmm
NC_015684.1,1350330,1356600,6270,sigi_hmm
NC_015684.1,1746775,1751562,4787,sigi_hmm
NC_015684.1,2007978,2018920,10942,sigi_hmm
NC_015684.1,2023998,2040559,16561,sigi_hmm
NC_015684.1,2385558,2389961,4403,sigi_hmm
NC_015684.1,3163955,3184639,20684,sigi_hmm
NC_015684.1,3185879,3194710,8831,sigi_hmm
NC_015680.1,48349,53075,4726,sigi_hmm
NC_015680.1,672922,680881,7959,sigi_hmm
NC_015680.1,693429,698388,4959,sigi_hmm
NC_015680.1,699830,705048,5218,sigi_hmm
NC_015680.1,764428,769326,4898,sigi_hmm
NC_015680.1,1065373,1069762,4389,sigi_hmm
NC_015680.1,1114916,1119422,4506,sigi_hmm
NC_015680.1,1247349,1254202,6853,sigi_hmm
NC_015680.1,1321772,1342615,20843,sigi_hmm
NC_015680.1,1569831,1579107,9276,sigi_hmm
NC_015680.1,1590511,1597882,7371,sigi_hmm
NC_015675.1,2251420,2265356,13936,sigi_hmm
NC_015675.1,2271331,2275933,4602,sigi_hmm
NC_015675.1,2492209,2500184,7975,sigi_hmm
NC_015675.1,2573401,2579339,5938,sigi_hmm
NC_015675.1,2843309,2852756,9447,sigi_hmm
NC_015675.1,3034869,3040328,5459,sigi_hmm
NC_015675.1,3051385,3063701,12316,sigi_hmm
NC_015675.1,3066440,3071428,4988,sigi_hmm
NC_015675.1,3086793,3092768,5975,sigi_hmm
NC_015675.1,4428020,4434378,6358,sigi_hmm
NC_015675.1,4450741,4460812,10071,sigi_hmm
NC_015675.1,4500810,4505822,5012,sigi_hmm
NC_015675.1,4526713,4546134,19421,sigi_hmm
NC_015675.1,4550520,4563210,12690,sigi_hmm
NC_015675.1,5089572,5094060,4488,sigi_hmm
NC_015675.1,5608907,5614344,5437,sigi_hmm
NC_015675.1,5617513,5621570,4057,sigi_hmm
NC_015675.1,5621760,5632224,10464,sigi_hmm
NC_015675.1,6238588,6245404,6816,sigi_hmm
NC_015675.1,6281888,6289935,8047,sigi_hmm
NC_015675.1,6298110,6308335,10225,sigi_hmm
NC_015675.1,6320331,6333700,13369,sigi_hmm
NC_015675.1,6336408,6341942,5534,sigi_hmm
NC_015675.1,6347427,6354697,7270,sigi_hmm
NC_015675.1,6356960,6361536,4576,sigi_hmm
NC_015675.1,6365911,6374819,8908,sigi_hmm
NC_015675.1,6398494,6403006,4512,sigi_hmm
NC_015675.1,6427635,6454927,27292,sigi_hmm
NC_015675.1,6467205,6481717,14512,sigi_hmm
NC_015675.1,6502866,6507949,5083,sigi_hmm
NC_015675.1,6508665,6513020,4355,sigi_hmm
NC_015675.1,6518709,6528071,9362,sigi_hmm
NC_015675.1,6530516,6553003,22487,sigi_hmm
NC_015675.1,6555347,6565252,9905,sigi_hmm
NC_015675.1,6574798,6579946,5148,sigi_hmm
NC_015675.1,6617810,6632719,14909,sigi_hmm
NC_015675.1,6647717,6652861,5144,sigi_hmm
NC_015675.1,6658197,6668098,9901,sigi_hmm
NC_015711.1,582250,586514,4264,sigi_hmm
NC_015711.1,3138789,3144098,5309,sigi_hmm
NC_015711.1,8437077,8441309,4232,sigi_hmm
NC_015678.1,110389,116394,6005,sigi_hmm
NC_015678.1,137101,141939,4838,sigi_hmm
NC_015678.1,297589,301844,4255,sigi_hmm
NC_015678.1,358162,362519,4357,sigi_hmm
NC_015678.1,399311,407268,7957,sigi_hmm
NC_015678.1,549869,568038,18169,sigi_hmm
NC_015678.1,570696,580475,9779,sigi_hmm
NC_015678.1,638970,643056,4086,sigi_hmm
NC_015678.1,1032512,1043016,10504,sigi_hmm
NC_015678.1,1168496,1174048,5552,sigi_hmm
NC_015678.1,1476805,1486243,9438,sigi_hmm
NC_015678.1,1602827,1612609,9782,sigi_hmm
NC_015678.1,1725922,1738057,12135,sigi_hmm
NC_015678.1,1886785,1893792,7007,sigi_hmm
NC_015678.1,1936963,1946769,9806,sigi_hmm
NC_015678.1,1948408,1961511,13103,sigi_hmm
NC_015678.1,1973978,1984485,10507,sigi_hmm
NC_015678.1,1986567,1990781,4214,sigi_hmm
NC_015678.1,2061038,2068677,7639,sigi_hmm
NC_015714.1,148753,152830,4077,sigi_hmm
NC_015682.1,135347,139968,4621,sigi_hmm
NC_015682.1,212711,219484,6773,sigi_hmm
NC_015682.1,371545,375617,4072,sigi_hmm
NC_015682.1,683791,687917,4126,sigi_hmm
NC_015682.1,797059,805591,8532,sigi_hmm
NC_015682.1,1035688,1043920,8232,sigi_hmm
NC_015682.1,1089078,1096972,7894,sigi_hmm
NC_015682.1,1213069,1220184,7115,sigi_hmm
NC_015690.1,7944241,7948243,4002,sigi_hmm
NC_015709.1,1183214,1189423,6209,sigi_hmm
NC_015709.1,1249594,1253927,4333,sigi_hmm
NC_015709.1,1784282,1789198,4916,sigi_hmm
NC_015921.1,65749,71197,5448,sigi_hmm
NC_015858.1,557740,563659,5919,sigi_hmm
NC_015850.1,229914,234889,4975,sigi_hmm
NC_015850.1,523346,529176,5830,sigi_hmm
NC_015850.1,555813,560538,4725,sigi_hmm
NC_015850.1,742727,748808,6081,sigi_hmm
NC_015850.1,753136,758153,5017,sigi_hmm
NC_015850.1,768173,772648,4475,sigi_hmm
NC_015850.1,780116,787809,7693,sigi_hmm
NC_015850.1,1013904,1019985,6081,sigi_hmm
NC_015850.1,1032865,1039074,6209,sigi_hmm
NC_015850.1,1039894,1045089,5195,sigi_hmm
NC_015850.1,1141700,1146804,5104,sigi_hmm
NC_015850.1,1298007,1302296,4289,sigi_hmm
NC_015850.1,1638581,1643666,5085,sigi_hmm
NC_015850.1,1864812,1870388,5576,sigi_hmm
NC_015850.1,1895609,1900213,4604,sigi_hmm
NC_015850.1,1944359,1949039,4680,sigi_hmm
NC_015850.1,1955427,1960152,4725,sigi_hmm
NC_015850.1,2099970,2105253,5283,sigi_hmm
NC_015850.1,2113657,2118444,4787,sigi_hmm
NC_015850.1,2122415,2127098,4683,sigi_hmm
NC_015850.1,2134091,2139322,5231,sigi_hmm
NC_015857.1,264184,281320,17136,sigi_hmm
NC_015857.1,289159,295815,6656,sigi_hmm
NC_015857.1,536385,553529,17144,sigi_hmm
NC_015857.1,736771,748779,12008,sigi_hmm
NC_015857.1,803292,807364,4072,sigi_hmm
NC_015857.1,962505,976919,14414,sigi_hmm
NC_015857.1,1074116,1081139,7023,sigi_hmm
NC_015857.1,1812530,1818878,6348,sigi_hmm
NC_015857.1,1960561,1965847,5286,sigi_hmm
NC_015942.1,52067,57138,5071,sigi_hmm
NC_015942.1,67650,75124,7474,sigi_hmm
NC_015942.1,173929,183188,9259,sigi_hmm
NC_015942.1,363060,369690,6630,sigi_hmm
NC_015942.1,386753,391831,5078,sigi_hmm
NC_015942.1,413236,417743,4507,sigi_hmm
NC_015942.1,422960,427741,4781,sigi_hmm
NC_015942.1,431965,436137,4172,sigi_hmm
NC_015942.1,627495,632117,4622,sigi_hmm
NC_015942.1,732119,737152,5033,sigi_hmm
NC_015942.1,848014,852200,4186,sigi_hmm
NC_015942.1,893646,901828,8182,sigi_hmm
NC_015942.1,924994,930196,5202,sigi_hmm
NC_015942.1,1176815,1184001,7186,sigi_hmm
NC_015942.1,1831367,1835948,4581,sigi_hmm
NC_015942.1,1841973,1848909,6936,sigi_hmm
NC_015942.1,1854718,1859244,4526,sigi_hmm
NC_015942.1,1897971,1906070,8099,sigi_hmm
NC_015942.1,1909841,1914316,4475,sigi_hmm
NC_015942.1,1925874,1931313,5439,sigi_hmm
NC_015942.1,2069228,2074096,4868,sigi_hmm
NC_015942.1,2156894,2161454,4560,sigi_hmm
NC_015942.1,2222861,2230081,7220,sigi_hmm
NC_015942.1,2321420,2332231,10811,sigi_hmm
NC_015942.1,2343638,2349603,5965,sigi_hmm
NC_015942.1,2552720,2557535,4815,sigi_hmm
NC_015942.1,2563617,2572078,8461,sigi_hmm
NC_015942.1,2991546,2996649,5103,sigi_hmm
NC_015942.1,3100112,3108908,8796,sigi_hmm
NC_015942.1,3156018,3160315,4297,sigi_hmm
NC_015942.1,3164015,3170588,6573,sigi_hmm
NC_015947.1,286261,293673,7412,sigi_hmm
NC_015947.1,450925,456550,5625,sigi_hmm
NC_015947.1,576790,585554,8764,sigi_hmm
NC_015947.1,1149211,1156563,7352,sigi_hmm
NC_015947.1,1497862,1503670,5808,sigi_hmm
NC_015947.1,1596712,1602058,5346,sigi_hmm
NC_015947.1,1618879,1632215,13336,sigi_hmm
NC_015947.1,1882995,1890834,7839,sigi_hmm
NC_015947.1,1894310,1898643,4333,sigi_hmm
NC_015947.1,1941288,1947025,5737,sigi_hmm
NC_015947.1,2233823,2249672,15849,sigi_hmm
NC_015947.1,2258648,2270115,11467,sigi_hmm
NC_015947.1,2362754,2377519,14765,sigi_hmm
NC_015947.1,3083608,3088830,5222,sigi_hmm
NC_015947.1,3548874,3555120,6246,sigi_hmm
NC_015947.1,3629929,3636287,6358,sigi_hmm
NC_015947.1,3995095,4005102,10007,sigi_hmm
NC_015947.1,4205140,4218006,12866,sigi_hmm
NC_012721.2,115607,119821,4214,sigi_hmm
NC_012721.2,141955,150952,8997,sigi_hmm
NC_012721.2,188400,193925,5525,sigi_hmm
NC_012721.2,249883,257173,7290,sigi_hmm
NC_012721.2,557807,569028,11221,sigi_hmm
NC_012721.2,651171,656931,5760,sigi_hmm
NC_012721.2,719605,724224,4619,sigi_hmm
NC_012721.2,727915,732755,4840,sigi_hmm
NC_012721.2,774698,780292,5594,sigi_hmm
NC_012721.2,789733,800877,11144,sigi_hmm
NC_012721.2,810086,823392,13306,sigi_hmm
NC_012721.2,984225,989815,5590,sigi_hmm
NC_012721.2,1057400,1065324,7924,sigi_hmm
NC_012721.2,1404933,1409833,4900,sigi_hmm
NC_012721.2,1643469,1648635,5166,sigi_hmm
NC_012721.2,1701855,1708768,6913,sigi_hmm
NC_012721.2,1989395,1996255,6860,sigi_hmm
NC_012721.2,2028256,2035368,7112,sigi_hmm
NC_012721.2,2418346,2422954,4608,sigi_hmm
NC_012721.2,2501927,2507808,5881,sigi_hmm
NC_012721.2,2565745,2573049,7304,sigi_hmm
NC_012721.2,2702891,2707042,4151,sigi_hmm
NC_012721.2,2720692,2724995,4303,sigi_hmm
NC_015735.1,4571,14647,10076,sigi_hmm
NC_015913.1,30599,37276,6677,sigi_hmm
NC_015913.1,728168,737358,9190,sigi_hmm
NC_015913.1,747807,752447,4640,sigi_hmm
NC_015913.1,806300,812954,6654,sigi_hmm
NC_015913.1,828765,836401,7636,sigi_hmm
NC_015913.1,1235891,1240857,4966,sigi_hmm
NC_015913.1,1257769,1267640,9871,sigi_hmm
NC_015913.1,1294454,1299523,5069,sigi_hmm
NC_015913.1,1329538,1333838,4300,sigi_hmm
NC_015913.1,1344777,1350803,6026,sigi_hmm
NC_015913.1,1442249,1448544,6295,sigi_hmm
NC_015913.1,1449864,1454635,4771,sigi_hmm
NC_015913.1,1586575,1590711,4136,sigi_hmm
NC_015913.1,1591579,1597312,5733,sigi_hmm
NC_015913.1,1609977,1614028,4051,sigi_hmm
NC_012724.2,2751671,2756227,4556,sigi_hmm
NC_015949.1,204395,211366,6971,sigi_hmm
NC_015949.1,1151167,1157246,6079,sigi_hmm
NC_015949.1,1277445,1284148,6703,sigi_hmm
NC_015949.1,1289301,1295721,6420,sigi_hmm
NC_015949.1,1478111,1486168,8057,sigi_hmm
NC_015949.1,1727691,1736466,8775,sigi_hmm
NC_015949.1,2306781,2312559,5778,sigi_hmm
NC_015949.1,2477114,2481610,4496,sigi_hmm
NC_015846.1,878320,882564,4244,sigi_hmm
NC_015726.1,29232,36198,6966,sigi_hmm
NC_015726.1,414160,419422,5262,sigi_hmm
NC_015726.1,651748,655942,4194,sigi_hmm
NC_015726.1,1199756,1207016,7260,sigi_hmm
NC_015726.1,1221963,1227501,5538,sigi_hmm
NC_015726.1,1758080,1767178,9098,sigi_hmm
NC_015726.1,1823379,1834042,10663,sigi_hmm
NC_015726.1,1856687,1864345,7658,sigi_hmm
NC_015726.1,1869585,1874253,4668,sigi_hmm
NC_015726.1,1880695,1886082,5387,sigi_hmm
NC_015726.1,2018248,2024385,6137,sigi_hmm
NC_015726.1,2139610,2146968,7358,sigi_hmm
NC_015726.1,2652610,2657913,5303,sigi_hmm
NC_015726.1,2824216,2830255,6039,sigi_hmm
NC_015726.1,2864952,2871408,6456,sigi_hmm
NC_015726.1,2891367,2901059,9692,sigi_hmm
NC_015726.1,2925628,2930508,4880,sigi_hmm
NC_015726.1,2932133,2954313,22180,sigi_hmm
NC_015726.1,2955512,2962718,7206,sigi_hmm
NC_015726.1,3286464,3292238,5774,sigi_hmm
NC_015726.1,3293825,3298361,4536,sigi_hmm
NC_015726.1,3455641,3472189,16548,sigi_hmm
NC_015726.1,3472372,3480416,8044,sigi_hmm
NC_015737.1,855493,860500,5007,sigi_hmm
NC_015737.1,1076067,1080502,4435,sigi_hmm
NC_015737.1,1767371,1771674,4303,sigi_hmm
NC_015737.1,2720265,2725658,5393,sigi_hmm
NC_015723.1,155384,162946,7562,sigi_hmm
NC_015723.1,290871,296761,5890,sigi_hmm
NC_015723.1,302657,312746,10089,sigi_hmm
NC_015723.1,314540,324480,9940,sigi_hmm
NC_015723.1,357591,366288,8697,sigi_hmm
NC_015723.1,382475,399397,16922,sigi_hmm
NC_015723.1,411082,425294,14212,sigi_hmm
NC_015723.1,428329,439397,11068,sigi_hmm
NC_015723.1,447818,457104,9286,sigi_hmm
NC_015723.1,595311,603980,8669,sigi_hmm
NC_015723.1,924080,928211,4131,sigi_hmm
NC_015723.1,1027353,1032934,5581,sigi_hmm
NC_015723.1,1051671,1060960,9289,sigi_hmm
NC_015723.1,1098516,1103050,4534,sigi_hmm
NC_015723.1,1353830,1366688,12858,sigi_hmm
NC_015723.1,1382310,1391978,9668,sigi_hmm
NC_015723.1,1443541,1460290,16749,sigi_hmm
NC_015723.1,1493632,1530074,36442,sigi_hmm
NC_015723.1,1745443,1753014,7571,sigi_hmm
NC_015723.1,2002957,2008852,5895,sigi_hmm
NC_015723.1,2120969,2128185,7216,sigi_hmm
NC_015723.1,2204128,2208628,4500,sigi_hmm
NC_015723.1,2553741,2562831,9090,sigi_hmm
NC_015943.1,426649,435477,8828,sigi_hmm
NC_015856.1,1172323,1176690,4367,sigi_hmm
NC_015856.1,1267882,1274016,6134,sigi_hmm
NC_015696.1,1920622,1929749,9127,sigi_hmm
NC_015738.1,59330,71058,11728,sigi_hmm
NC_015738.1,71977,86081,14104,sigi_hmm
NC_015738.1,232217,237566,5349,sigi_hmm
NC_015738.1,280820,285719,4899,sigi_hmm
NC_015738.1,526051,542353,16302,sigi_hmm
NC_015738.1,555141,563345,8204,sigi_hmm
NC_015738.1,685937,690266,4329,sigi_hmm
NC_015738.1,1302311,1313911,11600,sigi_hmm
NC_015738.1,1635265,1639439,4174,sigi_hmm
NC_015738.1,1640425,1653963,13538,sigi_hmm
NC_015738.1,1675997,1684526,8529,sigi_hmm
NC_015738.1,1699004,1703699,4695,sigi_hmm
NC_015738.1,1705664,1713703,8039,sigi_hmm
NC_015738.1,2447114,2452389,5275,sigi_hmm
NC_015738.1,2678740,2684435,5695,sigi_hmm
NC_015738.1,2795990,2800719,4729,sigi_hmm
NC_015738.1,3029938,3033986,4048,sigi_hmm
NC_015738.1,3041134,3046165,5031,sigi_hmm
NC_015738.1,3061696,3083522,21826,sigi_hmm
NC_015738.1,3084637,3089758,5121,sigi_hmm
NC_015948.1,344077,348210,4133,sigi_hmm
NC_015948.1,1602088,1614494,12406,sigi_hmm
NC_015948.1,1644369,1649104,4735,sigi_hmm
NC_015948.1,2041934,2047807,5873,sigi_hmm
NC_015948.1,2052592,2066471,13879,sigi_hmm
NC_015948.1,2712373,2718961,6588,sigi_hmm
NC_015945.1,2734084,2740752,6668,sigi_hmm
NC_015945.1,2803282,2809307,6025,sigi_hmm
NC_015945.1,2822052,2827179,5127,sigi_hmm
NC_015945.1,2871058,2875468,4410,sigi_hmm
NC_015758.1,1098182,1102655,4473,sigi_hmm
NC_015758.1,2199248,2204166,4918,sigi_hmm
NC_015758.1,3287313,3292318,5005,sigi_hmm
NC_015758.1,3456055,3460284,4229,sigi_hmm
NC_015848.1,1112610,1117083,4473,sigi_hmm
NC_015848.1,2204657,2211325,6668,sigi_hmm
NC_015848.1,2242721,2247641,4920,sigi_hmm
NC_015731.1,5350,18027,12677,sigi_hmm
NC_015731.1,135110,140348,5238,sigi_hmm
NC_015731.1,353919,358895,4976,sigi_hmm
NC_015731.1,454582,460064,5482,sigi_hmm
NC_015731.1,618313,625811,7498,sigi_hmm
NC_015731.1,755185,762077,6892,sigi_hmm
NC_015731.1,968026,974105,6079,sigi_hmm
NC_015731.1,1120061,1124350,4289,sigi_hmm
NC_015731.1,2560398,2567060,6662,sigi_hmm
NC_015731.1,2644582,2656032,11450,sigi_hmm
NC_015731.1,2828352,2832797,4445,sigi_hmm
NC_015731.1,2868866,2873889,5023,sigi_hmm
NC_015731.1,3187058,3192348,5290,sigi_hmm
NC_015731.1,3307445,3313158,5713,sigi_hmm
NC_015731.1,3579162,3585029,5867,sigi_hmm
NC_015731.1,3665517,3671888,6371,sigi_hmm
NC_015731.1,3760204,3765922,5718,sigi_hmm
NC_015740.1,141910,146928,5018,sigi_hmm
NC_015740.1,158276,164195,5919,sigi_hmm
NC_015740.1,192972,197010,4038,sigi_hmm
NC_015740.1,267414,272256,4842,sigi_hmm
NC_015740.1,473459,477984,4525,sigi_hmm
NC_015740.1,717692,727139,9447,sigi_hmm
NC_015740.1,847466,856457,8991,sigi_hmm
NC_015740.1,1231497,1235893,4396,sigi_hmm
NC_015740.1,1297932,1304839,6907,sigi_hmm
NC_015740.1,2013595,2018115,4520,sigi_hmm
NC_015740.1,2404356,2421058,16702,sigi_hmm
NC_015740.1,2595740,2609612,13872,sigi_hmm
NC_015740.1,2621491,2627157,5666,sigi_hmm
NC_015740.1,3003818,3010136,6318,sigi_hmm
NC_015740.1,3096340,3101461,5121,sigi_hmm
NC_015740.1,3469258,3475445,6187,sigi_hmm
NC_015740.1,3479355,3484762,5407,sigi_hmm
NC_015740.1,3627561,3632540,4979,sigi_hmm
NC_015740.1,3639493,3652711,13218,sigi_hmm
NC_015740.1,3656321,3665235,8914,sigi_hmm
NC_015740.1,3690578,3705359,14781,sigi_hmm
NC_015740.1,4433632,4437955,4323,sigi_hmm
NC_015740.1,4512417,4516668,4251,sigi_hmm
NC_015733.1,719582,738827,19245,sigi_hmm
NC_015733.1,1191073,1197291,6218,sigi_hmm
NC_015733.1,1407426,1413659,6233,sigi_hmm
NC_015733.1,1586751,1594693,7942,sigi_hmm
NC_015733.1,1950272,1961584,11312,sigi_hmm
NC_015733.1,2200363,2207264,6901,sigi_hmm
NC_015733.1,2613512,2620013,6501,sigi_hmm
NC_015733.1,2663728,2678540,14812,sigi_hmm
NC_015733.1,2692174,2697797,5623,sigi_hmm
NC_015733.1,2699616,2711621,12005,sigi_hmm
NC_015733.1,2730762,2735054,4292,sigi_hmm
NC_015733.1,2756244,2763576,7332,sigi_hmm
NC_015733.1,3743321,3756877,13556,sigi_hmm
NC_015733.1,3758471,3765606,7135,sigi_hmm
NC_015733.1,3769873,3778356,8483,sigi_hmm
NC_015733.1,3782832,3800795,17963,sigi_hmm
NC_015733.1,3802399,3809977,7578,sigi_hmm
NC_015733.1,3815362,3822547,7185,sigi_hmm
NC_015733.1,3930484,3936093,5609,sigi_hmm
NC_015733.1,4133563,4138693,5130,sigi_hmm
NC_015733.1,4147018,4151941,4923,sigi_hmm
NC_015733.1,4567596,4573625,6029,sigi_hmm
NC_015733.1,4580676,4595194,14518,sigi_hmm
NC_015733.1,4600141,4617175,17034,sigi_hmm
NC_015733.1,4621886,4627613,5727,sigi_hmm
NC_015733.1,5963312,5972102,8790,sigi_hmm
NC_015875.1,98840,104081,5241,sigi_hmm
NC_015875.1,172363,177358,4995,sigi_hmm
NC_015875.1,184674,197821,13147,sigi_hmm
NC_015875.1,234168,238428,4260,sigi_hmm
NC_015875.1,239535,244398,4863,sigi_hmm
NC_015875.1,265070,269874,4804,sigi_hmm
NC_015875.1,428692,434186,5494,sigi_hmm
NC_015875.1,559138,563812,4674,sigi_hmm
NC_015875.1,1140681,1146662,5981,sigi_hmm
NC_015875.1,1161422,1171400,9978,sigi_hmm
NC_015875.1,1346894,1352012,5118,sigi_hmm
NC_015875.1,1654525,1666912,12387,sigi_hmm
NC_015875.1,1676431,1685274,8843,sigi_hmm
NC_015875.1,1972730,1980860,8130,sigi_hmm
NC_015875.1,2076849,2088934,12085,sigi_hmm
NC_015730.1,46956,58980,12024,sigi_hmm
NC_015730.1,744037,749172,5135,sigi_hmm
NC_015730.1,1114745,1124629,9884,sigi_hmm
NC_015730.1,1133194,1137601,4407,sigi_hmm
NC_015730.1,1802823,1817188,14365,sigi_hmm
NC_015730.1,1924944,1930252,5308,sigi_hmm
NC_015730.1,1935647,1945379,9732,sigi_hmm
NC_015730.1,2102236,2106799,4563,sigi_hmm
NC_015730.1,3671990,3678402,6412,sigi_hmm
NC_015730.1,3689128,3694061,4933,sigi_hmm
NC_015730.1,3700175,3706698,6523,sigi_hmm
NC_015730.1,3742779,3749579,6800,sigi_hmm
NC_015730.1,3756497,3762482,5985,sigi_hmm
NC_015730.1,4049428,4053691,4263,sigi_hmm
NC_015730.1,4407398,4412172,4774,sigi_hmm
NC_015732.1,31481,36426,4945,sigi_hmm
NC_015732.1,144647,152632,7985,sigi_hmm
NC_015732.1,553859,568262,14403,sigi_hmm
NC_015732.1,688958,704868,15910,sigi_hmm
NC_015732.1,793389,797927,4538,sigi_hmm
NC_015732.1,989754,994749,4995,sigi_hmm
NC_015732.1,1569050,1576874,7824,sigi_hmm
NC_015732.1,1644595,1653115,8520,sigi_hmm
NC_015732.1,1655966,1660090,4124,sigi_hmm
NC_015732.1,1928425,1934543,6118,sigi_hmm
NC_015732.1,1937108,1974220,37112,sigi_hmm
NC_015732.1,2462925,2475032,12107,sigi_hmm
NC_015732.1,2743405,2747797,4392,sigi_hmm
NC_015732.1,2858447,2867698,9251,sigi_hmm
NC_015760.1,112731,116753,4022,sigi_hmm
NC_015760.1,444168,451015,6847,sigi_hmm
NC_015760.1,663903,684247,20344,sigi_hmm
NC_015760.1,752810,760322,7512,sigi_hmm
NC_015760.1,1056547,1063262,6715,sigi_hmm
NC_015760.1,1167838,1173539,5701,sigi_hmm
NC_015760.1,1200263,1210455,10192,sigi_hmm
NC_015760.1,1575696,1580483,4787,sigi_hmm
NC_015760.1,1872864,1879282,6418,sigi_hmm
NC_004337.2,234863,239743,4880,sigi_hmm
NC_004337.2,311291,331620,20329,sigi_hmm
NC_004337.2,374607,380283,5676,sigi_hmm
NC_004337.2,709099,714106,5007,sigi_hmm
NC_004337.2,901342,912795,11453,sigi_hmm
NC_004337.2,1076772,1083658,6886,sigi_hmm
NC_004337.2,1092698,1098158,5460,sigi_hmm
NC_004337.2,1391199,1396004,4805,sigi_hmm
NC_004337.2,1416561,1421372,4811,sigi_hmm
NC_004337.2,1629369,1634417,5048,sigi_hmm
NC_004337.2,2038912,2048460,9548,sigi_hmm
NC_004337.2,2058095,2062112,4017,sigi_hmm
NC_004337.2,2063535,2071233,7698,sigi_hmm
NC_004337.2,2074209,2081807,7598,sigi_hmm
NC_004337.2,2108112,2118688,10576,sigi_hmm
NC_004337.2,2483700,2493248,9548,sigi_hmm
NC_004337.2,3058306,3066304,7998,sigi_hmm
NC_004337.2,3074060,3087141,13081,sigi_hmm
NC_004337.2,3177914,3184377,6463,sigi_hmm
NC_004337.2,3278049,3284638,6589,sigi_hmm
NC_004337.2,3595611,3605190,9579,sigi_hmm
NC_004337.2,3768480,3774612,6132,sigi_hmm
NC_004337.2,3806769,3819570,12801,sigi_hmm
NC_004337.2,3910921,3915166,4245,sigi_hmm
NC_004337.2,4382584,4387556,4972,sigi_hmm
NC_015865.1,693620,698956,5336,sigi_hmm
NC_015865.1,1119891,1127186,7295,sigi_hmm
NC_015865.1,1267199,1275988,8789,sigi_hmm
NC_015865.1,1477910,1488098,10188,sigi_hmm
NC_015761.1,305212,309416,4204,sigi_hmm
NC_015761.1,322656,348167,25511,sigi_hmm
NC_015761.1,528024,533334,5310,sigi_hmm
NC_015761.1,849424,855378,5954,sigi_hmm
NC_015761.1,1007223,1013023,5800,sigi_hmm
NC_015761.1,1020525,1029170,8645,sigi_hmm
NC_015761.1,1079096,1084921,5825,sigi_hmm
NC_015761.1,1186601,1195391,8790,sigi_hmm
NC_015761.1,1209223,1215772,6549,sigi_hmm
NC_015761.1,1497287,1503898,6611,sigi_hmm
NC_015761.1,1606515,1611647,5132,sigi_hmm
NC_015761.1,1634875,1638967,4092,sigi_hmm
NC_015761.1,1865382,1870812,5430,sigi_hmm
NC_015761.1,2025953,2030074,4121,sigi_hmm
NC_015761.1,2070251,2077562,7311,sigi_hmm
NC_015761.1,2227868,2235830,7962,sigi_hmm
NC_015761.1,2377556,2392035,14479,sigi_hmm
NC_015761.1,2730135,2735253,5118,sigi_hmm
NC_015761.1,2986544,2999172,12628,sigi_hmm
NC_015761.1,3297102,3304380,7278,sigi_hmm
NC_015761.1,3617401,3627688,10287,sigi_hmm
NC_015761.1,3705569,3710833,5264,sigi_hmm
NC_015761.1,4105690,4110290,4600,sigi_hmm
NC_015761.1,4198070,4207453,9383,sigi_hmm
NC_015761.1,4364626,4373325,8699,sigi_hmm
NC_015953.1,70513,77140,6627,sigi_hmm
NC_015953.1,2358096,2368063,9967,sigi_hmm
NC_015953.1,2909308,2914561,5253,sigi_hmm
NC_015953.1,3236026,3243365,7339,sigi_hmm
NC_015953.1,3323172,3328632,5460,sigi_hmm
NC_015953.1,3353217,3357974,4757,sigi_hmm
NC_015953.1,3466816,3472053,5237,sigi_hmm
NC_015953.1,3790263,3801514,11251,sigi_hmm
NC_015953.1,3864452,3873258,8806,sigi_hmm
NC_015953.1,5790974,5831932,40958,sigi_hmm
NC_015954.1,200187,204333,4146,sigi_hmm
NC_015957.1,122407,126457,4050,sigi_hmm
NC_015957.1,217055,225155,8100,sigi_hmm
NC_015957.1,344967,351423,6456,sigi_hmm
NC_015957.1,1075902,1088577,12675,sigi_hmm
NC_015957.1,1976550,1987552,11002,sigi_hmm
NC_015957.1,1988767,1994350,5583,sigi_hmm
NC_015957.1,2686902,2694598,7696,sigi_hmm
NC_015957.1,2700073,2704324,4251,sigi_hmm
NC_015957.1,2707527,2717096,9569,sigi_hmm
NC_015957.1,2739636,2744647,5011,sigi_hmm
NC_015957.1,2802353,2807090,4737,sigi_hmm
NC_015957.1,3290338,3294382,4044,sigi_hmm
NC_015957.1,4964757,4971767,7010,sigi_hmm
NC_015957.1,5126245,5130648,4403,sigi_hmm
NC_015957.1,5144213,5152755,8542,sigi_hmm
NC_015957.1,5200709,5204853,4144,sigi_hmm
NC_015957.1,6034424,6042880,8456,sigi_hmm
NC_015957.1,6119346,6152702,33356,sigi_hmm
NC_015957.1,6867016,6871507,4491,sigi_hmm
NC_015957.1,7267865,7274219,6354,sigi_hmm
NC_015957.1,7312886,7319238,6352,sigi_hmm
NC_015957.1,7414171,7422486,8315,sigi_hmm
NC_015957.1,7433212,7438824,5612,sigi_hmm
NC_015957.1,8113171,8119368,6197,sigi_hmm
NC_015957.1,8626407,8630881,4474,sigi_hmm
NC_015957.1,8681934,8688950,7016,sigi_hmm
NC_015957.1,8860145,8864147,4002,sigi_hmm
NC_015957.1,10522276,10529487,7211,sigi_hmm
NC_016077.1,683466,695465,11999,sigi_hmm
NC_016077.1,703303,711235,7932,sigi_hmm
NC_016077.1,1028563,1038904,10341,sigi_hmm
NC_016077.1,1042880,1048226,5346,sigi_hmm
NC_016077.1,1262476,1267854,5378,sigi_hmm
NC_016077.1,1275997,1299215,23218,sigi_hmm
NC_016077.1,1304461,1309295,4834,sigi_hmm
NC_016077.1,1330268,1336176,5908,sigi_hmm
NC_016077.1,1342803,1347213,4410,sigi_hmm
NC_016077.1,1350850,1355312,4462,sigi_hmm
NC_016077.1,1393470,1402158,8688,sigi_hmm
NC_016077.1,1883598,1889042,5444,sigi_hmm
NC_016077.1,1901020,1905697,4677,sigi_hmm
NC_016077.1,1907720,1918275,10555,sigi_hmm
NC_016077.1,1933188,1937454,4266,sigi_hmm
NC_016077.1,1938655,1946835,8180,sigi_hmm
NC_016077.1,1964485,1969193,4708,sigi_hmm
NC_016077.1,1971393,1991941,20548,sigi_hmm
NC_016077.1,1999624,2004323,4699,sigi_hmm
NC_016023.1,584104,595133,11029,sigi_hmm
NC_016023.1,939709,947692,7983,sigi_hmm
NC_016023.1,1190572,1195249,4677,sigi_hmm
NC_016023.1,1288692,1295225,6533,sigi_hmm
NC_016023.1,1508431,1512478,4047,sigi_hmm
NC_016023.1,1545948,1550682,4734,sigi_hmm
NC_016023.1,1780893,1787303,6410,sigi_hmm
NC_016023.1,1882545,1887693,5148,sigi_hmm
NC_016023.1,1936551,1943453,6902,sigi_hmm
NC_016023.1,1945219,1949265,4046,sigi_hmm
NC_016023.1,1965081,1969930,4849,sigi_hmm
NC_016023.1,2167359,2183966,16607,sigi_hmm
NC_016023.1,2270837,2276253,5416,sigi_hmm
NC_016047.1,160669,169546,8877,sigi_hmm
NC_016047.1,180573,187549,6976,sigi_hmm
NC_016047.1,218491,230023,11532,sigi_hmm
NC_016047.1,241050,248026,6976,sigi_hmm
NC_016047.1,317751,323752,6001,sigi_hmm
NC_016047.1,650068,658347,8279,sigi_hmm
NC_016047.1,854995,859543,4548,sigi_hmm
NC_016047.1,1238180,1244766,6586,sigi_hmm
NC_016047.1,2486996,2495855,8859,sigi_hmm
NC_016047.1,2643661,2649153,5492,sigi_hmm
NC_016047.1,2668489,2673287,4798,sigi_hmm
NC_016047.1,2681202,2688742,7540,sigi_hmm
NC_016047.1,3641303,3647841,6538,sigi_hmm
NC_016047.1,4122941,4130885,7944,sigi_hmm
NC_016012.1,25007,31470,6463,sigi_hmm
NC_016012.1,969054,973341,4287,sigi_hmm
NC_016012.1,1234858,1240887,6029,sigi_hmm
NC_016012.1,1339700,1345666,5966,sigi_hmm
NC_016012.1,1429076,1433814,4738,sigi_hmm
NC_016027.1,69476,73632,4156,sigi_hmm
NC_016027.1,132256,142081,9825,sigi_hmm
NC_016027.1,152047,157014,4967,sigi_hmm
NC_016027.1,236499,241909,5410,sigi_hmm
NC_016027.1,254833,259917,5084,sigi_hmm
NC_016027.1,1366769,1379157,12388,sigi_hmm
NC_016027.1,1655396,1659442,4046,sigi_hmm
NC_016027.1,1782707,1786766,4059,sigi_hmm
NC_016027.1,1857102,1861503,4401,sigi_hmm
NC_016027.1,1868998,1874238,5240,sigi_hmm
NC_016027.1,1910212,1932917,22705,sigi_hmm
NC_016027.1,2055796,2063434,7638,sigi_hmm
NC_016027.1,2075304,2098839,23535,sigi_hmm
NC_016027.1,2395347,2401863,6516,sigi_hmm
NC_016027.1,2465440,2469586,4146,sigi_hmm
NC_016027.1,2519016,2523706,4690,sigi_hmm
NC_016027.1,2531402,2545046,13644,sigi_hmm
NC_016027.1,2548939,2571990,23051,sigi_hmm
NC_015964.1,274026,279524,5498,sigi_hmm
NC_015964.1,1156356,1162663,6307,sigi_hmm
NC_015964.1,1445806,1452590,6784,sigi_hmm
NC_015978.1,163531,176541,13010,sigi_hmm
NC_015975.1,109895,120743,10848,sigi_hmm
NC_015975.1,386056,392482,6426,sigi_hmm
NC_015975.1,471329,478180,6851,sigi_hmm
NC_015975.1,563932,572099,8167,sigi_hmm
NC_015975.1,797071,801105,4034,sigi_hmm
NC_015975.1,1069101,1077162,8061,sigi_hmm
NC_015930.1,1104386,1111591,7205,sigi_hmm
NC_015930.1,1263872,1268335,4463,sigi_hmm
NC_015930.1,1358853,1363569,4716,sigi_hmm
NC_015930.1,1400464,1404902,4438,sigi_hmm
NC_016109.1,11456,17138,5682,sigi_hmm
NC_016109.1,18556,22801,4245,sigi_hmm
NC_016109.1,43035,47464,4429,sigi_hmm
NC_016109.1,66041,80377,14336,sigi_hmm
NC_016109.1,83156,88611,5455,sigi_hmm
NC_016109.1,108553,113435,4882,sigi_hmm
NC_016109.1,612134,616770,4636,sigi_hmm
NC_016109.1,631239,635471,4232,sigi_hmm
NC_016109.1,959668,970856,11188,sigi_hmm
NC_016109.1,1138447,1142952,4505,sigi_hmm
NC_016109.1,1347924,1352132,4208,sigi_hmm
NC_016109.1,1766884,1775247,8363,sigi_hmm
NC_016109.1,1887567,1896217,8650,sigi_hmm
NC_016109.1,2069628,2073947,4319,sigi_hmm
NC_016109.1,2076658,2081325,4667,sigi_hmm
NC_016109.1,2484162,2493060,8898,sigi_hmm
NC_016109.1,2631732,2638639,6907,sigi_hmm
NC_016109.1,2639901,2654729,14828,sigi_hmm
NC_016109.1,2735452,2740791,5339,sigi_hmm
NC_016109.1,2875458,2880187,4729,sigi_hmm
NC_016109.1,3060791,3064900,4109,sigi_hmm
NC_016109.1,3285172,3289479,4307,sigi_hmm
NC_016109.1,3627069,3633723,6654,sigi_hmm
NC_016109.1,3673015,3679009,5994,sigi_hmm
NC_016109.1,3967355,3975277,7922,sigi_hmm
NC_016109.1,3975770,3983102,7332,sigi_hmm
NC_016109.1,4193686,4197989,4303,sigi_hmm
NC_016109.1,4214476,4223589,9113,sigi_hmm
NC_016109.1,4496410,4501762,5352,sigi_hmm
NC_016109.1,4504489,4509365,4876,sigi_hmm
NC_016109.1,4581467,4589845,8378,sigi_hmm
NC_016109.1,5298123,5303911,5788,sigi_hmm
NC_016109.1,5778730,5784774,6044,sigi_hmm
NC_016109.1,5787034,5792825,5791,sigi_hmm
NC_016109.1,5800888,5805009,4121,sigi_hmm
NC_016109.1,5806149,5810215,4066,sigi_hmm
NC_016109.1,5812292,5821705,9413,sigi_hmm
NC_016109.1,6514492,6521007,6515,sigi_hmm
NC_016109.1,6590366,6596796,6430,sigi_hmm
NC_016109.1,6634741,6639943,5202,sigi_hmm
NC_016109.1,6822253,6835905,13652,sigi_hmm
NC_016109.1,7042747,7046884,4137,sigi_hmm
NC_016109.1,7332533,7337962,5429,sigi_hmm
NC_016109.1,7637790,7650678,12888,sigi_hmm
NC_016109.1,7916215,7921557,5342,sigi_hmm
NC_016109.1,8151019,8156882,5863,sigi_hmm
NC_016109.1,8239196,8243256,4060,sigi_hmm
NC_016109.1,8481258,8485875,4617,sigi_hmm
NC_016109.1,8573620,8577990,4370,sigi_hmm
NC_016109.1,8648374,8653130,4756,sigi_hmm
NC_016109.1,8669844,8674726,4882,sigi_hmm
NC_016109.1,8694668,8700123,5455,sigi_hmm
NC_016109.1,8702902,8717238,14336,sigi_hmm
NC_016109.1,8735815,8740244,4429,sigi_hmm
NC_016109.1,8760478,8764723,4245,sigi_hmm
NC_016109.1,8766141,8771823,5682,sigi_hmm
NC_016109.1,8777560,8782897,5337,sigi_hmm
NC_016011.1,1421703,1425765,4062,sigi_hmm
NC_015873.1,394576,400191,5615,sigi_hmm
NC_015873.1,931784,943005,11221,sigi_hmm
NC_015873.1,951449,965096,13647,sigi_hmm
NC_015873.1,1125312,1129933,4621,sigi_hmm
NC_015873.1,1492560,1499564,7004,sigi_hmm
NC_015873.1,1804428,1812744,8316,sigi_hmm
NC_015873.1,1911007,1916594,5587,sigi_hmm
NC_015873.1,1937955,1947701,9746,sigi_hmm
NC_015873.1,2125454,2130595,5141,sigi_hmm
NC_015873.1,2131263,2136018,4755,sigi_hmm
NC_015873.1,2147777,2152436,4659,sigi_hmm
NC_015873.1,2204668,2213625,8957,sigi_hmm
NC_016026.1,309280,322330,13050,sigi_hmm
NC_016026.1,587975,592215,4240,sigi_hmm
NC_016026.1,1007250,1025436,18186,sigi_hmm
NC_016026.1,1230514,1243410,12896,sigi_hmm
NC_016026.1,1763308,1774521,11213,sigi_hmm
NC_016026.1,1975530,1995891,20361,sigi_hmm
NC_016026.1,2088419,2099708,11289,sigi_hmm
NC_016026.1,2173550,2186416,12866,sigi_hmm
NC_016026.1,2220600,2225917,5317,sigi_hmm
NC_016112.1,4585505,4591027,5522,sigi_hmm
NC_016048.1,181003,186370,5367,sigi_hmm
NC_016048.1,189181,198236,9055,sigi_hmm
NC_016048.1,210054,227116,17062,sigi_hmm
NC_016048.1,309464,323990,14526,sigi_hmm
NC_016048.1,325057,334954,9897,sigi_hmm
NC_016048.1,358333,368923,10590,sigi_hmm
NC_016048.1,379866,391897,12031,sigi_hmm
NC_016048.1,401276,414448,13172,sigi_hmm
NC_016048.1,437523,441618,4095,sigi_hmm
NC_016048.1,462104,470207,8103,sigi_hmm
NC_016048.1,695845,710307,14462,sigi_hmm
NC_016048.1,753444,757623,4179,sigi_hmm
NC_016048.1,758672,765408,6736,sigi_hmm
NC_016048.1,766491,791584,25093,sigi_hmm
NC_016048.1,803977,810770,6793,sigi_hmm
NC_016048.1,822221,831751,9530,sigi_hmm
NC_016048.1,838082,843859,5777,sigi_hmm
NC_016048.1,847342,852469,5127,sigi_hmm
NC_016048.1,866762,871606,4844,sigi_hmm
NC_016048.1,899498,904247,4749,sigi_hmm
NC_016048.1,997201,1002210,5009,sigi_hmm
NC_016048.1,1104778,1108909,4131,sigi_hmm
NC_016048.1,1394781,1414024,19243,sigi_hmm
NC_016048.1,1427955,1432056,4101,sigi_hmm
NC_016048.1,1446264,1455475,9211,sigi_hmm
NC_016048.1,1481367,1487168,5801,sigi_hmm
NC_016048.1,1589049,1593289,4240,sigi_hmm
NC_016048.1,1606676,1614648,7972,sigi_hmm
NC_016048.1,1617653,1629837,12184,sigi_hmm
NC_016048.1,1632341,1638168,5827,sigi_hmm
NC_016048.1,1641863,1647461,5598,sigi_hmm
NC_016048.1,1675944,1679952,4008,sigi_hmm
NC_016048.1,1701460,1711315,9855,sigi_hmm
NC_016048.1,1765678,1771721,6043,sigi_hmm
NC_016048.1,1858177,1862771,4594,sigi_hmm
NC_016048.1,1912322,1916650,4328,sigi_hmm
NC_016048.1,1935320,1942687,7367,sigi_hmm
NC_016048.1,1947270,1955114,7844,sigi_hmm
NC_016048.1,2062572,2068826,6254,sigi_hmm
NC_016048.1,2152505,2159323,6818,sigi_hmm
NC_016048.1,2348853,2358288,9435,sigi_hmm
NC_016048.1,2394430,2399727,5297,sigi_hmm
NC_016048.1,2563222,2580359,17137,sigi_hmm
NC_016048.1,2683538,2691517,7979,sigi_hmm
NC_016048.1,2698013,2707315,9302,sigi_hmm
NC_016048.1,2744453,2749286,4833,sigi_hmm
NC_016048.1,2842521,2847235,4714,sigi_hmm
NC_016048.1,2885407,2895966,10559,sigi_hmm
NC_016048.1,2912735,2924339,11604,sigi_hmm
NC_016048.1,2929420,2942023,12603,sigi_hmm
NC_016048.1,2949189,2965365,16176,sigi_hmm
NC_016048.1,2967748,2971952,4204,sigi_hmm
NC_016048.1,2973183,2978513,5330,sigi_hmm
NC_016048.1,2992129,2999914,7785,sigi_hmm
NC_016048.1,3005664,3022979,17315,sigi_hmm
NC_016048.1,3068335,3079525,11190,sigi_hmm
NC_016048.1,3088132,3095502,7370,sigi_hmm
NC_016048.1,3111048,3115175,4127,sigi_hmm
NC_016048.1,3210334,3215253,4919,sigi_hmm
NC_016048.1,3269108,3273737,4629,sigi_hmm
NC_016048.1,3276116,3282285,6169,sigi_hmm
NC_016048.1,3428661,3433312,4651,sigi_hmm
NC_016048.1,3442461,3449281,6820,sigi_hmm
NC_016048.1,3450930,3458015,7085,sigi_hmm
NC_016048.1,3607821,3611943,4122,sigi_hmm
NC_016048.1,3615871,3622263,6392,sigi_hmm
NC_016048.1,3626630,3631825,5195,sigi_hmm
NC_016048.1,3644823,3651176,6353,sigi_hmm
NC_016048.1,3674228,3681773,7545,sigi_hmm
NC_016048.1,3684986,3693070,8084,sigi_hmm
NC_016048.1,3696576,3702057,5481,sigi_hmm
NC_016048.1,3863159,3869515,6356,sigi_hmm
NC_016048.1,3950795,3964458,13663,sigi_hmm
NC_016048.1,3986734,3995976,9242,sigi_hmm
NC_016048.1,4053616,4061258,7642,sigi_hmm
NC_016048.1,4076442,4085053,8611,sigi_hmm
NC_016048.1,4152110,4156635,4525,sigi_hmm
NC_016048.1,4168128,4172700,4572,sigi_hmm
NC_016048.1,4175439,4185674,10235,sigi_hmm
NC_016048.1,4190147,4199636,9489,sigi_hmm
NC_016048.1,4206076,4213060,6984,sigi_hmm
NC_016048.1,4218725,4223234,4509,sigi_hmm
NC_016078.1,920142,931258,11116,sigi_hmm
NC_016078.1,2798768,2805134,6366,sigi_hmm
NC_016078.1,3135828,3142753,6925,sigi_hmm
NC_016078.1,3840844,3844963,4119,sigi_hmm
NC_016002.1,22352,30212,7860,sigi_hmm
NC_016002.1,57263,73366,16103,sigi_hmm
NC_016002.1,76732,81318,4586,sigi_hmm
NC_016002.1,99809,103833,4024,sigi_hmm
NC_016002.1,118456,132731,14275,sigi_hmm
NC_016002.1,224503,235713,11210,sigi_hmm
NC_016002.1,245132,252363,7231,sigi_hmm
NC_016002.1,275738,297126,21388,sigi_hmm
NC_016002.1,304104,313419,9315,sigi_hmm
NC_016002.1,335575,339917,4342,sigi_hmm
NC_016002.1,425298,435337,10039,sigi_hmm
NC_016002.1,443475,447905,4430,sigi_hmm
NC_016002.1,467762,472489,4727,sigi_hmm
NC_016002.1,549695,555808,6113,sigi_hmm
NC_016002.1,640778,645051,4273,sigi_hmm
NC_016002.1,717851,722154,4303,sigi_hmm
NC_016002.1,799825,804614,4789,sigi_hmm
NC_016002.1,889052,893229,4177,sigi_hmm
NC_016002.1,993873,1000898,7025,sigi_hmm
NC_016002.1,1064475,1071505,7030,sigi_hmm
NC_016002.1,1254365,1266456,12091,sigi_hmm
NC_016002.1,1364519,1377915,13396,sigi_hmm
NC_016002.1,1399742,1404992,5250,sigi_hmm
NC_016002.1,1558778,1562993,4215,sigi_hmm
NC_016002.1,1643700,1650863,7163,sigi_hmm
NC_016002.1,1746819,1753109,6290,sigi_hmm
NC_016002.1,1771813,1776581,4768,sigi_hmm
NC_016002.1,1983273,1987800,4527,sigi_hmm
NC_016002.1,2003917,2010505,6588,sigi_hmm
NC_016002.1,2185170,2191460,6290,sigi_hmm
NC_016002.1,2332841,2336932,4091,sigi_hmm
NC_016002.1,2458451,2462991,4540,sigi_hmm
NC_016002.1,2468906,2473290,4384,sigi_hmm
NC_016002.1,2596401,2601455,5054,sigi_hmm
NC_016002.1,2790872,2798280,7408,sigi_hmm
NC_016002.1,2897805,2903001,5196,sigi_hmm
NC_016002.1,2957201,2963714,6513,sigi_hmm
NC_016002.1,2989044,2996163,7119,sigi_hmm
NC_016002.1,3031649,3036345,4696,sigi_hmm
NC_016002.1,3038971,3047946,8975,sigi_hmm
NC_016002.1,3057179,3062802,5623,sigi_hmm
NC_016002.1,3065971,3071374,5403,sigi_hmm
NC_016002.1,3477901,3484300,6399,sigi_hmm
NC_016002.1,3623501,3631259,7758,sigi_hmm
NC_016002.1,3631686,3637634,5948,sigi_hmm
NC_016002.1,3778447,3782860,4413,sigi_hmm
NC_016002.1,3805452,3815412,9960,sigi_hmm
NC_016002.1,3816823,3821558,4735,sigi_hmm
NC_016002.1,3844403,3858445,14042,sigi_hmm
NC_016002.1,3906987,3913769,6782,sigi_hmm
NC_016002.1,3927298,3933133,5835,sigi_hmm
NC_016002.1,3934012,3945368,11356,sigi_hmm
NC_016002.1,3955703,3960563,4860,sigi_hmm
NC_016002.1,4069790,4078512,8722,sigi_hmm
NC_016002.1,4115652,4125086,9434,sigi_hmm
NC_016002.1,4145699,4155774,10075,sigi_hmm
NC_016002.1,4157273,4163684,6411,sigi_hmm
NC_016002.1,4177542,4183792,6250,sigi_hmm
NC_016002.1,4210177,4222587,12410,sigi_hmm
NC_016002.1,4234383,4241515,7132,sigi_hmm
NC_016002.1,4246506,4275498,28992,sigi_hmm
NC_016002.1,4298957,4306578,7621,sigi_hmm
NC_016002.1,4311257,4316962,5705,sigi_hmm
NC_016147.1,120698,126100,5402,sigi_hmm
NC_016147.1,373200,385838,12638,sigi_hmm
NC_016147.1,529689,535618,5929,sigi_hmm
NC_016147.1,741392,746364,4972,sigi_hmm
NC_016147.1,809461,815470,6009,sigi_hmm
NC_016147.1,845700,850494,4794,sigi_hmm
NC_016147.1,853568,869972,16404,sigi_hmm
NC_016147.1,876969,881830,4861,sigi_hmm
NC_016147.1,884760,890240,5480,sigi_hmm
NC_016147.1,950702,958777,8075,sigi_hmm
NC_016147.1,1652644,1662828,10184,sigi_hmm
NC_016147.1,1973494,1978055,4561,sigi_hmm
NC_016147.1,2010150,2018476,8326,sigi_hmm
NC_016147.1,2051445,2056785,5340,sigi_hmm
NC_016147.1,2059034,2063075,4041,sigi_hmm
NC_016147.1,2180630,2197793,17163,sigi_hmm
NC_016147.1,2209898,2215362,5464,sigi_hmm
NC_016147.1,2564944,2574999,10055,sigi_hmm
NC_016147.1,2575964,2584746,8782,sigi_hmm
NC_016147.1,2588672,2613494,24822,sigi_hmm
NC_016147.1,2696067,2700185,4118,sigi_hmm
NC_016147.1,3040672,3058052,17380,sigi_hmm
NC_016147.1,3187374,3198715,11341,sigi_hmm
NC_016147.1,3247581,3252127,4546,sigi_hmm
NC_016147.1,3256829,3262469,5640,sigi_hmm
NC_016147.1,3315193,3319427,4234,sigi_hmm
NC_015966.1,531017,536609,5592,sigi_hmm
NC_015966.1,1328410,1334774,6364,sigi_hmm
NC_015966.1,1343446,1359682,16236,sigi_hmm
NC_015966.1,1667642,1675250,7608,sigi_hmm
NC_015966.1,2266070,2274970,8900,sigi_hmm
NC_015966.1,2344599,2349618,5019,sigi_hmm
NC_015977.1,197784,204732,6948,sigi_hmm
NC_015977.1,349052,356247,7195,sigi_hmm
NC_015977.1,370247,378472,8225,sigi_hmm
NC_015977.1,380705,386447,5742,sigi_hmm
NC_015977.1,394356,401291,6935,sigi_hmm
NC_015977.1,436518,447314,10796,sigi_hmm
NC_015977.1,452205,456266,4061,sigi_hmm
NC_015977.1,1239586,1243864,4278,sigi_hmm
NC_015977.1,2255598,2260354,4756,sigi_hmm
NC_015977.1,2271180,2280550,9370,sigi_hmm
NC_015977.1,2452242,2458533,6291,sigi_hmm
NC_015977.1,2572427,2578875,6448,sigi_hmm
NC_015977.1,2759868,2764447,4579,sigi_hmm
NC_015977.1,2814329,2818382,4053,sigi_hmm
NC_015977.1,2887045,2891213,4168,sigi_hmm
NC_015977.1,2895501,2904520,9019,sigi_hmm
NC_015977.1,2906667,2912884,6217,sigi_hmm
NC_015977.1,2926057,2934178,8121,sigi_hmm
NC_015977.1,3020700,3033202,12502,sigi_hmm
NC_015977.1,3233021,3238136,5115,sigi_hmm
NC_015977.1,3261629,3266110,4481,sigi_hmm
NC_015977.1,3269528,3273833,4305,sigi_hmm
NC_015977.1,3303725,3309436,5711,sigi_hmm
NC_015977.1,3315206,3324916,9710,sigi_hmm
NC_015977.1,3438095,3455038,16943,sigi_hmm
NC_015977.1,3463644,3471104,7460,sigi_hmm
NC_004350.2,53862,60542,6680,sigi_hmm
NC_004350.2,266180,270199,4019,sigi_hmm
NC_015976.1,1070830,1079891,9061,sigi_hmm
NC_015976.1,1083056,1094987,11931,sigi_hmm
NC_015976.1,1915261,1921092,5831,sigi_hmm
NC_015976.1,2022878,2027171,4293,sigi_hmm
NC_015976.1,2052189,2059239,7050,sigi_hmm
NC_015976.1,2158164,2168783,10619,sigi_hmm
NC_015976.1,2318394,2322814,4420,sigi_hmm
NC_015976.1,2372782,2377686,4904,sigi_hmm
NC_015976.1,2410205,2418237,8032,sigi_hmm
NC_015976.1,2852308,2856744,4436,sigi_hmm
NC_015976.1,2905073,2909683,4610,sigi_hmm
NC_015976.1,3124478,3137790,13312,sigi_hmm
NC_016043.1,110664,115315,4651,sigi_hmm
NC_016043.1,444744,449030,4286,sigi_hmm
NC_016051.1,88635,95294,6659,sigi_hmm
NC_016051.1,773624,782371,8747,sigi_hmm
NC_016051.1,1331148,1335485,4337,sigi_hmm
NC_016051.1,1391389,1404700,13311,sigi_hmm
NC_016051.1,1686731,1696518,9787,sigi_hmm
NC_016051.1,1815050,1826485,11435,sigi_hmm
NC_015958.1,2418109,2423820,5711,sigi_hmm
NC_016114.1,923448,929133,5685,sigi_hmm
NC_016114.1,1482449,1487128,4679,sigi_hmm
NC_016114.1,4344600,4349153,4553,sigi_hmm
NC_016114.1,7288964,7294366,5402,sigi_hmm
NC_016148.1,485204,496118,10914,sigi_hmm
NC_016010.1,146164,153391,7227,sigi_hmm
NC_016010.1,646839,655553,8714,sigi_hmm
NC_016010.1,1175992,1187104,11112,sigi_hmm
NC_016010.1,1253580,1264160,10580,sigi_hmm
NC_016010.1,1314226,1320664,6438,sigi_hmm
NC_016010.1,1827666,1863174,35508,sigi_hmm
NC_016010.1,1865209,1891106,25897,sigi_hmm
NC_016010.1,2213287,2218730,5443,sigi_hmm
NC_016010.1,2257010,2262969,5959,sigi_hmm
NC_016010.1,2439008,2443539,4531,sigi_hmm
NC_016010.1,2539746,2547447,7701,sigi_hmm
NC_016010.1,2592785,2604444,11659,sigi_hmm
NC_016010.1,2606136,2612479,6343,sigi_hmm
NC_016010.1,2839021,2845058,6037,sigi_hmm
NC_016010.1,2973183,2987634,14451,sigi_hmm
NC_016010.1,2989996,3000377,10381,sigi_hmm
NC_016010.1,3647383,3655980,8597,sigi_hmm
NC_016010.1,3659196,3685838,26642,sigi_hmm
NC_016010.1,3931036,3939169,8133,sigi_hmm
NC_016010.1,4072009,4086132,14123,sigi_hmm
NC_016010.1,4550853,4555076,4223,sigi_hmm
NC_016010.1,4841002,4848225,7223,sigi_hmm
NC_016010.1,4890518,4898832,8314,sigi_hmm
NC_017121.1,170703,185831,15128,sigi_hmm
NC_017121.1,855699,863570,7871,sigi_hmm
NC_017121.1,1412830,1417920,5090,sigi_hmm
NC_017121.1,2039814,2045266,5452,sigi_hmm
NC_017121.1,2207727,2213531,5804,sigi_hmm
NC_017121.1,2257279,2261660,4381,sigi_hmm
NC_017121.1,2351838,2357226,5388,sigi_hmm
NC_017121.1,2786446,2794322,7876,sigi_hmm
NC_017121.1,2826198,2830918,4720,sigi_hmm
NC_017125.1,170703,185831,15128,sigi_hmm
NC_017125.1,855699,863570,7871,sigi_hmm
NC_017125.1,1413847,1418937,5090,sigi_hmm
NC_017125.1,2042452,2047904,5452,sigi_hmm
NC_017125.1,2210365,2216169,5804,sigi_hmm
NC_017125.1,2259917,2264298,4381,sigi_hmm
NC_017125.1,2354476,2359864,5388,sigi_hmm
NC_017125.1,2787669,2795545,7876,sigi_hmm
NC_017125.1,2827421,2832141,4720,sigi_hmm
NC_017146.1,170703,185831,15128,sigi_hmm
NC_017146.1,855699,863570,7871,sigi_hmm
NC_017146.1,1413847,1418937,5090,sigi_hmm
NC_017146.1,2042494,2047946,5452,sigi_hmm
NC_017146.1,2210407,2216211,5804,sigi_hmm
NC_017146.1,2259959,2264340,4381,sigi_hmm
NC_017146.1,2354518,2359906,5388,sigi_hmm
NC_017146.1,2787711,2795587,7876,sigi_hmm
NC_017146.1,2827463,2832183,4720,sigi_hmm
NC_017111.1,170703,185831,15128,sigi_hmm
NC_017111.1,855699,863570,7871,sigi_hmm
NC_017111.1,1412830,1417920,5090,sigi_hmm
NC_017111.1,2039077,2045279,6202,sigi_hmm
NC_017111.1,2207740,2213544,5804,sigi_hmm
NC_017111.1,2257292,2261673,4381,sigi_hmm
NC_017111.1,2351851,2357239,5388,sigi_hmm
NC_017111.1,2785044,2792920,7876,sigi_hmm
NC_017111.1,2824796,2829516,4720,sigi_hmm
NC_011761.1,762941,770032,7091,sigi_hmm
NC_011761.1,1162750,1167431,4681,sigi_hmm
NC_011761.1,1404393,1408583,4190,sigi_hmm
NC_011761.1,1503724,1508077,4353,sigi_hmm
NC_011761.1,2041664,2051003,9339,sigi_hmm
NC_011761.1,2794266,2799244,4978,sigi_hmm
NC_011761.1,2817239,2825428,8189,sigi_hmm
NC_011206.1,270589,275316,4727,sigi_hmm
NC_011206.1,2719562,2725267,5705,sigi_hmm
NC_012483.1,488989,504229,15240,sigi_hmm
NC_009484.1,966965,971896,4931,sigi_hmm
NC_017108.1,170703,185831,15128,sigi_hmm
NC_017108.1,855699,863570,7871,sigi_hmm
NC_017108.1,1412830,1417920,5090,sigi_hmm
NC_017108.1,2039020,2045261,6241,sigi_hmm
NC_017108.1,2207722,2213526,5804,sigi_hmm
NC_017108.1,2257274,2261655,4381,sigi_hmm
NC_017108.1,2351833,2357221,5388,sigi_hmm
NC_017108.1,2785026,2792902,7876,sigi_hmm
NC_017108.1,2824778,2829498,4720,sigi_hmm
NC_005966.1,2745532,2749832,4300,sigi_hmm
NC_011586.1,2800850,2805270,4420,sigi_hmm
NC_014640.1,2164869,2180503,15634,sigi_hmm
NC_014640.1,4036573,4052316,15743,sigi_hmm
NC_014640.1,4318802,4333337,14535,sigi_hmm
NC_014640.1,5052078,5061804,9726,sigi_hmm
NC_014640.1,6750401,6756624,6223,sigi_hmm
NC_008782.1,1247577,1254627,7050,sigi_hmm
NC_008782.1,1417582,1424340,6758,sigi_hmm
NC_008782.1,1524948,1530957,6009,sigi_hmm
NC_008782.1,1640335,1646404,6069,sigi_hmm
NC_008782.1,2321480,2333901,12421,sigi_hmm
NC_008782.1,2604823,2609674,4851,sigi_hmm
NC_008782.1,2799298,2808416,9118,sigi_hmm
NC_008782.1,2864807,2879996,15189,sigi_hmm
NC_008782.1,3171485,3181778,10293,sigi_hmm
NC_008782.1,3186923,3193014,6091,sigi_hmm
NC_008782.1,3791300,3803850,12550,sigi_hmm
NC_011992.1,579679,584053,4374,sigi_hmm
NC_011992.1,1340993,1345167,4174,sigi_hmm
NC_011992.1,2308856,2314179,5323,sigi_hmm
NC_011992.1,2343832,2350288,6456,sigi_hmm
NC_011992.1,3388524,3398387,9863,sigi_hmm
NC_016603.1,193572,198424,4852,sigi_hmm
NC_017847.1,1376288,1387512,11224,sigi_hmm
NC_017847.1,1390685,1395246,4561,sigi_hmm
NC_017847.1,1927601,1932323,4722,sigi_hmm
NC_017847.1,2661081,2676543,15462,sigi_hmm
NC_017847.1,2816427,2821318,4891,sigi_hmm
NC_017847.1,2968914,2977232,8318,sigi_hmm
NC_008752.1,626584,634191,7607,sigi_hmm
NC_008752.1,1797073,1802820,5747,sigi_hmm
NC_008752.1,2733723,2738718,4995,sigi_hmm
NC_008752.1,2969456,2982746,13290,sigi_hmm
NC_008752.1,3514951,3524890,9939,sigi_hmm
NC_008752.1,3964793,3971168,6375,sigi_hmm
NC_017150.1,170703,185831,15128,sigi_hmm
NC_017150.1,855705,863576,7871,sigi_hmm
NC_017150.1,1412836,1417926,5090,sigi_hmm
NC_017150.1,1947578,1953030,5452,sigi_hmm
NC_017150.1,2116538,2121313,4775,sigi_hmm
NC_017150.1,2165061,2169442,4381,sigi_hmm
NC_017150.1,2259620,2265008,5388,sigi_hmm
NC_017150.1,2695643,2703519,7876,sigi_hmm
NC_017150.1,2735395,2740115,4720,sigi_hmm
NC_011595.1,812803,835722,22919,sigi_hmm
NC_017162.1,125937,132554,6617,sigi_hmm
NC_017162.1,277456,289532,12076,sigi_hmm
NC_017162.1,991516,999834,8318,sigi_hmm
NC_017162.1,1235637,1252461,16824,sigi_hmm
NC_017162.1,2420740,2426494,5754,sigi_hmm
NC_017162.1,3164162,3168641,4479,sigi_hmm
NC_017162.1,3823685,3828421,4736,sigi_hmm
NC_017171.1,1070313,1080964,10651,sigi_hmm
NC_017171.1,1238094,1242983,4889,sigi_hmm
NC_017171.1,1339216,1348908,9692,sigi_hmm
NC_017100.1,170703,185831,15128,sigi_hmm
NC_017100.1,855699,863570,7871,sigi_hmm
NC_017100.1,1413847,1418937,5090,sigi_hmm
NC_017100.1,2042472,2047924,5452,sigi_hmm
NC_017100.1,2210385,2216189,5804,sigi_hmm
NC_017100.1,2259937,2264318,4381,sigi_hmm
NC_017100.1,2354496,2359884,5388,sigi_hmm
NC_017100.1,2787689,2795565,7876,sigi_hmm
NC_017100.1,2827441,2832161,4720,sigi_hmm
NC_017387.1,119007,123349,4342,sigi_hmm
NC_017387.1,253516,282712,29196,sigi_hmm
NC_017387.1,1063342,1079488,16146,sigi_hmm
NC_017387.1,1255719,1260610,4891,sigi_hmm
NC_008570.1,2242283,2246283,4000,sigi_hmm
NC_008570.1,3243979,3253231,9252,sigi_hmm
NC_008570.1,3253868,3259321,5453,sigi_hmm
NC_009348.1,166543,170627,4084,sigi_hmm
NC_009348.1,389845,395792,5947,sigi_hmm
NC_009348.1,1485999,1494131,8132,sigi_hmm
NC_009348.1,1500139,1504340,4201,sigi_hmm
NC_009348.1,1512600,1517714,5114,sigi_hmm
NC_009348.1,1679917,1686229,6312,sigi_hmm
NC_009348.1,2368093,2375492,7399,sigi_hmm
NC_009348.1,3828750,3832794,4044,sigi_hmm
NC_009348.1,3950737,3956752,6015,sigi_hmm
NC_009348.1,4632464,4638811,6347,sigi_hmm
NC_016513.1,603419,607433,4014,sigi_hmm
NC_017167.1,142272,147241,4969,sigi_hmm
NC_017167.1,344921,349527,4606,sigi_hmm
NC_017167.1,685140,692512,7372,sigi_hmm
NC_017167.1,1097539,1104592,7053,sigi_hmm
NC_017167.1,1670453,1674713,4260,sigi_hmm
NC_017167.1,1682881,1688281,5400,sigi_hmm
NC_017167.1,1719591,1725173,5582,sigi_hmm
NC_017167.1,1758792,1764044,5252,sigi_hmm
NC_017167.1,1793741,1799499,5758,sigi_hmm
NC_017167.1,1804533,1809594,5061,sigi_hmm
NC_017167.1,2326983,2333006,6023,sigi_hmm
NC_017167.1,3063969,3068080,4111,sigi_hmm
NC_017846.1,2002957,2007270,4313,sigi_hmm
NC_008340.1,284503,290305,5802,sigi_hmm
NC_008340.1,687513,691800,4287,sigi_hmm
NC_008340.1,1079650,1088080,8430,sigi_hmm
NC_008340.1,1246447,1250533,4086,sigi_hmm
NC_008340.1,1314395,1323583,9188,sigi_hmm
NC_008340.1,2041304,2046264,4960,sigi_hmm
NC_008340.1,2048598,2055979,7381,sigi_hmm
NC_008340.1,2280033,2292278,12245,sigi_hmm
NC_008340.1,2295401,2301400,5999,sigi_hmm
NC_008340.1,2618091,2629040,10949,sigi_hmm
NC_017093.1,844154,849707,5553,sigi_hmm
NC_017093.1,1196444,1203297,6853,sigi_hmm
NC_017093.1,2147703,2152811,5108,sigi_hmm
NC_017093.1,2164272,2172065,7793,sigi_hmm
NC_017093.1,2233051,2237527,4476,sigi_hmm
NC_017093.1,2363048,2368525,5477,sigi_hmm
NC_017093.1,2528531,2533766,5235,sigi_hmm
NC_017093.1,3784809,3792602,7793,sigi_hmm
NC_017093.1,4237984,4243381,5397,sigi_hmm
NC_017093.1,4376594,4381939,5345,sigi_hmm
NC_017093.1,4394347,4401640,7293,sigi_hmm
NC_017093.1,7240800,7251132,10332,sigi_hmm
NC_017093.1,7262970,7267823,4853,sigi_hmm
NC_017093.1,7278642,7287959,9317,sigi_hmm
NC_009633.1,4114734,4121066,6332,sigi_hmm
NC_009633.1,4122082,4130656,8574,sigi_hmm
NC_009633.1,4399160,4404747,5587,sigi_hmm
NC_009675.1,3830422,3852084,21662,sigi_hmm
NC_011145.1,890813,898993,8180,sigi_hmm
NC_011145.1,3766293,3778217,11924,sigi_hmm
NC_011145.1,4375357,4389711,14354,sigi_hmm
NC_011145.1,4432435,4466592,34157,sigi_hmm
NC_011145.1,4634277,4646115,11838,sigi_hmm
NC_007760.1,1686119,1690524,4405,sigi_hmm
NC_007760.1,2139266,2143386,4120,sigi_hmm
NC_007760.1,2624157,2632994,8837,sigi_hmm
NC_007760.1,3664006,3704822,40816,sigi_hmm
NC_007760.1,3749244,3758201,8957,sigi_hmm
NC_007760.1,4081002,4088940,7938,sigi_hmm
NC_007760.1,4153266,4157863,4597,sigi_hmm
NC_011891.1,22434,28474,6040,sigi_hmm
NC_011891.1,1229179,1241352,12173,sigi_hmm
NC_011891.1,3372825,3378299,5474,sigi_hmm
NC_011891.1,3379581,3384324,4743,sigi_hmm
NC_011891.1,4178082,4186704,8622,sigi_hmm
NC_011891.1,4463307,4468506,5199,sigi_hmm
NC_011891.1,4935859,4946613,10754,sigi_hmm
NC_017803.1,230457,236488,6031,sigi_hmm
NC_017803.1,238139,244635,6496,sigi_hmm
NC_017803.1,254644,264494,9850,sigi_hmm
NC_017803.1,743926,748337,4411,sigi_hmm
NC_017803.1,979531,983668,4137,sigi_hmm
NC_017803.1,1126359,1145106,18747,sigi_hmm
NC_017803.1,1522138,1530400,8262,sigi_hmm
NC_017803.1,1627563,1633321,5758,sigi_hmm
NC_017803.1,2407319,2416299,8980,sigi_hmm
NC_017803.1,2709019,2713303,4284,sigi_hmm
NC_017803.1,3765548,3773156,7608,sigi_hmm
NC_017803.1,3804889,3809456,4567,sigi_hmm
NC_017803.1,3828328,3834395,6067,sigi_hmm
NC_017803.1,3842561,3847734,5173,sigi_hmm
NC_017803.1,3905739,3911708,5969,sigi_hmm
NC_017803.1,4607204,4615931,8727,sigi_hmm
NC_017803.1,4661950,4665967,4017,sigi_hmm
NC_017803.1,4725940,4738509,12569,sigi_hmm
NC_017803.1,4758746,4765063,6317,sigi_hmm
NC_017803.1,4814758,4821136,6378,sigi_hmm
NC_017803.1,4831371,4838053,6682,sigi_hmm
NC_017803.1,4954320,4958489,4169,sigi_hmm
NC_017803.1,6325573,6335619,10046,sigi_hmm
NC_017803.1,6337853,6351246,13393,sigi_hmm
NC_017803.1,6370398,6382297,11899,sigi_hmm
NC_017803.1,6388452,6398005,9553,sigi_hmm
NC_017803.1,6403581,6408806,5225,sigi_hmm
NC_017803.1,6430744,6442223,11479,sigi_hmm
NC_017803.1,6488140,6493496,5356,sigi_hmm
NC_017803.1,6503867,6521049,17182,sigi_hmm
NC_017803.1,6521573,6530216,8643,sigi_hmm
NC_017803.1,6539746,6547221,7475,sigi_hmm
NC_017803.1,6705601,6710608,5007,sigi_hmm
NC_017803.1,6881851,6891350,9499,sigi_hmm
NC_017803.1,6892420,6926268,33848,sigi_hmm
NC_017803.1,6926991,6932623,5632,sigi_hmm
NC_017803.1,7652830,7662772,9942,sigi_hmm
NC_017803.1,8526778,8530839,4061,sigi_hmm
NC_017803.1,8604291,8609202,4911,sigi_hmm
NC_017803.1,9078852,9086675,7823,sigi_hmm
NC_017192.1,1444728,1449326,4598,sigi_hmm
NC_017192.1,1890901,1894913,4012,sigi_hmm
NC_017192.1,1921995,1927311,5316,sigi_hmm
NC_017186.1,18242,25246,7004,sigi_hmm
NC_017186.1,384063,389468,5405,sigi_hmm
NC_017186.1,1360474,1365237,4763,sigi_hmm
NC_017186.1,1545420,1551707,6287,sigi_hmm
NC_017186.1,2275483,2283959,8476,sigi_hmm
NC_017186.1,5595156,5608852,13696,sigi_hmm
NC_017186.1,6229259,6234738,5479,sigi_hmm
NC_017186.1,6399989,6408052,8063,sigi_hmm
NC_017186.1,6419105,6429429,10324,sigi_hmm
NC_017186.1,6436007,6446320,10313,sigi_hmm
NC_017186.1,6449614,6470147,20533,sigi_hmm
NC_017186.1,6824570,6831995,7425,sigi_hmm
NC_017186.1,7449344,7454305,4961,sigi_hmm
NC_017186.1,7485424,7489723,4299,sigi_hmm
NC_017186.1,7832604,7837707,5103,sigi_hmm
NC_017186.1,8060327,8065745,5418,sigi_hmm
NC_017186.1,8070390,8081825,11435,sigi_hmm
NC_017186.1,8690906,8697942,7036,sigi_hmm
NC_017186.1,8703957,8709768,5811,sigi_hmm
NC_017186.1,9127003,9147283,20280,sigi_hmm
NC_017186.1,9612935,9620691,7756,sigi_hmm
NC_017186.1,10076394,10086289,9895,sigi_hmm
NC_016622.1,90785,95418,4633,sigi_hmm
NC_016622.1,407556,415176,7620,sigi_hmm
NC_016622.1,677075,684603,7528,sigi_hmm
NC_016622.1,820756,827433,6677,sigi_hmm
NC_016622.1,1646937,1653009,6072,sigi_hmm
NC_016622.1,1873633,1880785,7152,sigi_hmm
NC_016622.1,1916446,1923237,6791,sigi_hmm
NC_016622.1,1956414,1970826,14412,sigi_hmm
NC_016622.1,2739831,2745363,5532,sigi_hmm
NC_006513.1,1907438,1912904,5466,sigi_hmm
NC_006513.1,3496385,3501724,5339,sigi_hmm
NC_017190.1,601772,607472,5700,sigi_hmm
NC_017190.1,734918,741750,6832,sigi_hmm
NC_017190.1,802198,808429,6231,sigi_hmm
NC_017190.1,1202364,1212387,10023,sigi_hmm
NC_017190.1,1481384,1501548,20164,sigi_hmm
NC_017190.1,1508971,1514229,5258,sigi_hmm
NC_017190.1,2014526,2021202,6676,sigi_hmm
NC_017190.1,2138108,2148179,10071,sigi_hmm
NC_017190.1,2149312,2159062,9750,sigi_hmm
NC_017190.1,2162559,2177747,15188,sigi_hmm
NC_017190.1,2178849,2186469,7620,sigi_hmm
NC_017190.1,2190126,2201182,11056,sigi_hmm
NC_017190.1,2207411,2211561,4150,sigi_hmm
NC_017190.1,2214518,2222257,7739,sigi_hmm
NC_017190.1,2229304,2235610,6306,sigi_hmm
NC_017190.1,2246978,2257039,10061,sigi_hmm
NC_017190.1,2266680,2272175,5495,sigi_hmm
NC_017190.1,3817379,3826867,9488,sigi_hmm
NC_017190.1,3884943,3893100,8157,sigi_hmm
NC_017190.1,3908699,3913847,5148,sigi_hmm
NC_016779.1,1749496,1753845,4349,sigi_hmm
NC_017138.1,2624688,2634516,9828,sigi_hmm
NC_017188.1,184994,191034,6040,sigi_hmm
NC_017188.1,762254,766648,4394,sigi_hmm
NC_017188.1,1283010,1290231,7221,sigi_hmm
NC_017188.1,2196316,2200530,4214,sigi_hmm
NC_017188.1,3770582,3777249,6667,sigi_hmm
NC_017188.1,3848739,3854513,5774,sigi_hmm
NC_006322.1,752802,756955,4153,sigi_hmm
NC_017743.1,672238,676762,4524,sigi_hmm
NC_017743.1,2560283,2566787,6504,sigi_hmm
NC_017743.1,3548375,3552827,4452,sigi_hmm
NC_017191.1,190904,196944,6040,sigi_hmm
NC_017191.1,763665,770353,6688,sigi_hmm
NC_017191.1,1201031,1211955,10924,sigi_hmm
NC_017191.1,1276191,1281965,5774,sigi_hmm
NC_017191.1,1284587,1291808,7221,sigi_hmm
NC_017191.1,2189623,2197549,7926,sigi_hmm
NC_017191.1,2198447,2202565,4118,sigi_hmm
NC_017191.1,3772867,3778941,6074,sigi_hmm
NC_017191.1,3850820,3855968,5148,sigi_hmm
NC_003228.3,2025629,2032504,6875,sigi_hmm
NC_004663.1,744311,752769,8458,sigi_hmm
NC_004663.1,2342233,2347979,5746,sigi_hmm
NC_004663.1,3063566,3071256,7690,sigi_hmm
NC_017216.1,31096,40501,9405,sigi_hmm
NC_017216.1,42644,47942,5298,sigi_hmm
NC_017216.1,1096621,1104642,8021,sigi_hmm
NC_017216.1,1507204,1516953,9749,sigi_hmm
NC_017216.1,1644893,1650277,5384,sigi_hmm
NC_017216.1,1695750,1701163,5413,sigi_hmm
NC_017215.1,29270,37355,8085,sigi_hmm
NC_017215.1,293139,297425,4286,sigi_hmm
NC_017215.1,1100142,1104299,4157,sigi_hmm
NC_017215.1,1505408,1517478,12070,sigi_hmm
NC_017215.1,1644349,1649733,5384,sigi_hmm
NC_017215.1,1693198,1700573,7375,sigi_hmm
NC_017215.1,1866532,1872816,6284,sigi_hmm
NC_017214.1,199383,210090,10707,sigi_hmm
NC_017214.1,336944,342328,5384,sigi_hmm
NC_017214.1,387239,393140,5901,sigi_hmm
NC_017214.1,559072,565356,6284,sigi_hmm
NC_017214.1,664889,672974,8085,sigi_hmm
NC_017214.1,1735260,1739417,4157,sigi_hmm
NC_016776.1,213467,217785,4318,sigi_hmm
NC_016776.1,251074,266445,15371,sigi_hmm
NC_016776.1,948347,958475,10128,sigi_hmm
NC_016776.1,959563,966699,7136,sigi_hmm
NC_016776.1,1314126,1326831,12705,sigi_hmm
NC_016776.1,1604655,1619342,14687,sigi_hmm
NC_016776.1,1621977,1629274,7297,sigi_hmm
NC_016776.1,1632378,1642359,9981,sigi_hmm
NC_016776.1,1700699,1708660,7961,sigi_hmm
NC_016776.1,2207496,2219648,12152,sigi_hmm
NC_016776.1,2382886,2388137,5251,sigi_hmm
NC_016776.1,2395705,2401727,6022,sigi_hmm
NC_016776.1,2414708,2426342,11634,sigi_hmm
NC_016776.1,2443513,2455593,12080,sigi_hmm
NC_016776.1,2458224,2466057,7833,sigi_hmm
NC_016776.1,2972590,2978900,6310,sigi_hmm
NC_016776.1,2980129,2986725,6596,sigi_hmm
NC_016776.1,2989209,2999519,10310,sigi_hmm
NC_016776.1,3042080,3049570,7490,sigi_hmm
NC_016776.1,3279111,3287895,8784,sigi_hmm
NC_016776.1,3289487,3302305,12818,sigi_hmm
NC_016776.1,3581908,3586568,4660,sigi_hmm
NC_016776.1,4112194,4118960,6766,sigi_hmm
NC_016776.1,4121947,4126428,4481,sigi_hmm
NC_016776.1,4423630,4429855,6225,sigi_hmm
NC_016776.1,4605028,4610862,5834,sigi_hmm
NC_016776.1,5178917,5204722,25805,sigi_hmm
NC_016776.1,5213374,5218928,5554,sigi_hmm
NC_016776.1,5220435,5231053,10618,sigi_hmm
NC_009614.1,4260726,4269261,8535,sigi_hmm
NC_017834.1,36069,40711,4642,sigi_hmm
NC_017834.1,44950,52429,7479,sigi_hmm
NC_017834.1,1650697,1661447,10750,sigi_hmm
NC_017195.1,1103666,1108318,4652,sigi_hmm
NC_017195.1,1235062,1239507,4445,sigi_hmm
NC_017195.1,1861522,1868536,7014,sigi_hmm
NC_017195.1,2513894,2519395,5501,sigi_hmm
NC_017195.1,3370519,3374972,4453,sigi_hmm
NC_017195.1,3841049,3846151,5102,sigi_hmm
NC_017195.1,3931924,3943437,11513,sigi_hmm
NC_010816.1,577119,586037,8918,sigi_hmm
NC_010816.1,1540393,1547356,6963,sigi_hmm
NC_004307.2,433961,441398,7437,sigi_hmm
NC_011593.1,105553,112807,7254,sigi_hmm
NC_011593.1,2323693,2336659,12966,sigi_hmm
NC_010645.1,438274,443553,5279,sigi_hmm
NC_017217.1,31096,40501,9405,sigi_hmm
NC_017217.1,42959,47942,4983,sigi_hmm
NC_017217.1,1100575,1104674,4099,sigi_hmm
NC_017217.1,1507460,1516946,9486,sigi_hmm
NC_017217.1,1645002,1650386,5384,sigi_hmm
NC_017217.1,1658456,1664032,5576,sigi_hmm
NC_017217.1,1695859,1701272,5413,sigi_hmm
NC_017218.1,47697,53874,6177,sigi_hmm
NC_017218.1,200353,214806,14453,sigi_hmm
NC_017218.1,266632,287874,21242,sigi_hmm
NC_017218.1,341601,350585,8984,sigi_hmm
NC_017218.1,538882,563003,24121,sigi_hmm
NC_017218.1,899906,910202,10296,sigi_hmm
NC_017218.1,933538,943340,9802,sigi_hmm
NC_017218.1,1043507,1053009,9502,sigi_hmm
NC_017218.1,1134815,1139016,4201,sigi_hmm
NC_017218.1,1153924,1158943,5019,sigi_hmm
NC_017218.1,1163463,1179060,15597,sigi_hmm
NC_017218.1,1640037,1669824,29787,sigi_hmm
NC_017218.1,1798865,1819096,20231,sigi_hmm
NC_017218.1,1821299,1833111,11812,sigi_hmm
NC_017218.1,2130495,2137773,7278,sigi_hmm
NC_017218.1,2146576,2152795,6219,sigi_hmm
NC_017218.1,2176603,2181475,4872,sigi_hmm
NC_017238.1,63105,77661,14556,sigi_hmm
NC_017238.1,559752,563893,4141,sigi_hmm
NC_017238.1,664899,675515,10616,sigi_hmm
NC_017238.1,771883,776677,4794,sigi_hmm
NC_017238.1,871628,877293,5665,sigi_hmm
NC_017238.1,882423,890356,7933,sigi_hmm
NC_001318.1,65291,70126,4835,sigi_hmm
NC_001318.1,71201,77701,6500,sigi_hmm
NC_001318.1,182886,187194,4308,sigi_hmm
NC_001318.1,793842,799016,5174,sigi_hmm
NC_001318.1,801941,808464,6523,sigi_hmm
NC_002929.2,2602445,2608341,5896,sigi_hmm
NC_002929.2,3315789,3319967,4178,sigi_hmm
NC_002929.2,3575133,3588905,13772,sigi_hmm
NC_002928.3,4073334,4080961,7627,sigi_hmm
NC_008710.1,878668,886670,8002,sigi_hmm
NC_017808.1,10713,16982,6269,sigi_hmm
NC_017808.1,64344,78957,14613,sigi_hmm
NC_017808.1,80725,85868,5143,sigi_hmm
NC_017808.1,185152,189339,4187,sigi_hmm
NC_017808.1,195925,202062,6137,sigi_hmm
NC_017808.1,204991,210500,5509,sigi_hmm
NC_017808.1,211136,221158,10022,sigi_hmm
NC_017808.1,222629,226775,4146,sigi_hmm
NC_017808.1,248529,255508,6979,sigi_hmm
NC_017808.1,257871,266709,8838,sigi_hmm
NC_017808.1,269292,273298,4006,sigi_hmm
NC_017808.1,342605,350428,7823,sigi_hmm
NC_017808.1,374832,381193,6361,sigi_hmm
NC_017808.1,429523,434709,5186,sigi_hmm
NC_017808.1,470567,477397,6830,sigi_hmm
NC_017808.1,532673,536989,4316,sigi_hmm
NC_017808.1,563729,568996,5267,sigi_hmm
NC_017808.1,620367,624927,4560,sigi_hmm
NC_017808.1,653528,658179,4651,sigi_hmm
NC_017808.1,667227,677172,9945,sigi_hmm
NC_017808.1,681054,685712,4658,sigi_hmm
NC_017808.1,770613,778179,7566,sigi_hmm
NC_017808.1,800938,807315,6377,sigi_hmm
NC_017808.1,811502,824241,12739,sigi_hmm
NC_017808.1,877863,885809,7946,sigi_hmm
NC_017808.1,893413,901304,7891,sigi_hmm
NC_017223.1,61078,68664,7586,sigi_hmm
NC_017223.1,2084510,2089001,4491,sigi_hmm
NC_017223.1,2382086,2403942,21856,sigi_hmm
NC_017223.1,2622407,2632977,10570,sigi_hmm
NC_017223.1,2684150,2698639,14489,sigi_hmm
NC_017223.1,2789911,2802193,12282,sigi_hmm
NC_017223.1,3356009,3367342,11333,sigi_hmm
NC_017223.1,3615318,3629090,13772,sigi_hmm
NC_017223.1,3636684,3641393,4709,sigi_hmm
NC_017223.1,3686220,3690614,4394,sigi_hmm
NC_017223.1,4089117,4093540,4423,sigi_hmm
NC_017717.1,9871,14402,4531,sigi_hmm
NC_017717.1,62817,76121,13304,sigi_hmm
NC_017717.1,211668,217283,5615,sigi_hmm
NC_017717.1,665171,671094,5923,sigi_hmm
NC_017717.1,796382,802811,6429,sigi_hmm
NC_017717.1,808307,818830,10523,sigi_hmm
NC_016943.1,25140,34522,9382,sigi_hmm
NC_016943.1,1044948,1049655,4707,sigi_hmm
NC_016943.1,1351288,1355906,4618,sigi_hmm
NC_016943.1,1403677,1410077,6400,sigi_hmm
NC_016943.1,1430251,1435611,5360,sigi_hmm
NC_016943.1,1454130,1461799,7669,sigi_hmm
NC_016943.1,1744960,1749015,4055,sigi_hmm
NC_016943.1,1828005,1832362,4357,sigi_hmm
NC_016943.1,1963076,1970605,7529,sigi_hmm
NC_016943.1,3282292,3288683,6391,sigi_hmm
NC_016943.1,4198498,4204313,5815,sigi_hmm
NC_016943.1,4207932,4212824,4892,sigi_hmm
NC_016943.1,4234469,4241056,6587,sigi_hmm
NC_017219.1,15233,23401,8168,sigi_hmm
NC_017219.1,256518,260922,4404,sigi_hmm
NC_017219.1,283018,290369,7351,sigi_hmm
NC_017219.1,315844,321440,5596,sigi_hmm
NC_017219.1,337236,348821,11585,sigi_hmm
NC_017219.1,396966,404696,7730,sigi_hmm
NC_017219.1,444136,449858,5722,sigi_hmm
NC_017219.1,500178,506810,6632,sigi_hmm
NC_017219.1,515348,527986,12638,sigi_hmm
NC_017219.1,534948,541521,6573,sigi_hmm
NC_017219.1,545125,555610,10485,sigi_hmm
NC_017219.1,558171,603030,44859,sigi_hmm
NC_017219.1,757315,762260,4945,sigi_hmm
NC_017219.1,935604,953168,17564,sigi_hmm
NC_017219.1,978078,984614,6536,sigi_hmm
NC_017219.1,1155649,1167125,11476,sigi_hmm
NC_017219.1,1175414,1189608,14194,sigi_hmm
NC_017219.1,1207058,1231398,24340,sigi_hmm
NC_017219.1,1253211,1264176,10965,sigi_hmm
NC_017219.1,1365025,1379071,14046,sigi_hmm
NC_017219.1,1380874,1407263,26389,sigi_hmm
NC_017219.1,1410010,1417902,7892,sigi_hmm
NC_017219.1,1419420,1448154,28734,sigi_hmm
NC_017219.1,1458919,1485821,26902,sigi_hmm
NC_017219.1,1493656,1504349,10693,sigi_hmm
NC_017219.1,1507167,1513498,6331,sigi_hmm
NC_017219.1,1516160,1520630,4470,sigi_hmm
NC_017219.1,1551798,1558528,6730,sigi_hmm
NC_017219.1,1564592,1576692,12100,sigi_hmm
NC_017219.1,1659465,1665403,5938,sigi_hmm
NC_017219.1,1675495,1680340,4845,sigi_hmm
NC_017219.1,1805810,1813161,7351,sigi_hmm
NC_017219.1,1822286,1827225,4939,sigi_hmm
NC_017219.1,1829884,1835187,5303,sigi_hmm
NC_017219.1,1837003,1842557,5554,sigi_hmm
NC_017219.1,1962057,1969028,6971,sigi_hmm
NC_017219.1,2023017,2027755,4738,sigi_hmm
NC_017219.1,2105938,2109945,4007,sigi_hmm
NC_017219.1,2301098,2305496,4398,sigi_hmm
NC_017219.1,2306741,2318186,11445,sigi_hmm
NC_017219.1,2324102,2341689,17587,sigi_hmm
NC_017219.1,2378374,2387316,8942,sigi_hmm
NC_017219.1,2509987,2518298,8311,sigi_hmm
NC_017219.1,2597024,2607131,10107,sigi_hmm
NC_017219.1,2653275,2657841,4566,sigi_hmm
NC_017219.1,2682569,2689672,7103,sigi_hmm
NC_017219.1,2699844,2704731,4887,sigi_hmm
NC_017219.1,2721748,2730696,8948,sigi_hmm
NC_012441.1,796288,800332,4044,sigi_hmm
NC_016590.1,5858,12570,6712,sigi_hmm
NC_016590.1,13981,24287,10306,sigi_hmm
NC_016590.1,50197,59942,9745,sigi_hmm
NC_016590.1,118517,126390,7873,sigi_hmm
NC_016590.1,131945,139775,7830,sigi_hmm
NC_016590.1,387976,395564,7588,sigi_hmm
NC_016590.1,506854,517452,10598,sigi_hmm
NC_016590.1,556495,561471,4976,sigi_hmm
NC_016590.1,736334,742795,6461,sigi_hmm
NC_016590.1,1189712,1199844,10132,sigi_hmm
NC_016590.1,1386288,1392853,6565,sigi_hmm
NC_016589.1,190337,195640,5303,sigi_hmm
NC_016589.1,197647,205406,7759,sigi_hmm
NC_016589.1,209693,219891,10198,sigi_hmm
NC_016589.1,1071918,1079268,7350,sigi_hmm
NC_016589.1,1476302,1481350,5048,sigi_hmm
NC_016589.1,1572605,1577265,4660,sigi_hmm
NC_016589.1,2317552,2336424,18872,sigi_hmm
NC_016589.1,2340600,2357615,17015,sigi_hmm
NC_016589.1,2408784,2414386,5602,sigi_hmm
NC_016589.1,2829212,2858116,28904,sigi_hmm
NC_016589.1,2858570,2899398,40828,sigi_hmm
NC_016625.1,59042,64797,5755,sigi_hmm
NC_016625.1,90581,101720,11139,sigi_hmm
NC_016625.1,125700,132035,6335,sigi_hmm
NC_016625.1,146429,151623,5194,sigi_hmm
NC_016625.1,175622,197089,21467,sigi_hmm
NC_016625.1,544291,550246,5955,sigi_hmm
NC_016625.1,571094,577201,6107,sigi_hmm
NC_016625.1,948330,952482,4152,sigi_hmm
NC_016625.1,1213971,1225636,11665,sigi_hmm
NC_016625.1,1231968,1237390,5422,sigi_hmm
NC_016625.1,1265117,1271745,6628,sigi_hmm
NC_016625.1,1436764,1441052,4288,sigi_hmm
NC_017082.1,3696963,3701306,4343,sigi_hmm
NC_017082.1,6478621,6504434,25813,sigi_hmm
NC_017082.1,6507024,6511609,4585,sigi_hmm
NC_017082.1,6521652,6528113,6461,sigi_hmm
NC_016775.1,343667,358010,14343,sigi_hmm
NC_016778.1,217,6924,6707,sigi_hmm
NC_016778.1,103945,110006,6061,sigi_hmm
NC_016778.1,331422,348118,16696,sigi_hmm
NC_016778.1,523661,540130,16469,sigi_hmm
NC_016778.1,780981,789046,8065,sigi_hmm
NC_016778.1,1223888,1232268,8380,sigi_hmm
NC_016778.1,1372220,1380416,8196,sigi_hmm
NC_016795.1,13467,24617,11150,sigi_hmm
NC_016795.1,463599,471598,7999,sigi_hmm
NC_016795.1,611275,619470,8195,sigi_hmm
NC_016795.1,1346255,1352925,6670,sigi_hmm
NC_016795.1,1448177,1454117,5940,sigi_hmm
NC_016795.1,1672798,1684627,11829,sigi_hmm
NC_016795.1,1865478,1881056,15578,sigi_hmm
NC_016797.1,267133,273927,6794,sigi_hmm
NC_016797.1,513308,530970,17662,sigi_hmm
NC_016797.1,710787,721951,11164,sigi_hmm
NC_016797.1,775494,779692,4198,sigi_hmm
NC_016797.1,942557,951104,8547,sigi_hmm
NC_016797.1,1048308,1055521,7213,sigi_hmm
NC_016797.1,1582539,1589005,6466,sigi_hmm
NC_016797.1,1698852,1703295,4443,sigi_hmm
NC_016797.1,1782637,1794030,11393,sigi_hmm
NC_016797.1,1930636,1939166,8530,sigi_hmm
NC_017251.1,267172,273966,6794,sigi_hmm
NC_017251.1,513363,531025,17662,sigi_hmm
NC_017251.1,710842,722006,11164,sigi_hmm
NC_017251.1,775659,779731,4072,sigi_hmm
NC_017251.1,942590,951137,8547,sigi_hmm
NC_017251.1,1048341,1055554,7213,sigi_hmm
NC_017251.1,1581645,1588111,6466,sigi_hmm
NC_017251.1,1697959,1702402,4443,sigi_hmm
NC_017251.1,1781780,1793173,11393,sigi_hmm
NC_017251.1,1929779,1940031,10252,sigi_hmm
NC_017244.1,264048,280365,16317,sigi_hmm
NC_017244.1,534666,551080,16414,sigi_hmm
NC_017244.1,732622,742706,10084,sigi_hmm
NC_017244.1,797050,801150,4100,sigi_hmm
NC_017244.1,963626,969689,6063,sigi_hmm
NC_017244.1,1066650,1071954,5304,sigi_hmm
NC_017244.1,1800353,1808549,8196,sigi_hmm
NC_017244.1,1948690,1956822,8132,sigi_hmm
NC_017250.1,343695,358038,14343,sigi_hmm
NC_017248.1,264267,280583,16316,sigi_hmm
NC_017248.1,288380,294681,6301,sigi_hmm
NC_017248.1,535782,551141,15359,sigi_hmm
NC_017248.1,729140,739224,10084,sigi_hmm
NC_017248.1,792140,797731,5591,sigi_hmm
NC_017248.1,960465,966134,5669,sigi_hmm
NC_017248.1,1062303,1069550,7247,sigi_hmm
NC_017248.1,1941209,1948206,6997,sigi_hmm
NC_017246.1,264044,280360,16316,sigi_hmm
NC_017246.1,286112,294716,8604,sigi_hmm
NC_017246.1,534913,551327,16414,sigi_hmm
NC_017246.1,732872,743359,10487,sigi_hmm
NC_017246.1,963940,970002,6062,sigi_hmm
NC_017246.1,1066963,1073989,7026,sigi_hmm
NC_017246.1,1800672,1808868,8196,sigi_hmm
NC_017246.1,1949009,1953966,4957,sigi_hmm
NC_017247.1,512109,516111,4002,sigi_hmm
NC_008390.1,2653394,2657462,4068,sigi_hmm
NC_017249.1,484,4682,4198,sigi_hmm
NC_017249.1,8414,12923,4509,sigi_hmm
NC_017249.1,26254,36217,9963,sigi_hmm
NC_017249.1,66164,70767,4603,sigi_hmm
NC_017249.1,166213,170276,4063,sigi_hmm
NC_017249.1,267675,277705,10030,sigi_hmm
NC_017249.1,921469,936622,15153,sigi_hmm
NC_017249.1,1473009,1477358,4349,sigi_hmm
NC_017249.1,1480891,1490085,9194,sigi_hmm
NC_017249.1,2082776,2087197,4421,sigi_hmm
NC_017249.1,2102014,2106326,4312,sigi_hmm
NC_017249.1,2112106,2133292,21186,sigi_hmm
NC_017249.1,2135470,2148544,13074,sigi_hmm
NC_017249.1,2519368,2524948,5580,sigi_hmm
NC_017249.1,2579710,2584936,5226,sigi_hmm
NC_017249.1,3119291,3124460,5169,sigi_hmm
NC_017249.1,3127816,3132856,5040,sigi_hmm
NC_017249.1,3134890,3145057,10167,sigi_hmm
NC_017249.1,3187961,3195159,7198,sigi_hmm
NC_017249.1,3233256,3237730,4474,sigi_hmm
NC_017249.1,3239016,3252081,13065,sigi_hmm
NC_017249.1,3253940,3264838,10898,sigi_hmm
NC_017249.1,3269833,3276563,6730,sigi_hmm
NC_017249.1,3286552,3293188,6636,sigi_hmm
NC_017249.1,3305295,3312414,7119,sigi_hmm
NC_017249.1,3411166,3415516,4350,sigi_hmm
NC_017249.1,3680458,3684700,4242,sigi_hmm
NC_017249.1,4369545,4376669,7124,sigi_hmm
NC_017249.1,4393396,4398969,5573,sigi_hmm
NC_017249.1,4405119,4427202,22083,sigi_hmm
NC_017249.1,5257084,5270132,13048,sigi_hmm
NC_017249.1,5390174,5394817,4643,sigi_hmm
NC_017249.1,5692818,5697764,4946,sigi_hmm
NC_017249.1,6104379,6109325,4946,sigi_hmm
NC_017249.1,7352489,7362896,10407,sigi_hmm
NC_017249.1,7926093,7932450,6357,sigi_hmm
NC_017249.1,7946120,7950306,4186,sigi_hmm
NC_017249.1,7966446,7992091,25645,sigi_hmm
NC_017249.1,8003516,8014216,10700,sigi_hmm
NC_017249.1,8016162,8020273,4111,sigi_hmm
NC_017249.1,8023858,8056828,32970,sigi_hmm
NC_017249.1,8059793,8063846,4053,sigi_hmm
NC_017249.1,8067970,8087887,19917,sigi_hmm
NC_017249.1,8090536,8125233,34697,sigi_hmm
NC_017249.1,8147875,8152041,4166,sigi_hmm
NC_017249.1,8167764,8189084,21320,sigi_hmm
NC_017249.1,8190949,8206462,15513,sigi_hmm
NC_017249.1,8223911,8243158,19247,sigi_hmm
NC_017249.1,8252629,8267422,14793,sigi_hmm
NC_017249.1,8281898,8293318,11420,sigi_hmm
NC_017249.1,8298130,8304171,6041,sigi_hmm
NC_017249.1,8306361,8315733,9372,sigi_hmm
NC_017249.1,8317179,8331189,14010,sigi_hmm
NC_017249.1,8332721,8340391,7670,sigi_hmm
NC_017249.1,8357293,8362674,5381,sigi_hmm
NC_017249.1,8408846,8413638,4792,sigi_hmm
NC_017249.1,8434922,8445491,10569,sigi_hmm
NC_017249.1,8453825,8459633,5808,sigi_hmm
NC_017249.1,8467293,8477273,9980,sigi_hmm
NC_017249.1,8492321,8503012,10691,sigi_hmm
NC_017249.1,8522172,8527224,5052,sigi_hmm
NC_017249.1,8532957,8545118,12161,sigi_hmm
NC_017249.1,8550944,8557960,7016,sigi_hmm
NC_017249.1,8584545,8612154,27609,sigi_hmm
NC_017249.1,9065146,9070327,5181,sigi_hmm
NC_017249.1,9079408,9084664,5256,sigi_hmm
NC_017249.1,9121686,9129408,7722,sigi_hmm
NC_017249.1,9141059,9147547,6488,sigi_hmm
NC_017249.1,9153178,9158740,5562,sigi_hmm
NC_017249.1,9160324,9175069,14745,sigi_hmm
NC_017249.1,9191469,9199156,7687,sigi_hmm
NC_011000.1,2837024,2856545,19521,sigi_hmm
NC_008542.1,2637736,2649117,11381,sigi_hmm
NC_009079.1,528105,532931,4826,sigi_hmm
NC_008784.1,976350,980717,4367,sigi_hmm
NC_010804.1,840258,846956,6698,sigi_hmm
NC_010804.1,971822,982123,10301,sigi_hmm
NC_010804.1,1002186,1013219,11033,sigi_hmm
NC_010622.1,2288052,2292933,4881,sigi_hmm
NC_009080.1,1820918,1830946,10028,sigi_hmm
NC_009080.1,2139332,2154351,15019,sigi_hmm
NC_009080.1,2299632,2304157,4525,sigi_hmm
NC_010084.1,1059743,1066074,6331,sigi_hmm
NC_010084.1,2681896,2687330,5434,sigi_hmm
NC_010681.1,259065,264026,4961,sigi_hmm
NC_012695.1,886001,916914,30913,sigi_hmm
NC_007651.1,130914,148532,17618,sigi_hmm
NC_007651.1,3072327,3081341,9014,sigi_hmm
NC_017832.1,81283,88008,6725,sigi_hmm
NC_017832.1,150431,160665,10234,sigi_hmm
NC_017832.1,484949,492064,7115,sigi_hmm
NC_017832.1,519674,526813,7139,sigi_hmm
NC_017832.1,528384,544877,16493,sigi_hmm
NC_017832.1,902826,910180,7354,sigi_hmm
NC_017832.1,1069895,1076381,6486,sigi_hmm
NC_017832.1,1610309,1614535,4226,sigi_hmm
NC_017832.1,1861459,1870936,9477,sigi_hmm
NC_017832.1,1921440,1927061,5621,sigi_hmm
NC_017832.1,2036382,2040749,4367,sigi_hmm
NC_017832.1,2732242,2736764,4522,sigi_hmm
NC_017832.1,2747648,2752246,4598,sigi_hmm
NC_017832.1,2758841,2764801,5960,sigi_hmm
NC_017832.1,2765651,2781718,16067,sigi_hmm
NC_017832.1,2790341,2795170,4829,sigi_hmm
NC_009076.1,3881826,3890943,9117,sigi_hmm
NC_017831.1,529526,535666,6140,sigi_hmm
NC_017831.1,536452,544545,8093,sigi_hmm
NC_017831.1,1200597,1207646,7049,sigi_hmm
NC_017831.1,1368031,1372188,4157,sigi_hmm
NC_017831.1,1685074,1691958,6884,sigi_hmm
NC_017831.1,1753723,1760393,6670,sigi_hmm
NC_017831.1,1778895,1784659,5764,sigi_hmm
NC_017831.1,1796379,1801557,5178,sigi_hmm
NC_017831.1,2239595,2252374,12779,sigi_hmm
NC_017831.1,2374061,2378196,4135,sigi_hmm
NC_017831.1,2878994,2890382,11388,sigi_hmm
NC_017831.1,3088653,3093248,4595,sigi_hmm
NC_017831.1,3289755,3294247,4492,sigi_hmm
NC_017831.1,3951195,3959261,8066,sigi_hmm
NC_009075.1,120466,124515,4049,sigi_hmm
NC_009075.1,592222,596834,4612,sigi_hmm
NC_009074.1,1478529,1488391,9862,sigi_hmm
NC_009074.1,3035105,3045133,10028,sigi_hmm
NC_009074.1,3422998,3431246,8248,sigi_hmm
NC_009074.1,3798158,3806606,8448,sigi_hmm
NC_009437.1,627139,632261,5122,sigi_hmm
NC_017280.1,1080823,1085222,4399,sigi_hmm
NC_017294.1,30599,37275,6676,sigi_hmm
NC_017294.1,724764,730043,5279,sigi_hmm
NC_017294.1,740383,744861,4478,sigi_hmm
NC_017294.1,798707,805361,6654,sigi_hmm
NC_017294.1,817777,824675,6898,sigi_hmm
NC_017294.1,1214226,1219192,4966,sigi_hmm
NC_017294.1,1260922,1265991,5069,sigi_hmm
NC_017294.1,1296003,1300303,4300,sigi_hmm
NC_017294.1,1311211,1317237,6026,sigi_hmm
NC_017294.1,1408643,1414936,6293,sigi_hmm
NC_017294.1,1416256,1421027,4771,sigi_hmm
NC_017294.1,1552966,1557102,4136,sigi_hmm
NC_017294.1,1557970,1563703,5733,sigi_hmm
NC_017294.1,1576368,1580419,4051,sigi_hmm
NC_017079.1,270359,275132,4773,sigi_hmm
NC_017079.1,277190,282398,5208,sigi_hmm
NC_017079.1,284076,288865,4789,sigi_hmm
NC_017079.1,741370,748916,7546,sigi_hmm
NC_017079.1,1132637,1137312,4675,sigi_hmm
NC_017079.1,1137773,1141981,4208,sigi_hmm
NC_017079.1,1485050,1495910,10860,sigi_hmm
NC_017079.1,2651633,2659307,7674,sigi_hmm
NC_017079.1,5043720,5050903,7183,sigi_hmm
NC_010424.1,21599,25625,4026,sigi_hmm
NC_010424.1,397719,404522,6803,sigi_hmm
NC_010424.1,843004,849316,6312,sigi_hmm
NC_008009.1,47595,52826,5231,sigi_hmm
NC_008009.1,430994,435462,4468,sigi_hmm
NC_008009.1,856658,861781,5123,sigi_hmm
NC_008009.1,2010699,2017661,6962,sigi_hmm
NC_010338.1,4619932,4625722,5790,sigi_hmm
NC_010995.1,86121,90825,4704,sigi_hmm
NC_010995.1,97906,137870,39964,sigi_hmm
NC_010995.1,242903,251123,8220,sigi_hmm
NC_010995.1,357239,370660,13421,sigi_hmm
NC_010995.1,480200,492205,12005,sigi_hmm
NC_010995.1,519866,525410,5544,sigi_hmm
NC_010995.1,586912,597619,10707,sigi_hmm
NC_010995.1,606961,617621,10660,sigi_hmm
NC_010995.1,1817548,1823842,6294,sigi_hmm
NC_010995.1,1841200,1851884,10684,sigi_hmm
NC_010995.1,2795048,2812011,16963,sigi_hmm
NC_010995.1,3193371,3201303,7932,sigi_hmm
NC_010995.1,3204955,3209337,4382,sigi_hmm
NC_010995.1,3675466,3680592,5126,sigi_hmm
NC_010995.1,3683697,3698444,14747,sigi_hmm
NC_010995.1,3701677,3727543,25866,sigi_hmm
NC_010995.1,3764844,3782265,17421,sigi_hmm
NC_010995.1,3985109,4004425,19316,sigi_hmm
NC_010995.1,4011189,4015591,4402,sigi_hmm
NC_010995.1,4118853,4125186,6333,sigi_hmm
NC_010995.1,4247093,4262889,15796,sigi_hmm
NC_010995.1,4349472,4386951,37479,sigi_hmm
NC_010995.1,4400549,4431905,31356,sigi_hmm
NC_011027.1,536052,542367,6315,sigi_hmm
NC_011027.1,765987,771127,5140,sigi_hmm
NC_011027.1,1034692,1038990,4298,sigi_hmm
NC_011027.1,1576554,1583417,6863,sigi_hmm
NC_011027.1,1979958,2000628,20670,sigi_hmm
NC_010803.1,128838,134984,6146,sigi_hmm
NC_010803.1,313262,318121,4859,sigi_hmm
NC_010803.1,1017692,1024124,6432,sigi_hmm
NC_010803.1,2320297,2324824,4527,sigi_hmm
NC_010803.1,2621291,2627018,5727,sigi_hmm
NC_010831.1,775055,780496,5441,sigi_hmm
NC_002932.3,458126,468148,10022,sigi_hmm
NC_011831.1,843055,853427,10372,sigi_hmm
NC_011831.1,860146,865559,5413,sigi_hmm
NC_011831.1,3963081,3979680,16599,sigi_hmm
NC_011831.1,3988680,3995537,6857,sigi_hmm
NC_011831.1,4026076,4030298,4222,sigi_hmm
NC_010175.1,4215307,4220002,4695,sigi_hmm
NC_010175.1,4940079,4944762,4683,sigi_hmm
NC_005085.1,1276735,1283107,6372,sigi_hmm
NC_009480.1,42124,79756,37632,sigi_hmm
NC_010407.1,510666,515454,4788,sigi_hmm
NC_010407.1,518796,523948,5152,sigi_hmm
NC_015737.1,846452,852019,5567,sigi_hmm
NC_015737.1,854230,860500,6270,sigi_hmm
NC_015737.1,862522,867064,4542,sigi_hmm
NC_015737.1,1733420,1737765,4345,sigi_hmm
NC_010520.1,1035919,1044088,8169,sigi_hmm
NC_010520.1,2310496,2325316,14820,sigi_hmm
NC_009698.1,706371,711720,5349,sigi_hmm
NC_012563.1,3233590,3240405,6815,sigi_hmm
NC_009495.1,997008,1003700,6692,sigi_hmm
NC_009697.1,706203,711552,5349,sigi_hmm
NC_017179.1,397163,401564,4401,sigi_hmm
NC_017179.1,514773,527557,12784,sigi_hmm
NC_017179.1,642661,647072,4411,sigi_hmm
NC_017179.1,660990,673371,12381,sigi_hmm
NC_017179.1,933190,937431,4241,sigi_hmm
NC_017179.1,988684,993157,4473,sigi_hmm
NC_017179.1,3443252,3449225,5973,sigi_hmm
NC_017179.1,3989086,3994063,4977,sigi_hmm
NC_017179.1,4026699,4052608,25909,sigi_hmm
NC_017295.1,3423522,3429482,5960,sigi_hmm
NC_017295.1,3670188,3675126,4938,sigi_hmm
NC_017297.1,281237,288476,7239,sigi_hmm
NC_017297.1,525669,530507,4838,sigi_hmm
NC_017297.1,746411,750507,4096,sigi_hmm
NC_017297.1,813711,824036,10325,sigi_hmm
NC_017297.1,827609,835208,7599,sigi_hmm
NC_017297.1,931088,935357,4269,sigi_hmm
NC_017297.1,973810,982076,8266,sigi_hmm
NC_017297.1,997220,1001694,4474,sigi_hmm
NC_017297.1,1025793,1031621,5828,sigi_hmm
NC_017297.1,1976467,1981794,5327,sigi_hmm
NC_017297.1,2137440,2142906,5466,sigi_hmm
NC_017297.1,2147505,2154723,7218,sigi_hmm
NC_017297.1,2244213,2259539,15326,sigi_hmm
NC_017297.1,2275978,2280269,4291,sigi_hmm
NC_017297.1,2351486,2356704,5218,sigi_hmm
NC_017297.1,2378022,2383443,5421,sigi_hmm
NC_017297.1,3045412,3049599,4187,sigi_hmm
NC_017297.1,3692805,3704006,11201,sigi_hmm
NC_012658.1,516919,523553,6634,sigi_hmm
NC_012658.1,809692,815711,6019,sigi_hmm
NC_012658.1,939196,947397,8201,sigi_hmm
NC_012658.1,2146214,2151012,4798,sigi_hmm
NC_012658.1,2322338,2327784,5446,sigi_hmm
NC_012658.1,3075071,3081886,6815,sigi_hmm
NC_012658.1,3108113,3112251,4138,sigi_hmm
NC_012658.1,3669398,3691250,21852,sigi_hmm
NC_012658.1,3907021,3911933,4912,sigi_hmm
NC_016791.1,2218970,2230633,11663,sigi_hmm
NC_016791.1,3838039,3843231,5192,sigi_hmm
NC_016791.1,3896338,3913603,17265,sigi_hmm
NC_016791.1,3914359,3949759,35400,sigi_hmm
NC_016791.1,3959190,3972030,12840,sigi_hmm
NC_016791.1,3982574,4029769,47195,sigi_hmm
NC_016791.1,4055573,4060358,4785,sigi_hmm
NC_016791.1,4062134,4066564,4430,sigi_hmm
NC_016791.1,4069738,4074369,4631,sigi_hmm
NC_009699.1,814412,834932,20520,sigi_hmm
NC_009089.1,1051147,1055636,4489,sigi_hmm
NC_016627.1,801825,805971,4146,sigi_hmm
NC_016627.1,1967390,1975822,8432,sigi_hmm
NC_016627.1,4167484,4174457,6973,sigi_hmm
NC_016627.1,4291976,4298704,6728,sigi_hmm
NC_016627.1,4331428,4336452,5024,sigi_hmm
NC_016627.1,4341991,4361167,19176,sigi_hmm
NC_011837.1,27569,32291,4722,sigi_hmm
NC_009012.1,2936162,2945665,9503,sigi_hmm
NC_012590.1,2134426,2147948,13522,sigi_hmm
NC_012590.1,2149187,2155256,6069,sigi_hmm
NC_012590.1,2192998,2201215,8217,sigi_hmm
NC_002935.2,187830,192626,4796,sigi_hmm
NC_016785.1,133487,139165,5678,sigi_hmm
NC_016785.1,172199,179171,6972,sigi_hmm
NC_016785.1,192725,200925,8200,sigi_hmm
NC_016785.1,307105,312846,5741,sigi_hmm
NC_016785.1,343868,350749,6881,sigi_hmm
NC_016785.1,354417,363467,9050,sigi_hmm
NC_016785.1,366636,371372,4736,sigi_hmm
NC_016785.1,434899,439983,5084,sigi_hmm
NC_016785.1,883658,888973,5315,sigi_hmm
NC_016785.1,1136172,1140306,4134,sigi_hmm
NC_016785.1,1353070,1357290,4220,sigi_hmm
NC_016785.1,1608682,1613316,4634,sigi_hmm
NC_016785.1,1800765,1806332,5567,sigi_hmm
NC_016785.1,1866316,1870922,4606,sigi_hmm
NC_016785.1,2024396,2029476,5080,sigi_hmm
NC_016785.1,2417080,2424862,7782,sigi_hmm
NC_016801.1,128561,134429,5868,sigi_hmm
NC_016801.1,167241,172282,5041,sigi_hmm
NC_016801.1,187799,195077,7278,sigi_hmm
NC_016801.1,199017,203774,4757,sigi_hmm
NC_016801.1,245226,249663,4437,sigi_hmm
NC_016801.1,309868,315609,5741,sigi_hmm
NC_016801.1,344784,352500,7716,sigi_hmm
NC_016801.1,356168,364384,8216,sigi_hmm
NC_016801.1,749055,753099,4044,sigi_hmm
NC_016801.1,756361,761175,4814,sigi_hmm
NC_016801.1,903437,907716,4279,sigi_hmm
NC_016801.1,1094096,1102269,8173,sigi_hmm
NC_016801.1,1200126,1204596,4470,sigi_hmm
NC_016801.1,1346356,1351315,4959,sigi_hmm
NC_016801.1,1416338,1422390,6052,sigi_hmm
NC_016801.1,1522205,1526488,4283,sigi_hmm
NC_016801.1,1681166,1685800,4634,sigi_hmm
NC_016801.1,1872997,1880088,7091,sigi_hmm
NC_016801.1,1940547,1945130,4583,sigi_hmm
NC_016801.1,1981960,1986178,4218,sigi_hmm
NC_016801.1,2088196,2092388,4192,sigi_hmm
NC_016801.1,2147374,2153866,6492,sigi_hmm
NC_016801.1,2411753,2417389,5636,sigi_hmm
NC_016801.1,2424367,2430768,6401,sigi_hmm
NC_016801.1,2482944,2490728,7784,sigi_hmm
NC_016800.1,53634,65340,11706,sigi_hmm
NC_016800.1,68767,80298,11531,sigi_hmm
NC_016800.1,161642,171309,9667,sigi_hmm
NC_016800.1,196683,202824,6141,sigi_hmm
NC_016800.1,228640,236400,7760,sigi_hmm
NC_016800.1,238355,242834,4479,sigi_hmm
NC_016800.1,278177,284029,5852,sigi_hmm
NC_016800.1,297892,303633,5741,sigi_hmm
NC_016800.1,332716,340432,7716,sigi_hmm
NC_016800.1,344103,351408,7305,sigi_hmm
NC_016800.1,356319,361055,4736,sigi_hmm
NC_016800.1,395309,400265,4956,sigi_hmm
NC_016800.1,616175,620661,4486,sigi_hmm
NC_016800.1,701202,706774,5572,sigi_hmm
NC_016800.1,907552,923497,15945,sigi_hmm
NC_016800.1,942752,948731,5979,sigi_hmm
NC_016800.1,1402199,1407209,5010,sigi_hmm
NC_016800.1,1508578,1512861,4283,sigi_hmm
NC_016800.1,1661500,1666134,4634,sigi_hmm
NC_016800.1,1931667,1937281,5614,sigi_hmm
NC_016800.1,1961559,1965902,4343,sigi_hmm
NC_016800.1,2000888,2005543,4655,sigi_hmm
NC_016800.1,2088859,2093050,4191,sigi_hmm
NC_016800.1,2211211,2217579,6368,sigi_hmm
NC_016800.1,2311498,2316831,5333,sigi_hmm
NC_016800.1,2388397,2402920,14523,sigi_hmm
NC_016800.1,2469256,2477039,7783,sigi_hmm
NC_016781.1,190032,196707,6675,sigi_hmm
NC_016781.1,2041269,2048738,7469,sigi_hmm
NC_016799.1,133568,137910,4342,sigi_hmm
NC_016799.1,169548,174226,4678,sigi_hmm
NC_016799.1,209853,216828,6975,sigi_hmm
NC_016799.1,296112,300591,4479,sigi_hmm
NC_016799.1,362078,367819,5741,sigi_hmm
NC_016799.1,396929,404645,7716,sigi_hmm
NC_016799.1,408313,415621,7308,sigi_hmm
NC_016799.1,488590,493644,5054,sigi_hmm
NC_016799.1,579843,586766,6923,sigi_hmm
NC_016799.1,739428,745183,5755,sigi_hmm
NC_016799.1,828491,833305,4814,sigi_hmm
NC_016799.1,974196,978474,4278,sigi_hmm
NC_016799.1,1210350,1214820,4470,sigi_hmm
NC_016799.1,1356681,1361640,4959,sigi_hmm
NC_016799.1,1532219,1536502,4283,sigi_hmm
NC_016799.1,1689467,1694101,4634,sigi_hmm
NC_016799.1,1736585,1742676,6091,sigi_hmm
NC_016799.1,1947467,1957950,10483,sigi_hmm
NC_016799.1,1962603,1968684,6081,sigi_hmm
NC_016799.1,2104112,2110487,6375,sigi_hmm
NC_016799.1,2518888,2526670,7782,sigi_hmm
NC_016782.1,150969,160601,9632,sigi_hmm
NC_016782.1,173979,183014,9035,sigi_hmm
NC_016782.1,185301,191422,6121,sigi_hmm
NC_016782.1,218014,225762,7748,sigi_hmm
NC_016782.1,227717,232196,4479,sigi_hmm
NC_016782.1,268185,276586,8401,sigi_hmm
NC_016782.1,286628,290984,4356,sigi_hmm
NC_016782.1,320861,328577,7716,sigi_hmm
NC_016782.1,332245,341295,9050,sigi_hmm
NC_016782.1,418292,423126,4834,sigi_hmm
NC_016782.1,724128,729632,5504,sigi_hmm
NC_016782.1,736686,745143,8457,sigi_hmm
NC_016782.1,748405,753219,4814,sigi_hmm
NC_016782.1,894751,900404,5653,sigi_hmm
NC_016782.1,1095073,1100110,5037,sigi_hmm
NC_016782.1,1636018,1640652,4634,sigi_hmm
NC_016782.1,1841028,1847520,6492,sigi_hmm
NC_016782.1,1892061,1896217,4156,sigi_hmm
NC_016782.1,1969253,1973872,4619,sigi_hmm
NC_016782.1,2048114,2052473,4359,sigi_hmm
NC_016782.1,2094484,2099607,5123,sigi_hmm
NC_016782.1,2168560,2177055,8495,sigi_hmm
NC_016782.1,2236334,2241477,5143,sigi_hmm
NC_016782.1,2268387,2273719,5332,sigi_hmm
NC_016782.1,2410296,2418097,7801,sigi_hmm
NC_016783.1,167113,174205,7092,sigi_hmm
NC_016783.1,178186,182859,4673,sigi_hmm
NC_016783.1,209395,214581,5186,sigi_hmm
NC_016783.1,230621,235100,4479,sigi_hmm
NC_016783.1,279355,283412,4057,sigi_hmm
NC_016783.1,294399,300140,5741,sigi_hmm
NC_016783.1,330044,337760,7716,sigi_hmm
NC_016783.1,341428,350478,9050,sigi_hmm
NC_016783.1,557155,561207,4052,sigi_hmm
NC_016783.1,745339,750153,4814,sigi_hmm
NC_016783.1,1147282,1153774,6492,sigi_hmm
NC_016783.1,1181907,1186125,4218,sigi_hmm
NC_016783.1,1501000,1505172,4172,sigi_hmm
NC_016783.1,1658950,1663584,4634,sigi_hmm
NC_016783.1,1853704,1859195,5491,sigi_hmm
NC_016783.1,1905863,1910306,4443,sigi_hmm
NC_016783.1,1920932,1926824,5892,sigi_hmm
NC_016783.1,2062081,2068722,6641,sigi_hmm
NC_016783.1,2255835,2259852,4017,sigi_hmm
NC_016783.1,2349542,2356078,6536,sigi_hmm
NC_016783.1,2432857,2440612,7755,sigi_hmm
NC_017308.1,184014,190682,6668,sigi_hmm
NC_017306.1,190031,196706,6675,sigi_hmm
NC_017306.1,578616,584612,5996,sigi_hmm
NC_017306.1,2043983,2048619,4636,sigi_hmm
NC_017307.1,187994,193061,5067,sigi_hmm
NC_017730.1,193076,199751,6675,sigi_hmm
NC_017304.1,520891,529992,9101,sigi_hmm
NC_017304.1,1924535,1929762,5227,sigi_hmm
NC_017304.1,2361554,2366935,5381,sigi_hmm
NC_017304.1,2712239,2723890,11651,sigi_hmm
NC_017304.1,2749552,2759737,10185,sigi_hmm
NC_017462.1,189984,196636,6652,sigi_hmm
NC_017462.1,578553,584549,5996,sigi_hmm
NC_017462.1,2044117,2048795,4678,sigi_hmm
NC_017300.1,190056,196731,6675,sigi_hmm
NC_017300.1,2041523,2046201,4678,sigi_hmm
NC_017301.1,190023,196676,6653,sigi_hmm
NC_017301.1,578375,588137,9762,sigi_hmm
NC_017301.1,2033936,2039173,5237,sigi_hmm
NC_017303.1,190021,196692,6671,sigi_hmm
NC_017303.1,578590,588352,9762,sigi_hmm
NC_017303.1,2043839,2048732,4893,sigi_hmm
NC_017305.1,189943,196596,6653,sigi_hmm
NC_017305.1,575570,588285,12715,sigi_hmm
NC_017305.1,2041429,2046319,4890,sigi_hmm
NC_017317.1,253398,261184,7786,sigi_hmm
NC_016932.1,189195,195847,6652,sigi_hmm
NC_017031.1,190006,196682,6676,sigi_hmm
NC_017031.1,2043803,2048691,4888,sigi_hmm
NC_017030.1,4155617,4161847,6230,sigi_hmm
NC_017030.1,5606727,5611752,5025,sigi_hmm
NC_017030.1,5884558,5889742,5184,sigi_hmm
NC_017030.1,6068619,6074547,5928,sigi_hmm
NC_017030.1,7518398,7523860,5462,sigi_hmm
NC_017030.1,8681957,8686222,4265,sigi_hmm
NC_016790.1,125328,134954,9626,sigi_hmm
NC_016790.1,150150,156616,6466,sigi_hmm
NC_016790.1,202963,207442,4479,sigi_hmm
NC_016790.1,243436,250801,7365,sigi_hmm
NC_016790.1,271279,277020,5741,sigi_hmm
NC_016790.1,306505,314221,7716,sigi_hmm
NC_016790.1,317889,326938,9049,sigi_hmm
NC_016790.1,395576,401890,6314,sigi_hmm
NC_016790.1,722710,727245,4535,sigi_hmm
NC_016790.1,741059,745873,4814,sigi_hmm
NC_016790.1,1342484,1349759,7275,sigi_hmm
NC_016790.1,1603537,1608171,4634,sigi_hmm
NC_016790.1,1761802,1771472,9670,sigi_hmm
NC_016790.1,1804060,1810393,6333,sigi_hmm
NC_016790.1,2118146,2122876,4730,sigi_hmm
NC_016790.1,2203154,2211072,7918,sigi_hmm
NC_016790.1,2224890,2230222,5332,sigi_hmm
NC_016790.1,2379168,2386950,7782,sigi_hmm
NC_016789.1,47513,58624,11111,sigi_hmm
NC_016789.1,62656,70638,7982,sigi_hmm
NC_016789.1,133412,138733,5321,sigi_hmm
NC_016789.1,172057,177394,5337,sigi_hmm
NC_016789.1,210556,215643,5087,sigi_hmm
NC_016789.1,248794,256304,7510,sigi_hmm
NC_016789.1,258760,264869,6109,sigi_hmm
NC_016789.1,298761,303240,4479,sigi_hmm
NC_016789.1,339858,345707,5849,sigi_hmm
NC_016789.1,361056,365412,4356,sigi_hmm
NC_016789.1,394576,402292,7716,sigi_hmm
NC_016789.1,405960,413268,7308,sigi_hmm
NC_016789.1,418180,422916,4736,sigi_hmm
NC_016789.1,809084,813898,4814,sigi_hmm
NC_016789.1,941442,946902,5460,sigi_hmm
NC_016789.1,954952,960606,5654,sigi_hmm
NC_016789.1,1200004,1204223,4219,sigi_hmm
NC_016789.1,1527442,1531725,4283,sigi_hmm
NC_016789.1,1686945,1691579,4634,sigi_hmm
NC_016789.1,1902326,1909405,7079,sigi_hmm
NC_016789.1,1956956,1961118,4162,sigi_hmm
NC_016789.1,2029400,2034055,4655,sigi_hmm
NC_016789.1,2127064,2133705,6641,sigi_hmm
NC_016789.1,2235972,2240329,4357,sigi_hmm
NC_016789.1,2338433,2343813,5380,sigi_hmm
NC_016789.1,2347046,2351776,4730,sigi_hmm
NC_016789.1,2354523,2359855,5332,sigi_hmm
NC_016789.1,2428446,2437069,8623,sigi_hmm
NC_016789.1,2514421,2522205,7784,sigi_hmm
NC_016788.1,98621,102960,4339,sigi_hmm
NC_016788.1,283077,288818,5741,sigi_hmm
NC_016788.1,407371,412235,4864,sigi_hmm
NC_016788.1,663530,670592,7062,sigi_hmm
NC_016788.1,700486,704724,4238,sigi_hmm
NC_016788.1,755316,759851,4535,sigi_hmm
NC_016788.1,773661,778475,4814,sigi_hmm
NC_016788.1,1369920,1377070,7150,sigi_hmm
NC_016788.1,1631138,1635772,4634,sigi_hmm
NC_016788.1,1789430,1799099,9669,sigi_hmm
NC_016788.1,1832779,1838081,5302,sigi_hmm
NC_016788.1,1859327,1866473,7146,sigi_hmm
NC_016788.1,2092800,2097587,4787,sigi_hmm
NC_016788.1,2101575,2105934,4359,sigi_hmm
NC_016788.1,2305978,2313593,7615,sigi_hmm
NC_016788.1,2468088,2475870,7782,sigi_hmm
NC_016787.1,109682,113997,4315,sigi_hmm
NC_016787.1,138658,148562,9904,sigi_hmm
NC_016787.1,161869,166244,4375,sigi_hmm
NC_016787.1,224238,228717,4479,sigi_hmm
NC_016787.1,264711,272076,7365,sigi_hmm
NC_016787.1,294002,299743,5741,sigi_hmm
NC_016787.1,329218,336934,7716,sigi_hmm
NC_016787.1,340602,349652,9050,sigi_hmm
NC_016787.1,352822,357558,4736,sigi_hmm
NC_016787.1,419739,424603,4864,sigi_hmm
NC_016787.1,692319,697864,5545,sigi_hmm
NC_016787.1,752898,760391,7493,sigi_hmm
NC_016787.1,1627663,1632297,4634,sigi_hmm
NC_016787.1,1787401,1797899,10498,sigi_hmm
NC_016787.1,2064211,2074573,10362,sigi_hmm
NC_016787.1,2197135,2201865,4730,sigi_hmm
NC_016787.1,2282160,2291105,8945,sigi_hmm
NC_016787.1,2305345,2310678,5333,sigi_hmm
NC_016787.1,2462100,2469883,7783,sigi_hmm
NC_016786.1,150942,160574,9632,sigi_hmm
NC_016786.1,173952,182656,8704,sigi_hmm
NC_016786.1,185274,191395,6121,sigi_hmm
NC_016786.1,217984,225732,7748,sigi_hmm
NC_016786.1,227687,232166,4479,sigi_hmm
NC_016786.1,268155,276556,8401,sigi_hmm
NC_016786.1,286598,290954,4356,sigi_hmm
NC_016786.1,320831,328547,7716,sigi_hmm
NC_016786.1,332215,337922,5707,sigi_hmm
NC_016786.1,418263,423127,4864,sigi_hmm
NC_016786.1,724097,729601,5504,sigi_hmm
NC_016786.1,736574,745114,8540,sigi_hmm
NC_016786.1,748376,753190,4814,sigi_hmm
NC_016786.1,894722,900376,5654,sigi_hmm
NC_016786.1,1373309,1379280,5971,sigi_hmm
NC_016786.1,1636282,1640916,4634,sigi_hmm
NC_016786.1,1841628,1848120,6492,sigi_hmm
NC_016786.1,1969852,1974471,4619,sigi_hmm
NC_016786.1,2048711,2053070,4359,sigi_hmm
NC_016786.1,2095081,2100204,5123,sigi_hmm
NC_016786.1,2169159,2177654,8495,sigi_hmm
NC_016786.1,2236933,2242076,5143,sigi_hmm
NC_016786.1,2268986,2274318,5332,sigi_hmm
NC_016786.1,2410895,2418696,7801,sigi_hmm
NC_016802.1,53740,59905,6165,sigi_hmm
NC_016802.1,68877,78460,9583,sigi_hmm
NC_016802.1,134447,138857,4410,sigi_hmm
NC_016802.1,163497,173079,9582,sigi_hmm
NC_016802.1,188084,194982,6898,sigi_hmm
NC_016802.1,250131,255578,5447,sigi_hmm
NC_016802.1,305943,315627,9684,sigi_hmm
NC_016802.1,344738,352454,7716,sigi_hmm
NC_016802.1,356122,365172,9050,sigi_hmm
NC_016802.1,438502,443366,4864,sigi_hmm
NC_016802.1,716063,721618,5555,sigi_hmm
NC_016802.1,768911,773725,4814,sigi_hmm
NC_016802.1,902875,908433,5558,sigi_hmm
NC_016802.1,948630,952908,4278,sigi_hmm
NC_016802.1,1141259,1149383,8124,sigi_hmm
NC_016802.1,1154386,1159576,5190,sigi_hmm
NC_016802.1,1258007,1262780,4773,sigi_hmm
NC_016802.1,1465210,1469383,4173,sigi_hmm
NC_016802.1,1615748,1620382,4634,sigi_hmm
NC_016802.1,1720779,1725617,4838,sigi_hmm
NC_016802.1,1756387,1761292,4905,sigi_hmm
NC_016802.1,1777899,1782381,4482,sigi_hmm
NC_016802.1,1789835,1794483,4648,sigi_hmm
NC_016802.1,1824077,1830138,6061,sigi_hmm
NC_016802.1,2079982,2083989,4007,sigi_hmm
NC_016802.1,2087565,2092625,5060,sigi_hmm
NC_016802.1,2096485,2100983,4498,sigi_hmm
NC_016802.1,2207084,2211442,4358,sigi_hmm
NC_016802.1,2288560,2295917,7357,sigi_hmm
NC_016802.1,2298208,2303156,4948,sigi_hmm
NC_016802.1,2388676,2396366,7690,sigi_hmm
NC_016802.1,2452346,2460149,7803,sigi_hmm
NC_002971.3,143025,154033,11008,sigi_hmm
NC_002971.3,164937,172514,7577,sigi_hmm
NC_002971.3,784120,789781,5661,sigi_hmm
NC_002971.3,963556,967593,4037,sigi_hmm
NC_002971.3,1552010,1559327,7317,sigi_hmm
NC_009727.1,681234,687394,6160,sigi_hmm
NC_009727.1,1887751,1895334,7583,sigi_hmm
NC_009778.1,571545,581682,10137,sigi_hmm
NC_009778.1,2775684,2780110,4426,sigi_hmm
NC_009778.1,2961958,2967422,5464,sigi_hmm
NC_009778.1,2983624,2990471,6847,sigi_hmm
NC_007973.1,1797401,1803919,6518,sigi_hmm
NC_007973.1,2056612,2061522,4910,sigi_hmm
NC_007973.1,2179441,2184271,4830,sigi_hmm
NC_007973.1,2771716,2776142,4426,sigi_hmm
NC_007973.1,2781341,2785938,4597,sigi_hmm
NC_007973.1,2898379,2904967,6588,sigi_hmm
NC_007973.1,3088866,3096769,7903,sigi_hmm
NC_007973.1,3247285,3258471,11186,sigi_hmm
NC_011884.1,2557211,2574873,17662,sigi_hmm
NC_011884.1,3105149,3114371,9222,sigi_hmm
NC_007298.1,395978,400995,5017,sigi_hmm
NC_017790.1,239626,243706,4080,sigi_hmm
NC_017790.1,638187,642779,4592,sigi_hmm
NC_017790.1,770644,774802,4158,sigi_hmm
NC_017790.1,800154,810724,10570,sigi_hmm
NC_017790.1,2094759,2099904,5145,sigi_hmm
NC_017790.1,2117861,2122673,4812,sigi_hmm
NC_017790.1,2123454,2131866,8412,sigi_hmm
NC_017790.1,2141184,2146492,5308,sigi_hmm
NC_017790.1,2926386,2930730,4344,sigi_hmm
NC_017790.1,2935517,2946121,10604,sigi_hmm
NC_017790.1,2947914,2955330,7416,sigi_hmm
NC_016616.1,58079,83040,24961,sigi_hmm
NC_016616.1,139540,145128,5588,sigi_hmm
NC_016616.1,146461,167340,20879,sigi_hmm
NC_016616.1,768659,775778,7119,sigi_hmm
NC_016616.1,921691,942467,20776,sigi_hmm
NC_016616.1,1096602,1103885,7283,sigi_hmm
NC_016616.1,1107711,1113615,5904,sigi_hmm
NC_016616.1,1114717,1128418,13701,sigi_hmm
NC_016616.1,1177835,1185283,7448,sigi_hmm
NC_016616.1,1186740,1200784,14044,sigi_hmm
NC_016616.1,1241433,1246151,4718,sigi_hmm
NC_016616.1,1344362,1352496,8134,sigi_hmm
NC_016616.1,1391615,1399430,7815,sigi_hmm
NC_016616.1,1537368,1553485,16117,sigi_hmm
NC_016616.1,1556447,1570809,14362,sigi_hmm
NC_016616.1,1820678,1824878,4200,sigi_hmm
NC_016616.1,1861852,1872542,10690,sigi_hmm
NC_016616.1,1890432,1894485,4053,sigi_hmm
NC_016616.1,2118545,2123977,5432,sigi_hmm
NC_016616.1,2126981,2138349,11368,sigi_hmm
NC_016616.1,2229452,2235715,6263,sigi_hmm
NC_016616.1,2431024,2439014,7990,sigi_hmm
NC_016616.1,2639455,2654695,15240,sigi_hmm
NC_016616.1,2656153,2676145,19992,sigi_hmm
NC_016616.1,2712623,2721468,8845,sigi_hmm
NC_016616.1,2723975,2736326,12351,sigi_hmm
NC_016616.1,2736826,2756870,20044,sigi_hmm
NC_016616.1,2765338,2769788,4450,sigi_hmm
NC_016616.1,2771681,2783396,11715,sigi_hmm
NC_016616.1,2783766,2791084,7318,sigi_hmm
NC_016616.1,2795620,2805981,10361,sigi_hmm
NC_016616.1,3000859,3005000,4141,sigi_hmm
NC_016616.1,3006242,3021314,15072,sigi_hmm
NC_016616.1,3023784,3040215,16431,sigi_hmm
NC_016616.1,3592663,3603486,10823,sigi_hmm
NC_012526.1,1586329,1592371,6042,sigi_hmm
NC_010002.1,571464,581093,9629,sigi_hmm
NC_010002.1,1593263,1601584,8321,sigi_hmm
NC_010002.1,3006701,3015300,8599,sigi_hmm
NC_010002.1,3795912,3801247,5335,sigi_hmm
NC_010002.1,3900287,3908484,8197,sigi_hmm
NC_010002.1,4579413,4602439,23026,sigi_hmm
NC_011830.1,691103,709190,18087,sigi_hmm
NC_011830.1,1545680,1558258,12578,sigi_hmm
NC_011830.1,3793836,3799792,5956,sigi_hmm
NC_007907.1,14748,26465,11717,sigi_hmm
NC_007907.1,1034061,1039935,5874,sigi_hmm
NC_007907.1,2520850,2527653,6803,sigi_hmm
NC_007907.1,4963822,4982902,19080,sigi_hmm
NC_006138.1,2299047,2304781,5734,sigi_hmm
NC_016584.1,681993,686068,4075,sigi_hmm
NC_016584.1,967479,978397,10918,sigi_hmm
NC_016584.1,1948446,1958421,9975,sigi_hmm
NC_016584.1,2251974,2257189,5215,sigi_hmm
NC_016584.1,2470268,2476322,6054,sigi_hmm
NC_016584.1,3262319,3266583,4264,sigi_hmm
NC_016584.1,3816347,3820573,4226,sigi_hmm
NC_016584.1,3994405,4001001,6596,sigi_hmm
NC_016584.1,4546357,4551345,4988,sigi_hmm
NC_016584.1,4608889,4616821,7932,sigi_hmm
NC_012108.1,2234310,2242429,8119,sigi_hmm
NC_011883.1,313363,318681,5318,sigi_hmm
NC_011883.1,1485609,1493283,7674,sigi_hmm
NC_007519.1,939853,953131,13278,sigi_hmm
NC_007519.1,953525,958523,4998,sigi_hmm
NC_007519.1,959016,976208,17192,sigi_hmm
NC_007519.1,976331,987669,11338,sigi_hmm
NC_007519.1,1906476,1914423,7947,sigi_hmm
NC_007519.1,1915330,1922221,6891,sigi_hmm
NC_007519.1,1922818,1934407,11589,sigi_hmm
NC_007519.1,1948160,1953143,4983,sigi_hmm
NC_007519.1,1956049,1977553,21504,sigi_hmm
NC_007519.1,1978039,1987850,9811,sigi_hmm
NC_007519.1,2511862,2516789,4927,sigi_hmm
NC_007519.1,2853012,2868192,15180,sigi_hmm
NC_007519.1,2870644,2890538,19894,sigi_hmm
NC_007519.1,3370634,3378432,7798,sigi_hmm
NC_016629.1,925547,930264,4717,sigi_hmm
NC_016629.1,3505647,3512361,6714,sigi_hmm
NC_002937.3,1721042,1725775,4733,sigi_hmm
NC_002937.3,2810112,2816802,6690,sigi_hmm
NC_009952.1,539847,544927,5080,sigi_hmm
NC_009952.1,1999930,2004421,4491,sigi_hmm
NC_009952.1,2429143,2433371,4228,sigi_hmm
NC_009952.1,2762572,2767594,5022,sigi_hmm
NC_009952.1,3544233,3560141,15908,sigi_hmm
NC_009952.1,3636905,3642968,6063,sigi_hmm
NC_015738.1,71977,86991,15014,sigi_hmm
NC_015738.1,931487,938608,7121,sigi_hmm
NC_015738.1,992417,1000297,7880,sigi_hmm
NC_015738.1,1019913,1026575,6662,sigi_hmm
NC_015738.1,1675997,1680802,4805,sigi_hmm
NC_015738.1,1866143,1870805,4662,sigi_hmm
NC_015738.1,2678740,2690322,11582,sigi_hmm
NC_015738.1,3084637,3090733,6096,sigi_hmm
NC_005295.2,1467707,1471789,4082,sigi_hmm
NC_017445.1,22730,26917,4187,sigi_hmm
NC_017445.1,30669,37479,6810,sigi_hmm
NC_017445.1,340835,347502,6667,sigi_hmm
NC_017445.1,488036,496896,8860,sigi_hmm
NC_017445.1,701590,706841,5251,sigi_hmm
NC_017445.1,757694,767794,10100,sigi_hmm
NC_017445.1,876312,885045,8733,sigi_hmm
NC_017445.1,1083154,1087342,4188,sigi_hmm
NC_017445.1,1295499,1301246,5747,sigi_hmm
NC_017445.1,1434724,1439048,4324,sigi_hmm
NC_017445.1,2164848,2169353,4505,sigi_hmm
NC_017445.1,2521624,2531951,10327,sigi_hmm
NC_017445.1,2756489,2762371,5882,sigi_hmm
NC_017445.1,2882559,2889175,6616,sigi_hmm
NC_017445.1,2938849,2971029,32180,sigi_hmm
NC_017445.1,3173044,3181401,8357,sigi_hmm
NC_017445.1,3548655,3557304,8649,sigi_hmm
NC_017445.1,3746237,3750722,4485,sigi_hmm
NC_017445.1,3785891,3792272,6381,sigi_hmm
NC_017445.1,3795491,3802435,6944,sigi_hmm
NC_017445.1,3893938,3898032,4094,sigi_hmm
NC_017312.1,850530,855717,5187,sigi_hmm
NC_017312.1,2201544,2219732,18188,sigi_hmm
NC_016514.1,514064,518956,4892,sigi_hmm
NC_016514.1,899878,908484,8606,sigi_hmm
NC_016514.1,1151649,1162978,11329,sigi_hmm
NC_016514.1,1163967,1168595,4628,sigi_hmm
NC_016514.1,1194244,1202278,8034,sigi_hmm
NC_016514.1,2091057,2096140,5083,sigi_hmm
NC_016514.1,2394369,2401021,6652,sigi_hmm
NC_016514.1,2482865,2488284,5419,sigi_hmm
NC_016514.1,2721106,2725820,4714,sigi_hmm
NC_016514.1,2730659,2735362,4703,sigi_hmm
NC_016514.1,2740518,2747826,7308,sigi_hmm
NC_016514.1,2757801,2762237,4436,sigi_hmm
NC_016514.1,2960020,2965335,5315,sigi_hmm
NC_016514.1,3059753,3066015,6262,sigi_hmm
NC_016514.1,3580503,3602316,21813,sigi_hmm
NC_015968.1,81398,86717,5319,sigi_hmm
NC_015968.1,518223,530225,12002,sigi_hmm
NC_015968.1,1624872,1633898,9026,sigi_hmm
NC_015968.1,2125336,2135856,10520,sigi_hmm
NC_015968.1,2217201,2221918,4717,sigi_hmm
NC_015968.1,2854553,2867966,13413,sigi_hmm
NC_015968.1,2885006,2898579,13573,sigi_hmm
NC_015968.1,2899600,2903909,4309,sigi_hmm
NC_015968.1,2904646,2909697,5051,sigi_hmm
NC_015968.1,3285525,3292846,7321,sigi_hmm
NC_015968.1,3303688,3309295,5607,sigi_hmm
NC_015968.1,4126134,4132011,5877,sigi_hmm
NC_015968.1,4141012,4154884,13872,sigi_hmm
NC_015968.1,4392777,4401592,8815,sigi_hmm
NC_015968.1,4794397,4798696,4299,sigi_hmm
NC_007722.1,2144802,2151874,7072,sigi_hmm
NC_010694.1,441832,447024,5192,sigi_hmm
NC_010694.1,1069761,1081208,11447,sigi_hmm
NC_010694.1,1510709,1521939,11230,sigi_hmm
NC_010694.1,2146840,2171457,24617,sigi_hmm
NC_010694.1,2978046,2992563,14517,sigi_hmm
NC_010694.1,3062465,3067318,4853,sigi_hmm
NC_010694.1,3184256,3190208,5952,sigi_hmm
NC_011748.1,2713019,2727670,14651,sigi_hmm
NC_004431.1,1377903,1381939,4036,sigi_hmm
NC_004431.1,4294419,4305537,11118,sigi_hmm
NC_010473.1,255585,260105,4520,sigi_hmm
NC_010473.1,265423,272565,7142,sigi_hmm
NC_010473.1,285520,295855,10335,sigi_hmm
NC_010473.1,500891,510806,9915,sigi_hmm
NC_010473.1,512285,524188,11903,sigi_hmm
NC_010473.1,1723447,1733282,9835,sigi_hmm
NC_010473.1,2648558,2654159,5601,sigi_hmm
NC_000913.2,279338,288386,9048,sigi_hmm
NC_000913.2,289653,297015,7362,sigi_hmm
NC_000913.2,1415862,1420000,4138,sigi_hmm
NC_000913.2,1633864,1650732,16868,sigi_hmm
NC_013353.1,2325484,2329989,4505,sigi_hmm
NC_013353.1,3172491,3178273,5782,sigi_hmm
NC_011601.1,281184,287469,6285,sigi_hmm
NC_011601.1,1273781,1283500,9719,sigi_hmm
NC_011601.1,2837376,2844289,6913,sigi_hmm
NC_011601.1,4067765,4072584,4819,sigi_hmm
NC_011750.1,539751,544187,4436,sigi_hmm
NC_011750.1,3176403,3180555,4152,sigi_hmm
NC_013364.1,2680979,2698441,17462,sigi_hmm
NC_013364.1,5264571,5275176,10605,sigi_hmm
NC_017625.1,75629,86815,11186,sigi_hmm
NC_017625.1,516122,522588,6466,sigi_hmm
NC_017625.1,690926,697576,6650,sigi_hmm
NC_017625.1,884935,896227,11292,sigi_hmm
NC_017625.1,996544,1005194,8650,sigi_hmm
NC_017625.1,1106330,1112614,6284,sigi_hmm
NC_017625.1,1116407,1127603,11196,sigi_hmm
NC_017625.1,1386786,1396334,9548,sigi_hmm
NC_017625.1,1404826,1410427,5601,sigi_hmm
NC_017625.1,1487008,1494256,7248,sigi_hmm
NC_017625.1,1684063,1689899,5836,sigi_hmm
NC_017625.1,1764995,1776160,11165,sigi_hmm
NC_017625.1,1807875,1812836,4961,sigi_hmm
NC_017625.1,1813588,1821197,7609,sigi_hmm
NC_017625.1,2225770,2242680,16910,sigi_hmm
NC_017625.1,2285841,2291658,5817,sigi_hmm
NC_017625.1,2294519,2298845,4326,sigi_hmm
NC_017625.1,2449752,2458713,8961,sigi_hmm
NC_017625.1,2659277,2670189,10912,sigi_hmm
NC_017625.1,2675254,2682872,7618,sigi_hmm
NC_017625.1,2784074,2793280,9206,sigi_hmm
NC_017625.1,3295486,3308613,13127,sigi_hmm
NC_017625.1,3549874,3555368,5494,sigi_hmm
NC_017625.1,3573164,3592130,18966,sigi_hmm
NC_017625.1,3599331,3604057,4726,sigi_hmm
NC_017625.1,3632642,3639452,6810,sigi_hmm
NC_017625.1,3715176,3721662,6486,sigi_hmm
NC_017625.1,3931567,3936117,4550,sigi_hmm
NC_017625.1,3968000,3980566,12566,sigi_hmm
NC_017625.1,4002348,4009747,7399,sigi_hmm
NC_017625.1,4036554,4040991,4437,sigi_hmm
NC_017632.1,335656,345178,9522,sigi_hmm
NC_017632.1,523387,528088,4701,sigi_hmm
NC_017632.1,734861,741997,7136,sigi_hmm
NC_017632.1,766852,774769,7917,sigi_hmm
NC_017632.1,990965,1000512,9547,sigi_hmm
NC_017632.1,1004643,1012430,7787,sigi_hmm
NC_017632.1,1016428,1022802,6374,sigi_hmm
NC_017632.1,1032632,1044881,12249,sigi_hmm
NC_017632.1,1308849,1314685,5836,sigi_hmm
NC_017632.1,1334673,1338721,4048,sigi_hmm
NC_017632.1,1392274,1402493,10219,sigi_hmm
NC_017632.1,1448603,1456614,8011,sigi_hmm
NC_017632.1,1462834,1471122,8288,sigi_hmm
NC_017632.1,1528566,1534764,6198,sigi_hmm
NC_017632.1,1960122,1964834,4712,sigi_hmm
NC_017632.1,1979008,1983479,4471,sigi_hmm
NC_017632.1,1985593,1990399,4806,sigi_hmm
NC_017632.1,1992091,1997537,5446,sigi_hmm
NC_017632.1,2000402,2005125,4723,sigi_hmm
NC_017632.1,2042302,2048287,5985,sigi_hmm
NC_017632.1,2242873,2248029,5156,sigi_hmm
NC_017632.1,2390079,2396033,5954,sigi_hmm
NC_017632.1,2515571,2524101,8530,sigi_hmm
NC_017632.1,2552658,2561206,8548,sigi_hmm
NC_017632.1,2561485,2567890,6405,sigi_hmm
NC_017632.1,3274017,3279507,5490,sigi_hmm
NC_017632.1,3286346,3293725,7379,sigi_hmm
NC_017632.1,3311024,3321909,10885,sigi_hmm
NC_017632.1,3345489,3352783,7294,sigi_hmm
NC_017632.1,3374047,3378581,4534,sigi_hmm
NC_017632.1,3558458,3567872,9414,sigi_hmm
NC_017632.1,3603904,3608213,4309,sigi_hmm
NC_017632.1,3799588,3805734,6146,sigi_hmm
NC_017632.1,4150638,4154788,4150,sigi_hmm
NC_017632.1,4527627,4534444,6817,sigi_hmm
NC_017632.1,4537084,4552305,15221,sigi_hmm
NC_017632.1,4558650,4570004,11354,sigi_hmm
NC_017632.1,4571341,4575944,4603,sigi_hmm
NC_017632.1,4576320,4582957,6637,sigi_hmm
NC_017632.1,4622276,4630855,8579,sigi_hmm
NC_017632.1,4642609,4648638,6029,sigi_hmm
NC_017632.1,4673243,4679762,6519,sigi_hmm
NC_017644.1,307040,312817,5777,sigi_hmm
NC_017644.1,319653,325072,5419,sigi_hmm
NC_017644.1,328657,333546,4889,sigi_hmm
NC_017644.1,967724,972738,5014,sigi_hmm
NC_017644.1,1134302,1143168,8866,sigi_hmm
NC_017644.1,1602614,1610939,8325,sigi_hmm
NC_017644.1,1971120,1981995,10875,sigi_hmm
NC_017644.1,2063629,2070728,7099,sigi_hmm
NC_017644.1,2072177,2078130,5953,sigi_hmm
NC_017644.1,2130436,2135748,5312,sigi_hmm
NC_017644.1,2488526,2497061,8535,sigi_hmm
NC_017644.1,2595216,2600506,5290,sigi_hmm
NC_017644.1,2864436,2872812,8376,sigi_hmm
NC_017644.1,4458267,4465173,6906,sigi_hmm
NC_017644.1,4644026,4651994,7968,sigi_hmm
NC_017644.1,4653686,4658237,4551,sigi_hmm
NC_017644.1,4666229,4674670,8441,sigi_hmm
NC_017644.1,4700371,4706479,6108,sigi_hmm
NC_017644.1,4814239,4826485,12246,sigi_hmm
NC_017644.1,4852448,4861154,8706,sigi_hmm
NC_017644.1,4870400,4879620,9220,sigi_hmm
NC_017644.1,4901559,4907725,6166,sigi_hmm
NC_017644.1,4908773,4913006,4233,sigi_hmm
NC_017644.1,4915976,4921105,5129,sigi_hmm
NC_017644.1,4955373,4964741,9368,sigi_hmm
NC_017646.1,22119,28549,6430,sigi_hmm
NC_017646.1,161053,166252,5199,sigi_hmm
NC_017646.1,279537,286996,7459,sigi_hmm
NC_017646.1,293833,299323,5490,sigi_hmm
NC_017646.1,573259,579674,6415,sigi_hmm
NC_017646.1,600726,607864,7138,sigi_hmm
NC_017646.1,824649,831006,6357,sigi_hmm
NC_017646.1,834854,840320,5466,sigi_hmm
NC_017646.1,1088683,1105327,16644,sigi_hmm
NC_017646.1,1162131,1168538,6407,sigi_hmm
NC_017646.1,1331556,1336039,4483,sigi_hmm
NC_017646.1,1349914,1354968,5054,sigi_hmm
NC_017646.1,1725923,1730530,4607,sigi_hmm
NC_017646.1,1733514,1738527,5013,sigi_hmm
NC_017646.1,1795356,1800068,4712,sigi_hmm
NC_017646.1,2298313,2305910,7597,sigi_hmm
NC_017646.1,2307359,2314939,7580,sigi_hmm
NC_017646.1,2318741,2328807,10066,sigi_hmm
NC_017646.1,2364807,2377489,12682,sigi_hmm
NC_017646.1,2450374,2455589,5215,sigi_hmm
NC_017646.1,2511220,2519082,7862,sigi_hmm
NC_017646.1,2694191,2699152,4961,sigi_hmm
NC_017646.1,2780622,2788659,8037,sigi_hmm
NC_017646.1,2794328,2803876,9548,sigi_hmm
NC_017646.1,2940912,2948393,7481,sigi_hmm
NC_017646.1,2951765,2957093,5328,sigi_hmm
NC_017646.1,3119242,3125904,6662,sigi_hmm
NC_017646.1,3134638,3140605,5967,sigi_hmm
NC_017646.1,3248985,3257385,8400,sigi_hmm
NC_017646.1,3339796,3367802,28006,sigi_hmm
NC_017646.1,3487461,3498397,10936,sigi_hmm
NC_017646.1,3502280,3507311,5031,sigi_hmm
NC_017646.1,3517275,3522195,4920,sigi_hmm
NC_017646.1,3542081,3551605,9524,sigi_hmm
NC_017646.1,3642459,3647944,5485,sigi_hmm
NC_017646.1,4257887,4264032,6145,sigi_hmm
NC_017646.1,4341026,4348715,7689,sigi_hmm
NC_017646.1,4362262,4371289,9027,sigi_hmm
NC_017646.1,4439410,4446538,7128,sigi_hmm
NC_017646.1,4699666,4705175,5509,sigi_hmm
NC_017646.1,4970769,4974931,4162,sigi_hmm
NC_017646.1,5137646,5143745,6099,sigi_hmm
NC_017646.1,5149503,5155202,5699,sigi_hmm
NC_017646.1,5164533,5175599,11066,sigi_hmm
NC_017646.1,5237234,5241950,4716,sigi_hmm
NC_017646.1,5276330,5281452,5122,sigi_hmm
NC_017641.1,19657,23664,4007,sigi_hmm
NC_017641.1,151707,158978,7271,sigi_hmm
NC_017641.1,236855,243014,6159,sigi_hmm
NC_017641.1,294959,299986,5027,sigi_hmm
NC_017641.1,328066,333771,5705,sigi_hmm
NC_017641.1,355105,360229,5124,sigi_hmm
NC_017641.1,922835,926936,4101,sigi_hmm
NC_017641.1,1186242,1198249,12007,sigi_hmm
NC_017641.1,1201050,1207174,6124,sigi_hmm
NC_017641.1,1214463,1218683,4220,sigi_hmm
NC_017641.1,1238643,1246562,7919,sigi_hmm
NC_017641.1,1368361,1377551,9190,sigi_hmm
NC_017641.1,1401079,1405737,4658,sigi_hmm
NC_017641.1,1419454,1427214,7760,sigi_hmm
NC_017641.1,1516510,1528722,12212,sigi_hmm
NC_017641.1,1616951,1643890,26939,sigi_hmm
NC_017641.1,1822908,1826962,4054,sigi_hmm
NC_017641.1,1830094,1843679,13585,sigi_hmm
NC_017641.1,1927163,1950322,23159,sigi_hmm
NC_017641.1,2340465,2344886,4421,sigi_hmm
NC_017641.1,2395116,2402723,7607,sigi_hmm
NC_017641.1,2455750,2464249,8499,sigi_hmm
NC_017641.1,2540709,2546419,5710,sigi_hmm
NC_017641.1,2814561,2827477,12916,sigi_hmm
NC_017641.1,2836822,2856495,19673,sigi_hmm
NC_017641.1,2860623,2870171,9548,sigi_hmm
NC_017641.1,3002982,3009460,6478,sigi_hmm
NC_017641.1,3011510,3019734,8224,sigi_hmm
NC_017641.1,3031580,3036836,5256,sigi_hmm
NC_017641.1,3209312,3215170,5858,sigi_hmm
NC_017641.1,3304727,3313781,9054,sigi_hmm
NC_017641.1,3414225,3432273,18048,sigi_hmm
NC_017641.1,3549551,3553893,4342,sigi_hmm
NC_017641.1,3564396,3575001,10605,sigi_hmm
NC_017641.1,3673604,3679080,5476,sigi_hmm
NC_017641.1,3849828,3855095,5267,sigi_hmm
NC_017641.1,4285713,4291590,5877,sigi_hmm
NC_017641.1,4313616,4321506,7890,sigi_hmm
NC_017641.1,4934858,4943155,8297,sigi_hmm
NC_017641.1,5065397,5070121,4724,sigi_hmm
NC_017641.1,5090574,5098806,8232,sigi_hmm
NC_017628.1,264395,271563,7168,sigi_hmm
NC_017628.1,310622,318001,7379,sigi_hmm
NC_017628.1,324840,330330,5490,sigi_hmm
NC_017628.1,571025,575952,4927,sigi_hmm
NC_017628.1,600703,608688,7985,sigi_hmm
NC_017628.1,1117549,1132474,14925,sigi_hmm
NC_017628.1,1162794,1169871,7077,sigi_hmm
NC_017628.1,1170917,1176376,5459,sigi_hmm
NC_017628.1,1289411,1294802,5391,sigi_hmm
NC_017628.1,1330522,1339244,8722,sigi_hmm
NC_017628.1,1436795,1443723,6928,sigi_hmm
NC_017628.1,1641069,1645366,4297,sigi_hmm
NC_017628.1,1683490,1687544,4054,sigi_hmm
NC_017628.1,1690682,1696119,5437,sigi_hmm
NC_017628.1,1713252,1719702,6450,sigi_hmm
NC_017628.1,2103643,2110604,6961,sigi_hmm
NC_017628.1,2136857,2141184,4327,sigi_hmm
NC_017628.1,2186636,2191938,5302,sigi_hmm
NC_017628.1,2318075,2328298,10223,sigi_hmm
NC_017628.1,2381187,2385902,4715,sigi_hmm
NC_017628.1,2406310,2411727,5417,sigi_hmm
NC_017628.1,2715108,2726879,11771,sigi_hmm
NC_017628.1,2734847,2741851,7004,sigi_hmm
NC_017628.1,2745219,2753009,7790,sigi_hmm
NC_017628.1,2757140,2766688,9548,sigi_hmm
NC_017628.1,2880177,2888195,8018,sigi_hmm
NC_017628.1,2890885,2898562,7677,sigi_hmm
NC_017628.1,2910393,2915501,5108,sigi_hmm
NC_017628.1,3054136,3060992,6856,sigi_hmm
NC_017628.1,3267391,3272092,4701,sigi_hmm
NC_017628.1,3285770,3291247,5477,sigi_hmm
NC_017628.1,3450318,3459842,9524,sigi_hmm
NC_017628.1,3929286,3938701,9415,sigi_hmm
NC_017628.1,3974734,3979043,4309,sigi_hmm
NC_017628.1,4170421,4176569,6148,sigi_hmm
NC_017628.1,4608159,4614635,6476,sigi_hmm
NC_017628.1,4945496,4951777,6281,sigi_hmm
NC_017628.1,5031811,5036159,4348,sigi_hmm
NC_017628.1,5069298,5074785,5487,sigi_hmm
NC_002655.2,1109295,1117272,7977,sigi_hmm
NC_002655.2,1504902,1512879,7977,sigi_hmm
NC_002655.2,5420984,5427544,6560,sigi_hmm
NC_016902.1,50143,63038,12895,sigi_hmm
NC_016902.1,95062,101210,6148,sigi_hmm
NC_016902.1,700506,705982,5476,sigi_hmm
NC_016902.1,910277,928440,18163,sigi_hmm
NC_016902.1,1171092,1178803,7711,sigi_hmm
NC_016902.1,1426109,1440760,14651,sigi_hmm
NC_016902.1,1445315,1459642,14327,sigi_hmm
NC_016902.1,1461463,1468881,7418,sigi_hmm
NC_016902.1,1477787,1487565,9778,sigi_hmm
NC_016902.1,1744468,1750305,5837,sigi_hmm
NC_016902.1,1855083,1864369,9286,sigi_hmm
NC_016902.1,1889972,1897587,7615,sigi_hmm
NC_016902.1,1901117,1913069,11952,sigi_hmm
NC_016902.1,2316860,2330040,13180,sigi_hmm
NC_016902.1,2401026,2410108,9082,sigi_hmm
NC_016902.1,2412969,2417295,4326,sigi_hmm
NC_016902.1,2564162,2570779,6617,sigi_hmm
NC_016902.1,2589888,2594483,4595,sigi_hmm
NC_016902.1,2793796,2801313,7517,sigi_hmm
NC_016902.1,2903127,2910429,7302,sigi_hmm
NC_016902.1,3149598,3153599,4001,sigi_hmm
NC_016902.1,3469448,3475785,6337,sigi_hmm
NC_016902.1,3720739,3725149,4410,sigi_hmm
NC_016902.1,3730395,3734521,4126,sigi_hmm
NC_016902.1,3815362,3819976,4614,sigi_hmm
NC_016902.1,3871022,3877184,6162,sigi_hmm
NC_016902.1,3954353,3960881,6528,sigi_hmm
NC_016902.1,4207794,4218861,11067,sigi_hmm
NC_016902.1,4228183,4245586,17403,sigi_hmm
NC_011353.1,2499422,2504139,4717,sigi_hmm
NC_011353.1,5184610,5189935,5325,sigi_hmm
NC_011751.1,926792,931481,4689,sigi_hmm
NC_011751.1,3049026,3062956,13930,sigi_hmm
NC_011742.1,15454,19880,4426,sigi_hmm
NC_011742.1,2064463,2068865,4402,sigi_hmm
NC_011742.1,2184381,2188989,4608,sigi_hmm
NC_011742.1,2517597,2523840,6243,sigi_hmm
NC_011742.1,4678370,4684851,6481,sigi_hmm
NC_017631.1,282547,292563,10016,sigi_hmm
NC_017631.1,323848,339492,15644,sigi_hmm
NC_017631.1,370748,381570,10822,sigi_hmm
NC_017631.1,395685,403063,7378,sigi_hmm
NC_017631.1,409902,415392,5490,sigi_hmm
NC_017631.1,418837,425436,6599,sigi_hmm
NC_017631.1,1095842,1109228,13386,sigi_hmm
NC_017631.1,1140148,1144366,4218,sigi_hmm
NC_017631.1,1144790,1164922,20132,sigi_hmm
NC_017631.1,1177131,1182959,5828,sigi_hmm
NC_017631.1,1236596,1245368,8772,sigi_hmm
NC_017631.1,1246117,1251875,5758,sigi_hmm
NC_017631.1,1363465,1368989,5524,sigi_hmm
NC_017631.1,1370826,1376217,5391,sigi_hmm
NC_017631.1,1413549,1420626,7077,sigi_hmm
NC_017631.1,1677552,1690571,13019,sigi_hmm
NC_017631.1,1728148,1732475,4327,sigi_hmm
NC_017631.1,1735341,1744427,9086,sigi_hmm
NC_017631.1,1756863,1763314,6451,sigi_hmm
NC_017631.1,1996241,2000751,4510,sigi_hmm
NC_017631.1,2295802,2303080,7278,sigi_hmm
NC_017631.1,2306626,2313782,7156,sigi_hmm
NC_017631.1,2361862,2376820,14958,sigi_hmm
NC_017631.1,2449108,2454946,5838,sigi_hmm
NC_017631.1,2733786,2743334,9548,sigi_hmm
NC_017631.1,3171649,3176878,5229,sigi_hmm
NC_017631.1,3351987,3362618,10631,sigi_hmm
NC_017631.1,3367838,3378341,10503,sigi_hmm
NC_017631.1,3415213,3419627,4414,sigi_hmm
NC_017631.1,3894582,3904009,9427,sigi_hmm
NC_017631.1,4134377,4140525,6148,sigi_hmm
NC_017631.1,4194065,4205033,10968,sigi_hmm
NC_017631.1,4520913,4525060,4147,sigi_hmm
NC_017631.1,4941613,4948285,6672,sigi_hmm
NC_017631.1,4951690,4966325,14635,sigi_hmm
NC_017631.1,4973137,4994002,20865,sigi_hmm
NC_017631.1,5002231,5013138,10907,sigi_hmm
NC_017631.1,5031537,5039158,7621,sigi_hmm
NC_017631.1,5063254,5067833,4579,sigi_hmm
NC_017663.1,228158,237085,8927,sigi_hmm
NC_017663.1,296729,320725,23996,sigi_hmm
NC_017663.1,339217,344893,5676,sigi_hmm
NC_017663.1,803848,809075,5227,sigi_hmm
NC_017663.1,815944,827203,11259,sigi_hmm
NC_017663.1,1107937,1117407,9470,sigi_hmm
NC_017663.1,1126155,1133489,7334,sigi_hmm
NC_017663.1,1163353,1168431,5078,sigi_hmm
NC_017663.1,1195807,1212346,16539,sigi_hmm
NC_017663.1,1220398,1232043,11645,sigi_hmm
NC_017663.1,1254144,1259725,5581,sigi_hmm
NC_017663.1,1261626,1267450,5824,sigi_hmm
NC_017663.1,1269432,1275455,6023,sigi_hmm
NC_017663.1,1417015,1421843,4828,sigi_hmm
NC_017663.1,1634275,1647192,12917,sigi_hmm
NC_017663.1,1693042,1703308,10266,sigi_hmm
NC_017663.1,1709138,1719531,10393,sigi_hmm
NC_017663.1,1740771,1751522,10751,sigi_hmm
NC_017663.1,1754383,1758710,4327,sigi_hmm
NC_017663.1,2136985,2141940,4955,sigi_hmm
NC_017663.1,2242990,2247022,4032,sigi_hmm
NC_017663.1,2293442,2304118,10676,sigi_hmm
NC_017663.1,2376061,2381022,4961,sigi_hmm
NC_017663.1,2571164,2578412,7248,sigi_hmm
NC_017663.1,2637053,2641983,4930,sigi_hmm
NC_017663.1,2657119,2668208,11089,sigi_hmm
NC_017663.1,2676261,2694249,17988,sigi_hmm
NC_017663.1,2700352,2709900,9548,sigi_hmm
NC_017663.1,3000197,3021552,21355,sigi_hmm
NC_017663.1,3212820,3229908,17088,sigi_hmm
NC_017663.1,3434059,3439535,5476,sigi_hmm
NC_017663.1,3469981,3485216,15235,sigi_hmm
NC_017663.1,3542689,3547154,4465,sigi_hmm
NC_017663.1,3565497,3570506,5009,sigi_hmm
NC_017663.1,3930911,3938498,7587,sigi_hmm
NC_017663.1,4101239,4107386,6147,sigi_hmm
NC_017663.1,4584307,4595429,11122,sigi_hmm
NC_017663.1,4636024,4640572,4548,sigi_hmm
NC_017663.1,4798218,4802850,4632,sigi_hmm
NC_017663.1,4828968,4834429,5461,sigi_hmm
NC_017660.1,151022,157550,6528,sigi_hmm
NC_017660.1,234719,240881,6162,sigi_hmm
NC_017660.1,690421,699853,9432,sigi_hmm
NC_017660.1,935737,943734,7997,sigi_hmm
NC_017660.1,975758,981906,6148,sigi_hmm
NC_017660.1,1134686,1141810,7124,sigi_hmm
NC_017660.1,1156370,1161460,5090,sigi_hmm
NC_017660.1,1501470,1505501,4031,sigi_hmm
NC_017660.1,1586441,1591917,5476,sigi_hmm
NC_017660.1,1796171,1815714,19543,sigi_hmm
NC_017660.1,2059926,2067637,7711,sigi_hmm
NC_017660.1,2321271,2330819,9548,sigi_hmm
NC_017660.1,2594790,2600627,5837,sigi_hmm
NC_017660.1,2705408,2714694,9286,sigi_hmm
NC_017660.1,2740297,2749250,8953,sigi_hmm
NC_017660.1,2752780,2764732,11952,sigi_hmm
NC_017660.1,3166692,3186995,20303,sigi_hmm
NC_017660.1,3308825,3317726,8901,sigi_hmm
NC_017660.1,3320587,3325550,4963,sigi_hmm
NC_017660.1,3344533,3350916,6383,sigi_hmm
NC_017660.1,3370026,3374621,4595,sigi_hmm
NC_017660.1,3576003,3584129,8126,sigi_hmm
NC_017660.1,3676314,3680346,4032,sigi_hmm
NC_017660.1,3687282,3695922,8640,sigi_hmm
NC_017660.1,4123239,4127240,4001,sigi_hmm
NC_017660.1,4693847,4698257,4410,sigi_hmm
NC_017660.1,4738967,4745030,6063,sigi_hmm
NC_017660.1,4888127,4905531,17404,sigi_hmm
NC_017660.1,4914853,4925920,11067,sigi_hmm
NC_014624.2,551354,556334,4980,sigi_hmm
NC_014624.2,560437,565154,4717,sigi_hmm
NC_014624.2,577794,597049,19255,sigi_hmm
NC_014624.2,900018,904506,4488,sigi_hmm
NC_014624.2,1380514,1385189,4675,sigi_hmm
NC_014624.2,2675565,2680176,4611,sigi_hmm
NC_014624.2,2684487,2688549,4062,sigi_hmm
NC_014624.2,2699063,2711821,12758,sigi_hmm
NC_014624.2,3721888,3727555,5667,sigi_hmm
NC_014624.2,3817981,3826706,8725,sigi_hmm
NC_014624.2,3855145,3859757,4612,sigi_hmm
NC_014624.2,4064545,4069752,5207,sigi_hmm
NC_016630.1,1260313,1266049,5736,sigi_hmm
NC_016510.2,1238064,1242790,4726,sigi_hmm
NC_016510.2,1251173,1256738,5565,sigi_hmm
NC_016510.2,2712842,2725026,12184,sigi_hmm
NC_017448.1,525037,529960,4923,sigi_hmm
NC_017448.1,537525,548828,11303,sigi_hmm
NC_017448.1,831398,836859,5461,sigi_hmm
NC_017448.1,839948,844902,4954,sigi_hmm
NC_017448.1,1604316,1611172,6856,sigi_hmm
NC_017448.1,1624912,1631194,6282,sigi_hmm
NC_017448.1,1635588,1645613,10025,sigi_hmm
NC_017448.1,1739010,1743426,4416,sigi_hmm
NC_017448.1,1758940,1766837,7897,sigi_hmm
NC_017448.1,2103165,2110576,7411,sigi_hmm
NC_017448.1,2131476,2142293,10817,sigi_hmm
NC_017448.1,2344527,2354830,10303,sigi_hmm
NC_017448.1,2406993,2411354,4361,sigi_hmm
NC_017448.1,2493976,2504806,10830,sigi_hmm
NC_017448.1,2706100,2722979,16879,sigi_hmm
NC_017448.1,2977973,2989147,11174,sigi_hmm
NC_017448.1,3153079,3157252,4173,sigi_hmm
NC_017448.1,3465955,3472030,6075,sigi_hmm
NC_017448.1,3645563,3649687,4124,sigi_hmm
NC_017448.1,3665627,3683388,17761,sigi_hmm
NC_017448.1,3735486,3742539,7053,sigi_hmm
NC_017448.1,3745572,3750617,5045,sigi_hmm
NC_017448.1,3757009,3769318,12309,sigi_hmm
NC_017448.1,3781595,3787699,6104,sigi_hmm
NC_017448.1,3812108,3817430,5322,sigi_hmm
NC_017025.1,114671,122084,7413,sigi_hmm
NC_017025.1,1111117,1118264,7147,sigi_hmm
NC_017025.1,1309912,1314391,4479,sigi_hmm
NC_017025.1,1652635,1659899,7264,sigi_hmm
NC_016937.1,101614,107571,5957,sigi_hmm
NC_016933.1,101614,107571,5957,sigi_hmm
NC_017664.1,151022,157550,6528,sigi_hmm
NC_017664.1,234719,240881,6162,sigi_hmm
NC_017664.1,386755,391165,4410,sigi_hmm
NC_017664.1,958306,962307,4001,sigi_hmm
NC_017664.1,1192770,1199165,6395,sigi_hmm
NC_017664.1,1301343,1309469,8126,sigi_hmm
NC_017664.1,1508175,1512770,4595,sigi_hmm
NC_017664.1,1531879,1538262,6383,sigi_hmm
NC_017664.1,1685135,1689461,4326,sigi_hmm
NC_017664.1,1692322,1701223,8901,sigi_hmm
NC_017664.1,1772391,1791356,18965,sigi_hmm
NC_017664.1,2189362,2201314,11952,sigi_hmm
NC_017664.1,2204844,2212459,7615,sigi_hmm
NC_017664.1,2238062,2247348,9286,sigi_hmm
NC_017664.1,2352129,2357966,5837,sigi_hmm
NC_017664.1,2614869,2625495,10626,sigi_hmm
NC_017664.1,2633553,2640971,7418,sigi_hmm
NC_017664.1,2642792,2651223,8431,sigi_hmm
NC_017664.1,2652503,2657119,4616,sigi_hmm
NC_017664.1,2661674,2671222,9548,sigi_hmm
NC_017664.1,2923631,2931342,7711,sigi_hmm
NC_017664.1,3174216,3192421,18205,sigi_hmm
NC_017664.1,3396675,3402151,5476,sigi_hmm
NC_017664.1,3480415,3484446,4031,sigi_hmm
NC_017664.1,4001344,4007492,6148,sigi_hmm
NC_017664.1,4039516,4052411,12895,sigi_hmm
NC_017664.1,4763767,4781171,17404,sigi_hmm
NC_017664.1,4790493,4801560,11067,sigi_hmm
NC_017652.1,241409,246323,4914,sigi_hmm
NC_017652.1,290926,309235,18309,sigi_hmm
NC_017652.1,334604,350247,15643,sigi_hmm
NC_017652.1,372348,378711,6363,sigi_hmm
NC_017652.1,386375,395140,8765,sigi_hmm
NC_017652.1,401979,406415,4436,sigi_hmm
NC_017652.1,411083,417648,6565,sigi_hmm
NC_017652.1,1087648,1102899,15251,sigi_hmm
NC_017652.1,1131954,1140791,8837,sigi_hmm
NC_017652.1,1143383,1156728,13345,sigi_hmm
NC_017652.1,1159990,1164763,4773,sigi_hmm
NC_017652.1,1175263,1190593,15330,sigi_hmm
NC_017652.1,1293435,1300661,7226,sigi_hmm
NC_017652.1,1304222,1309994,5772,sigi_hmm
NC_017652.1,1346686,1352216,5530,sigi_hmm
NC_017652.1,1353940,1359438,5498,sigi_hmm
NC_017652.1,1395114,1403847,8733,sigi_hmm
NC_017652.1,1658323,1671146,12823,sigi_hmm
NC_017652.1,1708723,1713050,4327,sigi_hmm
NC_017652.1,1715916,1725896,9980,sigi_hmm
NC_017652.1,1940059,1944569,4510,sigi_hmm
NC_017652.1,2134750,2154905,20155,sigi_hmm
NC_017652.1,2155532,2159557,4025,sigi_hmm
NC_017652.1,2261858,2271218,9360,sigi_hmm
NC_017652.1,2272562,2280151,7589,sigi_hmm
NC_017652.1,2329585,2338889,9304,sigi_hmm
NC_017652.1,2390976,2395691,4715,sigi_hmm
NC_017652.1,2416096,2421514,5418,sigi_hmm
NC_017652.1,2700338,2709886,9548,sigi_hmm
NC_017652.1,3138128,3143605,5477,sigi_hmm
NC_017652.1,3293619,3303331,9712,sigi_hmm
NC_017652.1,3312592,3323616,11024,sigi_hmm
NC_017652.1,3333580,3344946,11366,sigi_hmm
NC_017652.1,3361092,3369024,7932,sigi_hmm
NC_017652.1,3377744,3386316,8572,sigi_hmm
NC_017652.1,3861254,3870681,9427,sigi_hmm
NC_017652.1,4101044,4107192,6148,sigi_hmm
NC_017652.1,4147163,4160475,13312,sigi_hmm
NC_017652.1,4473887,4478037,4150,sigi_hmm
NC_017652.1,4560658,4567134,6476,sigi_hmm
NC_017652.1,4927701,4947433,19732,sigi_hmm
NC_017652.1,4970226,4974823,4597,sigi_hmm
NC_017651.1,241409,246323,4914,sigi_hmm
NC_017651.1,290926,309235,18309,sigi_hmm
NC_017651.1,334604,350247,15643,sigi_hmm
NC_017651.1,372348,378711,6363,sigi_hmm
NC_017651.1,386375,395140,8765,sigi_hmm
NC_017651.1,401979,406415,4436,sigi_hmm
NC_017651.1,411083,417648,6565,sigi_hmm
NC_017651.1,1087648,1102899,15251,sigi_hmm
NC_017651.1,1131954,1140791,8837,sigi_hmm
NC_017651.1,1143383,1156728,13345,sigi_hmm
NC_017651.1,1159990,1164763,4773,sigi_hmm
NC_017651.1,1175263,1190593,15330,sigi_hmm
NC_017651.1,1293435,1300661,7226,sigi_hmm
NC_017651.1,1304222,1309994,5772,sigi_hmm
NC_017651.1,1346686,1352216,5530,sigi_hmm
NC_017651.1,1353940,1359438,5498,sigi_hmm
NC_017651.1,1395114,1403847,8733,sigi_hmm
NC_017651.1,1658323,1671146,12823,sigi_hmm
NC_017651.1,1708723,1713050,4327,sigi_hmm
NC_017651.1,1715916,1725896,9980,sigi_hmm
NC_017651.1,1940059,1944569,4510,sigi_hmm
NC_017651.1,2134750,2154905,20155,sigi_hmm
NC_017651.1,2155532,2159557,4025,sigi_hmm
NC_017651.1,2261858,2271218,9360,sigi_hmm
NC_017651.1,2272562,2280151,7589,sigi_hmm
NC_017651.1,2329585,2338889,9304,sigi_hmm
NC_017651.1,2390976,2395691,4715,sigi_hmm
NC_017651.1,2416096,2421514,5418,sigi_hmm
NC_017651.1,2700338,2709886,9548,sigi_hmm
NC_017651.1,3138128,3143605,5477,sigi_hmm
NC_017651.1,3293619,3307372,13753,sigi_hmm
NC_017651.1,3312592,3323616,11024,sigi_hmm
NC_017651.1,3333580,3344946,11366,sigi_hmm
NC_017651.1,3361092,3369024,7932,sigi_hmm
NC_017651.1,3377744,3386316,8572,sigi_hmm
NC_017651.1,3861254,3870681,9427,sigi_hmm
NC_017651.1,4101044,4107192,6148,sigi_hmm
NC_017651.1,4147163,4160475,13312,sigi_hmm
NC_017651.1,4473887,4478037,4150,sigi_hmm
NC_017651.1,4560658,4567134,6476,sigi_hmm
NC_017651.1,4927701,4947433,19732,sigi_hmm
NC_017651.1,4970226,4974823,4597,sigi_hmm
NC_017461.1,14175,20027,5852,sigi_hmm
NC_017461.1,57479,62501,5022,sigi_hmm
NC_017461.1,74457,85922,11465,sigi_hmm
NC_017461.1,608989,616808,7819,sigi_hmm
NC_017461.1,628249,633118,4869,sigi_hmm
NC_017461.1,1308846,1315053,6207,sigi_hmm
NC_017635.1,151022,157550,6528,sigi_hmm
NC_017635.1,234719,240881,6162,sigi_hmm
NC_017635.1,293561,298059,4498,sigi_hmm
NC_017635.1,803533,808736,5203,sigi_hmm
NC_017635.1,960593,964594,4001,sigi_hmm
NC_017635.1,1195057,1203249,8192,sigi_hmm
NC_017635.1,1305554,1312661,7107,sigi_hmm
NC_017635.1,1511367,1515962,4595,sigi_hmm
NC_017635.1,1535071,1541454,6383,sigi_hmm
NC_017635.1,1688553,1692879,4326,sigi_hmm
NC_017635.1,1695740,1704822,9082,sigi_hmm
NC_017635.1,1777041,1794781,17740,sigi_hmm
NC_017635.1,2208268,2215883,7615,sigi_hmm
NC_017635.1,2241486,2250772,9286,sigi_hmm
NC_017635.1,2355552,2361389,5837,sigi_hmm
NC_017635.1,2618292,2628918,10626,sigi_hmm
NC_017635.1,2636976,2644394,7418,sigi_hmm
NC_017635.1,2646215,2654646,8431,sigi_hmm
NC_017635.1,2655926,2660542,4616,sigi_hmm
NC_017635.1,2665097,2674645,9548,sigi_hmm
NC_017635.1,2927054,2932278,5224,sigi_hmm
NC_017635.1,3113058,3118444,5386,sigi_hmm
NC_017635.1,3177637,3195811,18174,sigi_hmm
NC_017635.1,3400084,3405569,5485,sigi_hmm
NC_017635.1,4004863,4011011,6148,sigi_hmm
NC_017635.1,4043035,4055930,12895,sigi_hmm
NC_017635.1,4767283,4784687,17404,sigi_hmm
NC_017635.1,4794009,4807470,13461,sigi_hmm
NC_009921.1,1743476,1757260,13784,sigi_hmm
NC_009921.1,1820227,1827245,7018,sigi_hmm
NC_009921.1,2571283,2587519,16236,sigi_hmm
NC_009921.1,3077373,3082217,4844,sigi_hmm
NC_009921.1,4765455,4772638,7183,sigi_hmm
NC_008278.1,2937355,2944489,7134,sigi_hmm
NC_006510.1,547771,562122,14351,sigi_hmm
NC_016593.1,264534,269388,4854,sigi_hmm
NC_016593.1,278610,283641,5031,sigi_hmm
NC_016593.1,294713,302233,7520,sigi_hmm
NC_016593.1,363630,377582,13952,sigi_hmm
NC_016593.1,603315,621600,18285,sigi_hmm
NC_016593.1,625253,629570,4317,sigi_hmm
NC_016593.1,631517,641141,9624,sigi_hmm
NC_016593.1,769171,777101,7930,sigi_hmm
NC_016593.1,786841,792477,5636,sigi_hmm
NC_016593.1,829279,836110,6831,sigi_hmm
NC_016593.1,980972,989126,8154,sigi_hmm
NC_016593.1,990463,994933,4470,sigi_hmm
NC_016593.1,1478300,1496696,18396,sigi_hmm
NC_016593.1,1533682,1542839,9157,sigi_hmm
NC_016593.1,1716288,1721088,4800,sigi_hmm
NC_016593.1,1819775,1827187,7412,sigi_hmm
NC_016593.1,1827560,1837925,10365,sigi_hmm
NC_016593.1,2232665,2240332,7667,sigi_hmm
NC_016593.1,2376641,2383033,6392,sigi_hmm
NC_016593.1,2454534,2468627,14093,sigi_hmm
NC_016593.1,2856442,2863402,6960,sigi_hmm
NC_016593.1,3122213,3131995,9782,sigi_hmm
NC_016593.1,3263467,3269966,6499,sigi_hmm
NC_016593.1,3407381,3417545,10164,sigi_hmm
NC_016593.1,3424724,3432846,8122,sigi_hmm
NC_017033.1,284548,288785,4237,sigi_hmm
NC_017033.1,693594,699603,6009,sigi_hmm
NC_017033.1,1054169,1074501,20332,sigi_hmm
NC_017033.1,1314935,1322422,7487,sigi_hmm
NC_017033.1,1329475,1335725,6250,sigi_hmm
NC_017033.1,1533469,1538997,5528,sigi_hmm
NC_017033.1,1556304,1561660,5356,sigi_hmm
NC_017033.1,1564207,1569317,5110,sigi_hmm
NC_017033.1,1679561,1685333,5772,sigi_hmm
NC_017033.1,2086381,2095400,9019,sigi_hmm
NC_017033.1,2398626,2406377,7751,sigi_hmm
NC_017033.1,2764198,2777568,13370,sigi_hmm
NC_017033.1,3025458,3031490,6032,sigi_hmm
NC_017033.1,3321828,3327169,5341,sigi_hmm
NC_002939.4,823876,829048,5172,sigi_hmm
NC_011146.1,70364,74794,4430,sigi_hmm
NC_011146.1,396590,401352,4762,sigi_hmm
NC_011146.1,457840,461985,4145,sigi_hmm
NC_011146.1,491371,500102,8731,sigi_hmm
NC_011146.1,914384,921348,6964,sigi_hmm
NC_011146.1,1438290,1442334,4044,sigi_hmm
NC_011146.1,2029402,2035192,5790,sigi_hmm
NC_011146.1,2208046,2228190,20144,sigi_hmm
NC_011146.1,2489570,2496989,7419,sigi_hmm
NC_011146.1,2621042,2625432,4390,sigi_hmm
NC_011146.1,3386551,3391167,4616,sigi_hmm
NC_011146.1,3434034,3446693,12659,sigi_hmm
NC_011146.1,3458762,3465995,7233,sigi_hmm
NC_011146.1,3544167,3549833,5666,sigi_hmm
NC_015497.1,431161,436675,5514,sigi_hmm
NC_015497.1,1314056,1322293,8237,sigi_hmm
NC_015497.1,1910197,1915007,4810,sigi_hmm
NC_015497.1,2201572,2209981,8409,sigi_hmm
NC_015497.1,4689756,4699736,9980,sigi_hmm
NC_010125.1,1062475,1068151,5676,sigi_hmm
NC_011365.1,1771161,1778040,6879,sigi_hmm
NC_011365.1,3095700,3108627,12927,sigi_hmm
NC_016631.1,1254367,1259121,4754,sigi_hmm
NC_016631.1,1288979,1294117,5138,sigi_hmm
NC_016631.1,1301226,1306187,4961,sigi_hmm
NC_016631.1,1557542,1561804,4262,sigi_hmm
NC_016631.1,1629032,1634018,4986,sigi_hmm
NC_016631.1,1648552,1652808,4256,sigi_hmm
NC_016631.1,1984925,1989685,4760,sigi_hmm
NC_016631.1,2057020,2072880,15860,sigi_hmm
NC_016631.1,2122418,2135568,13150,sigi_hmm
NC_016631.1,2138890,2156559,17669,sigi_hmm
NC_016631.1,2602494,2607252,4758,sigi_hmm
NC_016631.1,3003395,3008354,4959,sigi_hmm
NC_016631.1,3127313,3139193,11880,sigi_hmm
NC_016631.1,3166237,3171222,4985,sigi_hmm
NC_016631.1,3669868,3673888,4020,sigi_hmm
NC_016631.1,3677041,3683664,6623,sigi_hmm
NC_016631.1,3684961,3689452,4491,sigi_hmm
NC_016631.1,3692346,3696978,4632,sigi_hmm
NC_016631.1,4133907,4140056,6149,sigi_hmm
NC_016631.1,4638337,4643360,5023,sigi_hmm
NC_016631.1,4743013,4749382,6369,sigi_hmm
NC_016631.1,5318579,5323161,4582,sigi_hmm
NC_016631.1,5442355,5447099,4744,sigi_hmm
NC_016631.1,5900412,5905353,4941,sigi_hmm
NC_016631.1,6093347,6097736,4389,sigi_hmm
NC_008343.1,2002116,2006493,4377,sigi_hmm
NC_009567.1,915925,923684,7759,sigi_hmm
NC_011852.1,781598,786250,4652,sigi_hmm
NC_010519.1,1005832,1012604,6772,sigi_hmm
NC_007645.1,1905656,1909704,4048,sigi_hmm
NC_017451.1,571038,576159,5121,sigi_hmm
NC_017668.1,635122,647046,11924,sigi_hmm
NC_017668.1,663050,674771,11721,sigi_hmm
NC_017668.1,977580,986595,9015,sigi_hmm
NC_017668.1,1002171,1006564,4393,sigi_hmm
NC_017668.1,1395286,1402965,7679,sigi_hmm
NC_017668.1,1415947,1422169,6222,sigi_hmm
NC_017668.1,1500148,1504317,4169,sigi_hmm
NC_017668.1,1513055,1522152,9097,sigi_hmm
NC_017668.1,1523567,1529153,5586,sigi_hmm
NC_017668.1,1531995,1537182,5187,sigi_hmm
NC_017668.1,1619665,1626435,6770,sigi_hmm
NC_017668.1,3344850,3358551,13701,sigi_hmm
NC_017668.1,3621950,3632746,10796,sigi_hmm
NC_017668.1,3649319,3658225,8906,sigi_hmm
NC_017668.1,3658980,3667479,8499,sigi_hmm
NC_017668.1,4014252,4019137,4885,sigi_hmm
NC_016809.1,119419,124943,5524,sigi_hmm
NC_016809.1,132444,140347,7903,sigi_hmm
NC_016809.1,357152,365879,8727,sigi_hmm
NC_016809.1,380109,384403,4294,sigi_hmm
NC_016809.1,397587,403049,5462,sigi_hmm
NC_016809.1,569810,573967,4157,sigi_hmm
NC_016809.1,1781165,1787400,6235,sigi_hmm
NC_017455.1,1529709,1535942,6233,sigi_hmm
NC_010364.1,794710,806269,11559,sigi_hmm
NC_017459.1,1366866,1371177,4311,sigi_hmm
NC_009138.1,674506,701623,27117,sigi_hmm
NC_009138.1,783533,789128,5595,sigi_hmm
NC_017161.1,12325,20268,7943,sigi_hmm
NC_013174.1,829789,836693,6904,sigi_hmm
NC_017540.1,156243,160521,4278,sigi_hmm
NC_017540.1,330359,346202,15843,sigi_hmm
NC_017540.1,353094,357993,4899,sigi_hmm
NC_017540.1,359532,364371,4839,sigi_hmm
NC_017540.1,1076706,1086565,9859,sigi_hmm
NC_017540.1,1533474,1539600,6126,sigi_hmm
NC_017540.1,1709169,1713616,4447,sigi_hmm
NC_017540.1,2419028,2425996,6968,sigi_hmm
NC_017540.1,2750810,2762633,11823,sigi_hmm
NC_017540.1,3164366,3170376,6010,sigi_hmm
NC_017540.1,3172340,3179748,7408,sigi_hmm
NC_017540.1,3215290,3219383,4093,sigi_hmm
NC_017540.1,3220445,3226100,5655,sigi_hmm
NC_017540.1,3237680,3248851,11171,sigi_hmm
NC_017540.1,3745104,3752403,7299,sigi_hmm
NC_017540.1,3880354,3884957,4603,sigi_hmm
NC_017540.1,4139791,4153461,13670,sigi_hmm
NC_017540.1,4759083,4763550,4467,sigi_hmm
NC_009648.1,1551714,1555840,4126,sigi_hmm
NC_009648.1,1581588,1586819,5231,sigi_hmm
NC_009648.1,4945096,4951533,6437,sigi_hmm
NC_009648.1,5140877,5157768,16891,sigi_hmm
NC_010617.1,782767,815728,32961,sigi_hmm
NC_011283.1,1184623,1195444,10821,sigi_hmm
NC_011283.1,2110411,2115850,5439,sigi_hmm
NC_011283.1,2864801,2892242,27441,sigi_hmm
NC_011283.1,2895642,2903852,8210,sigi_hmm
NC_011283.1,2904462,2908866,4404,sigi_hmm
NC_011283.1,3388156,3393232,5076,sigi_hmm
NC_011283.1,3413548,3423709,10161,sigi_hmm
NC_011283.1,4449198,4474508,25310,sigi_hmm
NC_011283.1,4978891,4990914,12023,sigi_hmm
NC_017470.1,95810,101397,5587,sigi_hmm
NC_017470.1,243525,248384,4859,sigi_hmm
NC_017470.1,727224,731706,4482,sigi_hmm
NC_017470.1,1680886,1690551,9665,sigi_hmm
NC_017470.1,1691661,1698019,6358,sigi_hmm
NC_017470.1,1710652,1716121,5469,sigi_hmm
NC_017464.1,1384359,1392480,8121,sigi_hmm
NC_017384.1,252648,281879,29231,sigi_hmm
NC_017384.1,753929,758669,4740,sigi_hmm
NC_017384.1,787951,801990,14039,sigi_hmm
NC_017384.1,1499553,1508241,8688,sigi_hmm
NC_017384.1,1534694,1539910,5216,sigi_hmm
NC_017384.1,1694506,1703117,8611,sigi_hmm
NC_016612.1,32730,47660,14930,sigi_hmm
NC_016612.1,49872,54394,4522,sigi_hmm
NC_016612.1,445706,453093,7387,sigi_hmm
NC_016612.1,459588,465117,5529,sigi_hmm
NC_016612.1,490855,495354,4499,sigi_hmm
NC_016612.1,2018525,2031094,12569,sigi_hmm
NC_016612.1,2045869,2050411,4542,sigi_hmm
NC_016612.1,2941388,2945694,4306,sigi_hmm
NC_016612.1,3330103,3336533,6430,sigi_hmm
NC_016612.1,3351404,3355774,4370,sigi_hmm
NC_016612.1,3369073,3373277,4204,sigi_hmm
NC_016612.1,4129005,4133455,4450,sigi_hmm
NC_016612.1,4627370,4631466,4096,sigi_hmm
NC_016612.1,4828306,4838140,9834,sigi_hmm
NC_016612.1,5241441,5249437,7996,sigi_hmm
NC_016612.1,5265568,5269851,4283,sigi_hmm
NC_016612.1,5278218,5287097,8879,sigi_hmm
NC_016612.1,5303678,5311651,7973,sigi_hmm
NC_016612.1,5416280,5429049,12769,sigi_hmm
NC_010999.1,2844803,2848942,4139,sigi_hmm
NC_014724.1,20709,25928,5219,sigi_hmm
NC_014724.1,106025,110038,4013,sigi_hmm
NC_014724.1,267307,272185,4878,sigi_hmm
NC_014724.1,1647801,1653799,5998,sigi_hmm
NC_014724.1,1817852,1828870,11018,sigi_hmm
NC_014724.1,1841180,1850215,9035,sigi_hmm
NC_014724.1,1871232,1876702,5470,sigi_hmm
NC_008054.1,209936,218328,8392,sigi_hmm
NC_008054.1,1508502,1514548,6046,sigi_hmm
NC_017491.1,1992515,2003042,10527,sigi_hmm
NC_017491.1,2530889,2535437,4548,sigi_hmm
NC_017477.1,1544944,1550370,5426,sigi_hmm
NC_017477.1,1834399,1841454,7055,sigi_hmm
NC_017482.1,399709,411930,12221,sigi_hmm
NC_017482.1,413225,417473,4248,sigi_hmm
NC_017482.1,637259,641277,4018,sigi_hmm
NC_017482.1,1100767,1105506,4739,sigi_hmm
NC_017482.1,1112418,1116577,4159,sigi_hmm
NC_017482.1,1552616,1560450,7834,sigi_hmm
NC_017482.1,2033078,2037196,4118,sigi_hmm
NC_017482.1,2093383,2100991,7608,sigi_hmm
NC_017481.1,299386,306728,7342,sigi_hmm
NC_017481.1,1465878,1471243,5365,sigi_hmm
NC_017481.1,1636722,1643493,6771,sigi_hmm
NC_017490.1,1118445,1125650,7205,sigi_hmm
NC_017490.1,1278936,1283399,4463,sigi_hmm
NC_017490.1,1373904,1378620,4716,sigi_hmm
NC_017490.1,1415515,1419953,4438,sigi_hmm
NC_017492.1,94108,100463,6355,sigi_hmm
NC_017492.1,2111920,2120171,8251,sigi_hmm
NC_017492.1,2353096,2359060,5964,sigi_hmm
NC_017486.1,36265,41092,4827,sigi_hmm
NC_017486.1,2274556,2280681,6125,sigi_hmm
NC_012559.1,1598862,1604857,5995,sigi_hmm
NC_017474.1,357218,362929,5711,sigi_hmm
NC_017474.1,570891,575062,4171,sigi_hmm
NC_017474.1,622561,626569,4008,sigi_hmm
NC_017474.1,1241851,1247962,6111,sigi_hmm
NC_017474.1,1378848,1384532,5684,sigi_hmm
NC_017465.1,113197,120663,7466,sigi_hmm
NC_017465.1,760059,765575,5516,sigi_hmm
NC_017465.1,776781,781750,4969,sigi_hmm
NC_017465.1,784632,789160,4528,sigi_hmm
NC_017465.1,797958,808396,10438,sigi_hmm
NC_017465.1,814528,825623,11095,sigi_hmm
NC_017465.1,867767,872052,4285,sigi_hmm
NC_017465.1,1205970,1210148,4178,sigi_hmm
NC_017465.1,1393627,1405373,11746,sigi_hmm
NC_017465.1,1612163,1619188,7025,sigi_hmm
NC_017465.1,2034393,2039930,5537,sigi_hmm
NC_017469.1,213604,218737,5133,sigi_hmm
NC_017469.1,1084809,1102135,17326,sigi_hmm
NC_017469.1,1678117,1689941,11824,sigi_hmm
NC_017469.1,1756553,1761572,5019,sigi_hmm
NC_017473.1,632658,636666,4008,sigi_hmm
NC_017473.1,888940,896466,7526,sigi_hmm
NC_017473.1,1347959,1353643,5684,sigi_hmm
NC_017473.1,2804648,2808787,4139,sigi_hmm
NC_017467.1,479188,489577,10389,sigi_hmm
NC_017467.1,685242,690239,4997,sigi_hmm
NC_017467.1,1762482,1769660,7178,sigi_hmm
NC_017467.1,2007674,2012185,4511,sigi_hmm
NC_017467.1,2018685,2023598,4913,sigi_hmm
NC_010842.1,2257491,2323354,65863,sigi_hmm
NC_010602.1,2257395,2317968,60573,sigi_hmm
NC_017545.1,78533,84677,6144,sigi_hmm
NC_017537.1,72699,94093,21394,sigi_hmm
NC_017537.1,95410,107030,11620,sigi_hmm
NC_017537.1,2168613,2175284,6671,sigi_hmm
NC_017529.1,72699,94093,21394,sigi_hmm
NC_017529.1,95307,107030,11723,sigi_hmm
NC_017529.1,2170668,2177339,6671,sigi_hmm
NC_017529.1,2417511,2426577,9066,sigi_hmm
NC_017094.1,350019,354106,4087,sigi_hmm
NC_017094.1,360376,365426,5050,sigi_hmm
NC_017094.1,783327,787776,4449,sigi_hmm
NC_017094.1,1584197,1592490,8293,sigi_hmm
NC_017094.1,2333363,2346218,12855,sigi_hmm
NC_017094.1,2350795,2357828,7033,sigi_hmm
NC_017094.1,2484376,2494137,9761,sigi_hmm
NC_017547.1,74780,80705,5925,sigi_hmm
NC_017547.1,146820,152263,5443,sigi_hmm
NC_017728.1,476530,480660,4130,sigi_hmm
NC_017728.1,2843320,2849348,6028,sigi_hmm
NC_017544.1,71408,76522,5114,sigi_hmm
NC_017546.1,332793,337097,4304,sigi_hmm
NC_017546.1,2401063,2405185,4122,sigi_hmm
NC_017546.1,2415107,2419294,4187,sigi_hmm
NC_008347.1,2358182,2362894,4712,sigi_hmm
NC_009654.1,1198739,1203188,4449,sigi_hmm
NC_009654.1,3258714,3262873,4159,sigi_hmm
NC_016751.1,317804,322219,4415,sigi_hmm
NC_016751.1,733326,738264,4938,sigi_hmm
NC_016751.1,1244192,1249711,5519,sigi_hmm
NC_017506.1,2408,43064,40656,sigi_hmm
NC_017506.1,45368,65507,20139,sigi_hmm
NC_017506.1,66969,81820,14851,sigi_hmm
NC_017506.1,100830,111523,10693,sigi_hmm
NC_017506.1,126110,131818,5708,sigi_hmm
NC_017506.1,152892,157226,4334,sigi_hmm
NC_017506.1,975973,987056,11083,sigi_hmm
NC_017506.1,1011422,1015847,4425,sigi_hmm
NC_017506.1,1110705,1115383,4678,sigi_hmm
NC_017506.1,1129751,1137019,7268,sigi_hmm
NC_017506.1,1235602,1253907,18305,sigi_hmm
NC_017506.1,1513901,1520963,7062,sigi_hmm
NC_017506.1,1789239,1795841,6602,sigi_hmm
NC_017506.1,2019160,2026790,7630,sigi_hmm
NC_017506.1,2032336,2046359,14023,sigi_hmm
NC_017506.1,2110128,2114645,4517,sigi_hmm
NC_017506.1,2514442,2531007,16565,sigi_hmm
NC_017506.1,3003212,3011499,8287,sigi_hmm
NC_017506.1,3256238,3262359,6121,sigi_hmm
NC_017506.1,3722390,3734760,12370,sigi_hmm
NC_017506.1,3832079,3842020,9941,sigi_hmm
NC_017506.1,4387208,4394268,7060,sigi_hmm
NC_017506.1,4400371,4408872,8501,sigi_hmm
NC_017527.1,945947,950377,4430,sigi_hmm
NC_017527.1,1084951,1089282,4331,sigi_hmm
NC_017527.1,1187549,1198197,10648,sigi_hmm
NC_017527.1,1282638,1294796,12158,sigi_hmm
NC_017527.1,1836231,1841788,5557,sigi_hmm
NC_017527.1,1851087,1855133,4046,sigi_hmm
NC_017527.1,2011689,2016050,4361,sigi_hmm
NC_017527.1,2311946,2316642,4696,sigi_hmm
NC_017527.1,2365609,2377979,12370,sigi_hmm
NC_017034.1,410860,418562,7702,sigi_hmm
NC_017034.1,1074848,1079195,4347,sigi_hmm
NC_017034.1,1152571,1159089,6518,sigi_hmm
NC_017034.1,1360413,1372380,11967,sigi_hmm
NC_017034.1,1378589,1385608,7019,sigi_hmm
NC_017034.1,1435425,1440183,4758,sigi_hmm
NC_017034.1,1892150,1898749,6599,sigi_hmm
NC_017034.1,2194355,2198521,4166,sigi_hmm
NC_003901.1,674599,681043,6444,sigi_hmm
NC_002678.2,931870,937593,5723,sigi_hmm
NC_011832.1,920438,926149,5711,sigi_hmm
NC_011832.1,946009,955038,9029,sigi_hmm
NC_011832.1,1145958,1151683,5725,sigi_hmm
NC_011832.1,1289399,1293802,4403,sigi_hmm
NC_011832.1,1405195,1417001,11806,sigi_hmm
NC_011832.1,2679017,2683712,4695,sigi_hmm
NC_010511.1,1305688,1313489,7801,sigi_hmm
NC_008825.1,1281107,1289043,7936,sigi_hmm
NC_008825.1,2900099,2908157,8058,sigi_hmm
NC_017857.1,357177,369875,12698,sigi_hmm
NC_017857.1,847620,855809,8189,sigi_hmm
NC_017857.1,1006141,1014176,8035,sigi_hmm
NC_017857.1,1114513,1126337,11824,sigi_hmm
NC_017857.1,1849687,1856793,7106,sigi_hmm
NC_017857.1,1861009,1874562,13553,sigi_hmm
NC_017857.1,1884921,1889781,4860,sigi_hmm
NC_017857.1,1988725,2013894,25169,sigi_hmm
NC_017857.1,2646260,2650909,4649,sigi_hmm
NC_017856.1,799833,807804,7971,sigi_hmm
NC_017856.1,956400,985614,29214,sigi_hmm
NC_017856.1,987808,1001311,13503,sigi_hmm
NC_017856.1,1442762,1446866,4104,sigi_hmm
NC_017856.1,1491101,1497425,6324,sigi_hmm
NC_017856.1,1535999,1542619,6620,sigi_hmm
NC_017856.1,1547050,1560297,13247,sigi_hmm
NC_017856.1,1583413,1591191,7778,sigi_hmm
NC_011894.1,3576507,3591646,15139,sigi_hmm
NC_002944.2,1886873,1893345,6472,sigi_hmm
NC_002944.2,3012199,3016801,4602,sigi_hmm
NC_017528.1,1102605,1107082,4477,sigi_hmm
NC_017528.1,3277499,3284701,7202,sigi_hmm
NC_016804.1,1102571,1107044,4473,sigi_hmm
NC_016804.1,2180239,2185157,4918,sigi_hmm
NC_016804.1,3242194,3247199,5005,sigi_hmm
NC_016804.1,3410912,3415140,4228,sigi_hmm
NC_016768.1,2712280,2719289,7009,sigi_hmm
NC_016768.1,3302425,3306898,4473,sigi_hmm
NC_017524.1,1102230,1106703,4473,sigi_hmm
NC_017524.1,1689988,1698356,8368,sigi_hmm
NC_017524.1,2192277,2197195,4918,sigi_hmm
NC_016947.1,28389,35474,7085,sigi_hmm
NC_016947.1,672384,680111,7727,sigi_hmm
NC_016947.1,684698,690515,5817,sigi_hmm
NC_016947.1,1071793,1075919,4126,sigi_hmm
NC_016947.1,1178031,1182306,4275,sigi_hmm
NC_016947.1,1316378,1339039,22661,sigi_hmm
NC_016947.1,1461531,1471709,10178,sigi_hmm
NC_016947.1,1482215,1517377,35162,sigi_hmm
NC_016947.1,1560995,1578349,17354,sigi_hmm
NC_016947.1,1918424,1923042,4618,sigi_hmm
NC_016947.1,1939956,1945190,5234,sigi_hmm
NC_016947.1,2216547,2233072,16525,sigi_hmm
NC_016947.1,2383395,2395355,11960,sigi_hmm
NC_016947.1,2409188,2439479,30291,sigi_hmm
NC_016947.1,2639782,2647009,7227,sigi_hmm
NC_016947.1,2654035,2663540,9505,sigi_hmm
NC_016947.1,3320214,3325273,5059,sigi_hmm
NC_016947.1,3327633,3346229,18596,sigi_hmm
NC_016947.1,4064445,4069791,5346,sigi_hmm
NC_016947.1,4193048,4202178,9130,sigi_hmm
NC_016947.1,4211982,4221665,9683,sigi_hmm
NC_016947.1,4775496,4779742,4246,sigi_hmm
NC_017523.1,1098028,1102501,4473,sigi_hmm
NC_017523.1,1690158,1697941,7783,sigi_hmm
NC_017523.1,2181124,2185539,4415,sigi_hmm
NC_017522.1,1097961,1102434,4473,sigi_hmm
NC_017522.1,1689990,1696537,6547,sigi_hmm
NC_017522.1,2180216,2184631,4415,sigi_hmm
NC_017503.1,700965,705786,4821,sigi_hmm
NC_017503.1,708176,713935,5759,sigi_hmm
NC_017503.1,714435,721228,6793,sigi_hmm
NC_017503.1,929069,934331,5262,sigi_hmm
NC_017502.1,364219,369681,5462,sigi_hmm
NC_017502.1,370958,388194,17236,sigi_hmm
NC_017502.1,963174,969100,5926,sigi_hmm
NC_017504.1,107250,111333,4083,sigi_hmm
NC_017504.1,341999,346050,4051,sigi_hmm
NC_017504.1,433756,437900,4144,sigi_hmm
NC_016948.1,28390,35400,7010,sigi_hmm
NC_016948.1,427086,435214,8128,sigi_hmm
NC_016948.1,684701,702085,17384,sigi_hmm
NC_016948.1,1080919,1089269,8350,sigi_hmm
NC_016948.1,1189600,1193875,4275,sigi_hmm
NC_016948.1,1702042,1726565,24523,sigi_hmm
NC_016948.1,1731122,1739908,8786,sigi_hmm
NC_016948.1,1764162,1779867,15705,sigi_hmm
NC_016948.1,1781064,1786047,4983,sigi_hmm
NC_016948.1,1790147,1798280,8133,sigi_hmm
NC_016948.1,1800918,1805219,4301,sigi_hmm
NC_016948.1,1828942,1834723,5781,sigi_hmm
NC_016948.1,1839604,1847256,7652,sigi_hmm
NC_016948.1,2041834,2048559,6725,sigi_hmm
NC_016948.1,2136581,2144887,8306,sigi_hmm
NC_016948.1,2512193,2520892,8699,sigi_hmm
NC_016948.1,2527918,2537424,9506,sigi_hmm
NC_016948.1,2938472,2957894,19422,sigi_hmm
NC_016948.1,2961298,2971586,10288,sigi_hmm
NC_016948.1,2973434,2979857,6423,sigi_hmm
NC_016948.1,2988722,2993333,4611,sigi_hmm
NC_016948.1,3030649,3040920,10271,sigi_hmm
NC_016948.1,3050966,3055516,4550,sigi_hmm
NC_016948.1,3108553,3137673,29120,sigi_hmm
NC_016948.1,3400686,3421414,20728,sigi_hmm
NC_016948.1,3482279,3486330,4051,sigi_hmm
NC_016948.1,3732053,3737164,5111,sigi_hmm
NC_016948.1,4186389,4193893,7504,sigi_hmm
NC_016948.1,4316349,4326931,10582,sigi_hmm
NC_016948.1,4409129,4413575,4446,sigi_hmm
NC_008767.1,619985,624457,4472,sigi_hmm
NC_011035.1,579473,586344,6871,sigi_hmm
NC_011035.1,844210,849892,5682,sigi_hmm
NC_003112.2,529139,535733,6594,sigi_hmm
NC_003112.2,2227348,2233463,6115,sigi_hmm
NC_003116.1,1208726,1213067,4341,sigi_hmm
NC_009662.1,1688005,1700843,12838,sigi_hmm
NC_017513.1,55731,62411,6680,sigi_hmm
NC_017513.1,865141,869317,4176,sigi_hmm
NC_017513.1,1902930,1907130,4200,sigi_hmm
NC_017512.1,160464,165645,5181,sigi_hmm
NC_017512.1,1566670,1574023,7353,sigi_hmm
NC_017512.1,2187684,2194367,6683,sigi_hmm
NC_017505.1,55272,62801,7529,sigi_hmm
NC_017516.1,370783,375187,4404,sigi_hmm
NC_017516.1,1273174,1277197,4023,sigi_hmm
NC_017517.1,60354,67033,6679,sigi_hmm
NC_017517.1,942304,965042,22738,sigi_hmm
NC_017517.1,2139509,2145355,5846,sigi_hmm
NC_017515.1,49931,54914,4983,sigi_hmm
NC_017515.1,63089,69791,6702,sigi_hmm
NC_017515.1,1814151,1822114,7963,sigi_hmm
NC_017511.1,526442,535579,9137,sigi_hmm
NC_017511.1,552159,562594,10435,sigi_hmm
NC_017511.1,1169494,1173660,4166,sigi_hmm
NC_017511.1,1263453,1271755,8302,sigi_hmm
NC_017511.1,1353064,1359152,6088,sigi_hmm
NC_017511.1,1476464,1481977,5513,sigi_hmm
NC_017511.1,1517934,1528627,10693,sigi_hmm
NC_017511.1,1890113,1898459,8346,sigi_hmm
NC_017518.1,309830,318191,8361,sigi_hmm
NC_017518.1,606786,612098,5312,sigi_hmm
NC_017518.1,681318,686885,5567,sigi_hmm
NC_017518.1,1147148,1152465,5317,sigi_hmm
NC_016641.1,112872,122145,9273,sigi_hmm
NC_016641.1,381494,386082,4588,sigi_hmm
NC_016641.1,388463,393487,5024,sigi_hmm
NC_016641.1,432133,437017,4884,sigi_hmm
NC_016641.1,447973,455622,7649,sigi_hmm
NC_016641.1,842202,846737,4535,sigi_hmm
NC_016641.1,847418,858616,11198,sigi_hmm
NC_016641.1,937079,941727,4648,sigi_hmm
NC_016641.1,1353853,1357863,4010,sigi_hmm
NC_016641.1,1771607,1775985,4378,sigi_hmm
NC_016641.1,1990528,1996567,6039,sigi_hmm
NC_016641.1,2031058,2036769,5711,sigi_hmm
NC_016641.1,2038121,2042153,4032,sigi_hmm
NC_016641.1,2289134,2295921,6787,sigi_hmm
NC_016641.1,2333921,2338128,4207,sigi_hmm
NC_016641.1,2590241,2601224,10983,sigi_hmm
NC_016641.1,2915613,2919667,4054,sigi_hmm
NC_016641.1,4024907,4031280,6373,sigi_hmm
NC_016641.1,4185608,4191681,6073,sigi_hmm
NC_016641.1,4431792,4436760,4968,sigi_hmm
NC_016641.1,4439589,4443983,4394,sigi_hmm
NC_016641.1,4727323,4734583,7260,sigi_hmm
NC_016641.1,4864123,4868577,4454,sigi_hmm
NC_016641.1,5679814,5688392,8578,sigi_hmm
NC_016641.1,5732213,5738953,6740,sigi_hmm
NC_016641.1,5830510,5839892,9382,sigi_hmm
NC_017554.1,158498,162980,4482,sigi_hmm
NC_017554.1,681064,686019,4955,sigi_hmm
NC_017554.1,830712,848920,18208,sigi_hmm
NC_017554.1,1175153,1193029,17876,sigi_hmm
NC_017554.1,1687956,1699221,11265,sigi_hmm
NC_017554.1,2512383,2517860,5477,sigi_hmm
NC_017554.1,2688199,2706229,18030,sigi_hmm
NC_017554.1,2753886,2758364,4478,sigi_hmm
NC_017554.1,2778417,2783160,4743,sigi_hmm
NC_017554.1,3082050,3088687,6637,sigi_hmm
NC_017554.1,3376144,3383752,7608,sigi_hmm
NC_017554.1,3951729,3958480,6751,sigi_hmm
NC_017554.1,3961602,3975748,14146,sigi_hmm
NC_017554.1,4174559,4179821,5262,sigi_hmm
NC_017554.1,4407232,4413641,6409,sigi_hmm
NC_017027.1,51910,56136,4226,sigi_hmm
NC_017027.1,71648,75653,4005,sigi_hmm
NC_017027.1,912245,916334,4089,sigi_hmm
NC_017027.1,1491271,1495520,4249,sigi_hmm
NC_017027.1,2189676,2195116,5440,sigi_hmm
NC_009615.1,499557,505476,5919,sigi_hmm
NC_009615.1,2520580,2528612,8032,sigi_hmm
NC_009615.1,2593619,2598490,4871,sigi_hmm
NC_009615.1,2602686,2612030,9344,sigi_hmm
NC_009615.1,3494019,3501432,7413,sigi_hmm
NC_009615.1,3927822,3935525,7703,sigi_hmm
NC_009615.1,3936402,3946198,9796,sigi_hmm
NC_016808.1,273706,293332,19626,sigi_hmm
NC_016808.1,1686031,1691507,5476,sigi_hmm
NC_017531.1,478394,485553,7159,sigi_hmm
NC_017531.1,515322,524613,9291,sigi_hmm
NC_017531.1,896968,904052,7084,sigi_hmm
NC_017531.1,921219,928140,6921,sigi_hmm
NC_017531.1,1119632,1126298,6666,sigi_hmm
NC_017531.1,1176784,1181415,4631,sigi_hmm
NC_017531.1,1352473,1357940,5467,sigi_hmm
NC_017531.1,1509214,1525649,16435,sigi_hmm
NC_017531.1,2145256,2153403,8147,sigi_hmm
NC_017531.1,2575136,2587425,12289,sigi_hmm
NC_017531.1,2663182,2676096,12914,sigi_hmm
NC_017531.1,3037745,3043039,5294,sigi_hmm
NC_017531.1,3738456,3742736,4280,sigi_hmm
NC_017531.1,4393138,4397588,4450,sigi_hmm
NC_017531.1,4408153,4416517,8364,sigi_hmm
NC_013406.1,2874704,2879959,5255,sigi_hmm
NC_002663.1,1998080,2002487,4407,sigi_hmm
NC_002663.1,2004283,2008494,4211,sigi_hmm
NC_016816.1,158033,162515,4482,sigi_hmm
NC_016816.1,798708,811571,12863,sigi_hmm
NC_016816.1,1155132,1171436,16304,sigi_hmm
NC_016816.1,1552532,1571524,18992,sigi_hmm
NC_016816.1,1688640,1694549,5909,sigi_hmm
NC_016816.1,1860059,1864242,4183,sigi_hmm
NC_016816.1,2517398,2522784,5386,sigi_hmm
NC_016816.1,2692420,2711309,18889,sigi_hmm
NC_016816.1,2788852,2793879,5027,sigi_hmm
NC_016816.1,2929502,2936593,7091,sigi_hmm
NC_016816.1,2962284,2970312,8028,sigi_hmm
NC_016816.1,3338871,3351599,12728,sigi_hmm
NC_016816.1,3962945,3971309,8364,sigi_hmm
NC_016816.1,3981904,3986353,4449,sigi_hmm
NC_016816.1,4136754,4145691,8937,sigi_hmm
NC_016816.1,4200563,4204673,4110,sigi_hmm
NC_017764.1,57906,62204,4298,sigi_hmm
NC_017764.1,70117,85693,15576,sigi_hmm
NC_017764.1,508527,514715,6188,sigi_hmm
NC_017764.1,1691237,1703491,12254,sigi_hmm
NC_012917.1,2369272,2378058,8786,sigi_hmm
NC_016935.1,4455607,4460293,4686,sigi_hmm
NC_017538.1,354573,359082,4509,sigi_hmm
NC_017538.1,373538,385909,12371,sigi_hmm
NC_017538.1,488550,496763,8213,sigi_hmm
NC_017538.1,1351468,1357738,6270,sigi_hmm
NC_017538.1,1747913,1752697,4784,sigi_hmm
NC_017538.1,2009104,2020046,10942,sigi_hmm
NC_017538.1,2025124,2041685,16561,sigi_hmm
NC_017538.1,2386679,2391083,4404,sigi_hmm
NC_017538.1,3113867,3128343,14476,sigi_hmm
NC_017538.1,3129583,3138414,8831,sigi_hmm
NC_017672.1,181611,189094,7483,sigi_hmm
NC_017672.1,527603,533488,5885,sigi_hmm
NC_017672.1,619464,628289,8825,sigi_hmm
NC_017672.1,651322,667226,15904,sigi_hmm
NC_017672.1,698890,705934,7044,sigi_hmm
NC_017672.1,799748,808964,9216,sigi_hmm
NC_017672.1,1064311,1072427,8116,sigi_hmm
NC_017672.1,1209187,1215109,5922,sigi_hmm
NC_017672.1,1315586,1322312,6726,sigi_hmm
NC_017672.1,1377858,1388847,10989,sigi_hmm
NC_017672.1,1390807,1395506,4699,sigi_hmm
NC_017672.1,1405746,1459635,53889,sigi_hmm
NC_017672.1,1593609,1601035,7426,sigi_hmm
NC_017672.1,1648293,1654905,6612,sigi_hmm
NC_017672.1,1668781,1675092,6311,sigi_hmm
NC_017672.1,1690105,1707912,17807,sigi_hmm
NC_017672.1,1728656,1763041,34385,sigi_hmm
NC_017672.1,1870901,1893472,22571,sigi_hmm
NC_017672.1,1895008,1899611,4603,sigi_hmm
NC_017672.1,2074960,2079636,4676,sigi_hmm
NC_017672.1,2222105,2241816,19711,sigi_hmm
NC_017672.1,2245668,2272641,26973,sigi_hmm
NC_017672.1,2277098,2286221,9123,sigi_hmm
NC_017672.1,2323922,2331659,7737,sigi_hmm
NC_017672.1,2335006,2339583,4577,sigi_hmm
NC_017672.1,2344628,2357812,13184,sigi_hmm
NC_017672.1,2360612,2378827,18215,sigi_hmm
NC_017672.1,2409606,2414415,4809,sigi_hmm
NC_017672.1,2419248,2442338,23090,sigi_hmm
NC_017672.1,2447839,2456676,8837,sigi_hmm
NC_017672.1,2461204,2476070,14866,sigi_hmm
NC_017672.1,2549694,2568640,18946,sigi_hmm
NC_017672.1,2572296,2578888,6592,sigi_hmm
NC_017672.1,2587611,2592166,4555,sigi_hmm
NC_017672.1,2611094,2617157,6063,sigi_hmm
NC_017672.1,2676139,2685992,9853,sigi_hmm
NC_017672.1,2996547,3001637,5090,sigi_hmm
NC_017672.1,3237078,3242589,5511,sigi_hmm
NC_017672.1,3644082,3648256,4174,sigi_hmm
NC_017672.1,3657026,3667080,10054,sigi_hmm
NC_017672.1,3687108,3705533,18425,sigi_hmm
NC_017672.1,3896341,3906155,9814,sigi_hmm
NC_017672.1,4064994,4070511,5517,sigi_hmm
NC_017672.1,4092908,4097139,4231,sigi_hmm
NC_017672.1,4109672,4122833,13161,sigi_hmm
NC_017672.1,4178378,4187356,8978,sigi_hmm
NC_017672.1,4198320,4220118,21798,sigi_hmm
NC_017672.1,4230084,4241186,11102,sigi_hmm
NC_017672.1,4252598,4279659,27061,sigi_hmm
NC_017672.1,4345429,4349553,4124,sigi_hmm
NC_017672.1,4359704,4387848,28144,sigi_hmm
NC_017672.1,4389163,4398744,9581,sigi_hmm
NC_017672.1,4486428,4493721,7293,sigi_hmm
NC_017672.1,4500851,4506245,5394,sigi_hmm
NC_017672.1,4519648,4528240,8592,sigi_hmm
NC_017672.1,4928009,4932626,4617,sigi_hmm
NC_017672.1,5123110,5127354,4244,sigi_hmm
NC_017672.1,5138936,5148527,9591,sigi_hmm
NC_017672.1,6544199,6549431,5232,sigi_hmm
NC_017672.1,7087101,7091202,4101,sigi_hmm
NC_017672.1,7161709,7166185,4476,sigi_hmm
NC_017672.1,7465163,7474704,9541,sigi_hmm
NC_017672.1,7922418,7928108,5690,sigi_hmm
NC_017672.1,7930762,7940357,9595,sigi_hmm
NC_017672.1,8046646,8052944,6298,sigi_hmm
NC_017672.1,8139971,8146641,6670,sigi_hmm
NC_017672.1,8298575,8312755,14180,sigi_hmm
NC_017672.1,8430534,8437582,7048,sigi_hmm
NC_017672.1,8757601,8763978,6377,sigi_hmm
NC_011060.1,337395,343593,6198,sigi_hmm
NC_011060.1,519935,545154,25219,sigi_hmm
NC_011060.1,586419,591166,4747,sigi_hmm
NC_011060.1,1541377,1548981,7604,sigi_hmm
NC_011060.1,1687211,1691484,4273,sigi_hmm
NC_011060.1,1909512,1921614,12102,sigi_hmm
NC_011060.1,2109930,2117886,7956,sigi_hmm
NC_011060.1,2595953,2602971,7018,sigi_hmm
NC_011144.1,1615038,1622993,7955,sigi_hmm
NC_017860.1,212791,219180,6389,sigi_hmm
NC_017860.1,425853,430698,4845,sigi_hmm
NC_017860.1,515495,523940,8445,sigi_hmm
NC_017860.1,525013,529217,4204,sigi_hmm
NC_007948.1,367009,374319,7310,sigi_hmm
NC_007948.1,988055,995983,7928,sigi_hmm
NC_007948.1,1417368,1425242,7874,sigi_hmm
NC_007948.1,1702841,1707387,4546,sigi_hmm
NC_007948.1,1976164,1985502,9338,sigi_hmm
NC_007948.1,5032186,5037814,5628,sigi_hmm
NC_017861.1,375927,386789,10862,sigi_hmm
NC_017861.1,795512,799639,4127,sigi_hmm
NC_017861.1,827289,840814,13525,sigi_hmm
NC_017861.1,940110,947671,7561,sigi_hmm
NC_017861.1,1045261,1053061,7800,sigi_hmm
NC_017861.1,1239993,1246471,6478,sigi_hmm
NC_017861.1,1607895,1624337,16442,sigi_hmm
NC_017861.1,1759757,1765610,5853,sigi_hmm
NC_017080.1,59870,82481,22611,sigi_hmm
NC_017080.1,198599,203583,4984,sigi_hmm
NC_017080.1,951211,958765,7554,sigi_hmm
NC_017080.1,1346867,1351984,5117,sigi_hmm
NC_017080.1,2083435,2089627,6192,sigi_hmm
NC_017080.1,2348086,2355020,6934,sigi_hmm
NC_017080.1,2690555,2695942,5387,sigi_hmm
NC_017080.1,3062349,3066654,4305,sigi_hmm
NC_017080.1,3559568,3563844,4276,sigi_hmm
NC_010729.1,1029061,1037696,8635,sigi_hmm
NC_010729.1,1186924,1193278,6354,sigi_hmm
NC_010729.1,2048526,2054789,6263,sigi_hmm
NC_016512.1,863986,868251,4265,sigi_hmm
NC_016512.1,1364948,1383686,18738,sigi_hmm
NC_016511.1,852957,858248,5291,sigi_hmm
NC_016511.1,864610,868875,4265,sigi_hmm
NC_016511.1,1365503,1384238,18735,sigi_hmm
NC_011059.1,1921041,1925836,4795,sigi_hmm
NC_011059.1,1926752,1930773,4021,sigi_hmm
NC_011059.1,2485185,2491029,5844,sigi_hmm
NC_016516.1,855408,859673,4265,sigi_hmm
NC_016516.1,1356393,1375126,18733,sigi_hmm
NC_017534.1,1365898,1386459,20561,sigi_hmm
NC_017550.1,1720651,1739387,18736,sigi_hmm
NC_017550.1,2218009,2222085,4076,sigi_hmm
NC_011770.1,2061056,2065138,4082,sigi_hmm
NC_011770.1,2729900,2737803,7903,sigi_hmm
NC_011770.1,2856425,2861846,5421,sigi_hmm
NC_011770.1,2905378,2912068,6690,sigi_hmm
NC_011770.1,4931593,4938929,7336,sigi_hmm
NC_017548.1,282312,286548,4236,sigi_hmm
NC_017548.1,1459214,1463339,4125,sigi_hmm
NC_017548.1,1473704,1478829,5125,sigi_hmm
NC_017548.1,1483925,1488833,4908,sigi_hmm
NC_017548.1,2493684,2502458,8774,sigi_hmm
NC_017548.1,2590152,2604373,14221,sigi_hmm
NC_017548.1,4494254,4499331,5077,sigi_hmm
NC_017548.1,5980976,5985447,4471,sigi_hmm
NC_017548.1,6299842,6305031,5189,sigi_hmm
NC_012660.1,5798878,5807529,8651,sigi_hmm
NC_012660.1,5809697,5816229,6532,sigi_hmm
NC_016830.1,537455,543497,6042,sigi_hmm
NC_016830.1,964321,969794,5473,sigi_hmm
NC_016830.1,1194081,1202759,8678,sigi_hmm
NC_016830.1,2256164,2262689,6525,sigi_hmm
NC_016830.1,2265351,2272937,7586,sigi_hmm
NC_016830.1,2650805,2656607,5802,sigi_hmm
NC_016830.1,2793072,2798747,5675,sigi_hmm
NC_016830.1,3703468,3711871,8403,sigi_hmm
NC_016830.1,3726607,3730799,4192,sigi_hmm
NC_016830.1,4061690,4070168,8478,sigi_hmm
NC_016830.1,6012688,6019187,6499,sigi_hmm
NC_016830.1,6505682,6513603,7921,sigi_hmm
NC_016830.1,6598001,6602047,4046,sigi_hmm
NC_009656.1,106465,112732,6267,sigi_hmm
NC_009656.1,3151808,3169413,17605,sigi_hmm
NC_002516.2,289562,293798,4236,sigi_hmm
NC_002516.2,677083,681351,4268,sigi_hmm
NC_002516.2,1068193,1072839,4646,sigi_hmm
NC_002516.2,1483123,1489095,5972,sigi_hmm
NC_002516.2,1503568,1516687,13119,sigi_hmm
NC_002516.2,2117897,2122222,4325,sigi_hmm
NC_002516.2,2310357,2317403,7046,sigi_hmm
NC_002516.2,2916158,2922569,6411,sigi_hmm
NC_002516.2,3016675,3025508,8833,sigi_hmm
NC_002516.2,3524161,3528350,4189,sigi_hmm
NC_002516.2,3681500,3685762,4262,sigi_hmm
NC_002516.2,5926134,5930605,4471,sigi_hmm
NC_008463.1,2705011,2710638,5627,sigi_hmm
NC_008463.1,4878789,4882919,4130,sigi_hmm
NC_004129.6,2241205,2247985,6780,sigi_hmm
NC_004129.6,2337851,2349262,11411,sigi_hmm
NC_004129.6,2447193,2452668,5475,sigi_hmm
NC_004129.6,2616406,2625172,8766,sigi_hmm
NC_004129.6,3461943,3479700,17757,sigi_hmm
NC_004129.6,3975017,3980187,5170,sigi_hmm
NC_004129.6,4099630,4107744,8114,sigi_hmm
NC_004129.6,4346688,4356172,9484,sigi_hmm
NC_004129.6,4378344,4383309,4965,sigi_hmm
NC_004129.6,4390913,4397668,6755,sigi_hmm
NC_004129.6,4442993,4448595,5602,sigi_hmm
NC_004129.6,5001116,5005715,4599,sigi_hmm
NC_004129.6,5378616,5384577,5961,sigi_hmm
NC_004129.6,5385798,5407253,21455,sigi_hmm
NC_004129.6,5414388,5458430,44042,sigi_hmm
NC_004129.6,5487797,5493171,5374,sigi_hmm
NC_004129.6,5853314,5870523,17209,sigi_hmm
NC_004129.6,6251196,6256623,5427,sigi_hmm
NC_004129.6,6258326,6276027,17701,sigi_hmm
NC_017549.1,55949,61871,5922,sigi_hmm
NC_017549.1,321775,332232,10457,sigi_hmm
NC_017549.1,923571,931917,8346,sigi_hmm
NC_017549.1,933105,940266,7161,sigi_hmm
NC_017549.1,944615,949064,4449,sigi_hmm
NC_017549.1,954107,958555,4448,sigi_hmm
NC_017549.1,1519671,1524261,4590,sigi_hmm
NC_017549.1,1528172,1540572,12400,sigi_hmm
NC_017549.1,1889711,1894998,5287,sigi_hmm
NC_017549.1,1897626,1901905,4279,sigi_hmm
NC_017549.1,1920614,1930145,9531,sigi_hmm
NC_017549.1,1931045,1938452,7407,sigi_hmm
NC_017549.1,1953044,1957676,4632,sigi_hmm
NC_017549.1,1978241,1983206,4965,sigi_hmm
NC_017549.1,1998514,2004794,6280,sigi_hmm
NC_017549.1,2419112,2423813,4701,sigi_hmm
NC_017549.1,3424768,3430878,6110,sigi_hmm
NC_017549.1,3437708,3460235,22527,sigi_hmm
NC_017549.1,4023454,4028522,5068,sigi_hmm
NC_017549.1,4117479,4133345,15866,sigi_hmm
NC_017549.1,4185292,4198011,12719,sigi_hmm
NC_017549.1,4200208,4206562,6354,sigi_hmm
NC_017549.1,4681159,4685772,4613,sigi_hmm
NC_017549.1,5946790,5951085,4295,sigi_hmm
NC_017549.1,6001691,6008048,6357,sigi_hmm
NC_017549.1,6417851,6422322,4471,sigi_hmm
NC_017549.1,6735385,6741654,6269,sigi_hmm
NC_017731.1,692403,699141,6738,sigi_hmm
NC_017731.1,969119,973207,4088,sigi_hmm
NC_017731.1,1293695,1303951,10256,sigi_hmm
NC_017731.1,2345840,2351962,6122,sigi_hmm
NC_017731.1,2782948,2787252,4304,sigi_hmm
NC_017731.1,3534582,3562426,27844,sigi_hmm
NC_017731.1,3568433,3573901,5468,sigi_hmm
NC_017731.1,3785930,3793222,7292,sigi_hmm
NC_017731.1,3949941,3958443,8502,sigi_hmm
NC_017731.1,4307034,4312339,5305,sigi_hmm
NC_015379.1,1894453,1898915,4462,sigi_hmm
NC_015379.1,2460021,2471896,11875,sigi_hmm
NC_009439.1,2456469,2464963,8494,sigi_hmm
NC_009439.1,3113531,3120046,6515,sigi_hmm
NC_009439.1,4410999,4417949,6950,sigi_hmm
NC_004578.1,25187,44310,19123,sigi_hmm
NC_004578.1,906604,912136,5532,sigi_hmm
NC_004578.1,1198881,1203926,5045,sigi_hmm
NC_004578.1,2679142,2685067,5925,sigi_hmm
NC_004578.1,3208312,3226375,18063,sigi_hmm
NC_004578.1,4872780,4880313,7533,sigi_hmm
NC_004578.1,5210079,5218624,8545,sigi_hmm
NC_004578.1,6076193,6083987,7794,sigi_hmm
NC_016642.1,1415656,1421574,5918,sigi_hmm
NC_016642.1,1610386,1615976,5590,sigi_hmm
NC_016642.1,2521054,2527927,6873,sigi_hmm
NC_016642.1,4507677,4512617,4940,sigi_hmm
NC_016642.1,5085662,5091362,5700,sigi_hmm
NC_016147.2,156380,169018,12638,sigi_hmm
NC_016147.2,312869,318798,5929,sigi_hmm
NC_016147.2,524572,529544,4972,sigi_hmm
NC_016147.2,592641,598650,6009,sigi_hmm
NC_016147.2,628880,633674,4794,sigi_hmm
NC_016147.2,636748,653152,16404,sigi_hmm
NC_016147.2,660149,665010,4861,sigi_hmm
NC_016147.2,667940,673420,5480,sigi_hmm
NC_016147.2,733882,741957,8075,sigi_hmm
NC_016147.2,1435824,1446008,10184,sigi_hmm
NC_016147.2,1756674,1761235,4561,sigi_hmm
NC_016147.2,1793330,1801656,8326,sigi_hmm
NC_016147.2,1834625,1839965,5340,sigi_hmm
NC_016147.2,1842214,1846255,4041,sigi_hmm
NC_016147.2,1963810,1980973,17163,sigi_hmm
NC_016147.2,1993078,1998542,5464,sigi_hmm
NC_016147.2,2348124,2358179,10055,sigi_hmm
NC_016147.2,2359144,2367926,8782,sigi_hmm
NC_016147.2,2371852,2396674,24822,sigi_hmm
NC_016147.2,2479247,2483365,4118,sigi_hmm
NC_016147.2,2823852,2841232,17380,sigi_hmm
NC_016147.2,2970554,2981895,11341,sigi_hmm
NC_016147.2,3030761,3035307,4546,sigi_hmm
NC_016147.2,3040009,3045649,5640,sigi_hmm
NC_016147.2,3098373,3102607,4234,sigi_hmm
NC_016147.2,3356432,3361834,5402,sigi_hmm
NC_007204.1,778547,785879,7332,sigi_hmm
NC_017530.1,646540,659215,12675,sigi_hmm
NC_017530.1,779980,785097,5117,sigi_hmm
NC_017530.1,787159,791732,4573,sigi_hmm
NC_017530.1,1654993,1660732,5739,sigi_hmm
NC_017530.1,2073649,2081235,7586,sigi_hmm
NC_017530.1,2143169,2150367,7198,sigi_hmm
NC_017530.1,2156910,2185980,29070,sigi_hmm
NC_017530.1,2187675,2196012,8337,sigi_hmm
NC_017530.1,2196554,2200996,4442,sigi_hmm
NC_017530.1,2340115,2352320,12205,sigi_hmm
NC_017530.1,2367433,2377738,10305,sigi_hmm
NC_017530.1,2384030,2391486,7456,sigi_hmm
NC_017530.1,2410444,2420309,9865,sigi_hmm
NC_017530.1,2809244,2814175,4931,sigi_hmm
NC_017530.1,3092963,3106461,13498,sigi_hmm
NC_017530.1,4251493,4259004,7511,sigi_hmm
NC_017530.1,4259885,4263912,4027,sigi_hmm
NC_017530.1,4290355,4302268,11913,sigi_hmm
NC_017530.1,5053284,5098087,44803,sigi_hmm
NC_017532.1,216483,221337,4854,sigi_hmm
NC_017532.1,266129,270978,4849,sigi_hmm
NC_017532.1,334098,340212,6114,sigi_hmm
NC_017532.1,713351,717655,4304,sigi_hmm
NC_017532.1,718883,726374,7491,sigi_hmm
NC_017532.1,778083,787530,9447,sigi_hmm
NC_017532.1,908755,917746,8991,sigi_hmm
NC_017532.1,958871,965767,6896,sigi_hmm
NC_017532.1,969717,977286,7569,sigi_hmm
NC_017532.1,1322340,1327989,5649,sigi_hmm
NC_017532.1,1419180,1423634,4454,sigi_hmm
NC_017532.1,1438314,1442775,4461,sigi_hmm
NC_017532.1,1571061,1580950,9889,sigi_hmm
NC_017532.1,1745586,1750389,4803,sigi_hmm
NC_017532.1,2571693,2580432,8739,sigi_hmm
NC_017532.1,3189292,3194280,4988,sigi_hmm
NC_017532.1,3202522,3207893,5371,sigi_hmm
NC_017532.1,3586291,3592073,5782,sigi_hmm
NC_017532.1,3723909,3732385,8476,sigi_hmm
NC_017532.1,3737298,3741967,4669,sigi_hmm
NC_017532.1,3756865,3764052,7187,sigi_hmm
NC_017532.1,3779733,3783826,4093,sigi_hmm
NC_017532.1,3796580,3808366,11786,sigi_hmm
NC_017532.1,3920530,3924885,4355,sigi_hmm
NC_017532.1,4073042,4078811,5769,sigi_hmm
NC_017532.1,4171515,4179361,7846,sigi_hmm
NC_017532.1,4191565,4196714,5149,sigi_hmm
NC_017532.1,4291756,4300576,8820,sigi_hmm
NC_017047.1,367569,373864,6295,sigi_hmm
NC_017047.1,1558214,1563142,4928,sigi_hmm
NC_017047.1,1745491,1750521,5030,sigi_hmm
NC_017047.1,1913027,1917118,4091,sigi_hmm
NC_017047.1,1992887,1998185,5298,sigi_hmm
NC_017047.1,2059641,2073188,13547,sigi_hmm
NC_017047.1,2082127,2092013,9886,sigi_hmm
NC_017047.1,2092615,2103964,11349,sigi_hmm
NC_017047.1,2104209,2109891,5682,sigi_hmm
NC_017047.1,2276486,2281006,4520,sigi_hmm
NC_017047.1,2614438,2627176,12738,sigi_hmm
NC_017047.1,3181931,3187365,5434,sigi_hmm
NC_017047.1,3914004,3922841,8837,sigi_hmm
NC_017047.1,3950090,3958904,8814,sigi_hmm
NC_017047.1,4344227,4348470,4243,sigi_hmm
NC_017047.1,4389705,4395394,5689,sigi_hmm
NC_017047.1,4908255,4916196,7941,sigi_hmm
NC_015061.1,399102,403288,4186,sigi_hmm
NC_015061.1,603538,612151,8613,sigi_hmm
NC_015061.1,958941,968301,9360,sigi_hmm
NC_015061.1,1488863,1494027,5164,sigi_hmm
NC_015061.1,1603250,1615835,12585,sigi_hmm
NC_015061.1,1794523,1799552,5029,sigi_hmm
NC_015061.1,1910162,1921507,11345,sigi_hmm
NC_015061.1,2019535,2025240,5705,sigi_hmm
NC_015061.1,2213835,2218355,4520,sigi_hmm
NC_015061.1,2553264,2568814,15550,sigi_hmm
NC_015061.1,2778510,2785196,6686,sigi_hmm
NC_015061.1,2935371,2943664,8293,sigi_hmm
NC_015061.1,3118554,3125410,6856,sigi_hmm
NC_015061.1,3846613,3855594,8981,sigi_hmm
NC_015061.1,3875406,3886499,11093,sigi_hmm
NC_015061.1,3890875,3897280,6405,sigi_hmm
NC_015061.1,4250342,4257179,6837,sigi_hmm
NC_015061.1,4293768,4301508,7740,sigi_hmm
NC_015061.1,4615768,4619852,4084,sigi_hmm
NC_015061.1,4810301,4818240,7939,sigi_hmm
NC_016818.1,164121,168231,4110,sigi_hmm
NC_016818.1,406869,411055,4186,sigi_hmm
NC_016818.1,552592,558728,6136,sigi_hmm
NC_016818.1,636566,642645,6079,sigi_hmm
NC_016818.1,643681,667689,24008,sigi_hmm
NC_016818.1,1611714,1619635,7921,sigi_hmm
NC_016818.1,1795241,1801414,6173,sigi_hmm
NC_016818.1,1804158,1815203,11045,sigi_hmm
NC_016818.1,1818857,1823360,4503,sigi_hmm
NC_016818.1,2016722,2021853,5131,sigi_hmm
NC_016818.1,2550644,2556485,5841,sigi_hmm
NC_016818.1,2846308,2857541,11233,sigi_hmm
NC_016818.1,2864175,2870470,6295,sigi_hmm
NC_016818.1,2871326,2882238,10912,sigi_hmm
NC_016818.1,2885134,2909209,24075,sigi_hmm
NC_016818.1,2910865,2920456,9591,sigi_hmm
NC_016818.1,2925084,2929382,4298,sigi_hmm
NC_016818.1,2944341,2948354,4013,sigi_hmm
NC_016818.1,3857162,3867318,10156,sigi_hmm
NC_016818.1,3878131,3882265,4134,sigi_hmm
NC_016818.1,3895270,3907929,12659,sigi_hmm
NC_016818.1,3914325,3918448,4123,sigi_hmm
NC_016818.1,3994277,3999068,4791,sigi_hmm
NC_016818.1,4234292,4238710,4418,sigi_hmm
NC_003295.1,2313754,2318956,5202,sigi_hmm
NC_003295.1,2677864,2683021,5157,sigi_hmm
NC_014307.1,1094844,1103942,9098,sigi_hmm
NC_014307.1,2748026,2752746,4720,sigi_hmm
NC_007493.1,217086,221230,4144,sigi_hmm
NC_009428.1,1837682,1845213,7531,sigi_hmm
NC_009428.1,1845796,1851964,6168,sigi_hmm
NC_011369.1,1141611,1148829,7218,sigi_hmm
NC_011369.1,1149279,1158399,9120,sigi_hmm
NC_011369.1,4403706,4412857,9151,sigi_hmm
NC_011369.1,4417986,4422341,4355,sigi_hmm
NC_017574.1,6228,16269,10041,sigi_hmm
NC_017574.1,17398,29784,12386,sigi_hmm
NC_017574.1,224434,229687,5253,sigi_hmm
NC_017574.1,278479,287389,8910,sigi_hmm
NC_017574.1,300425,310916,10491,sigi_hmm
NC_017574.1,595638,602484,6846,sigi_hmm
NC_017574.1,831289,841337,10048,sigi_hmm
NC_017574.1,1010428,1020768,10340,sigi_hmm
NC_017574.1,1152775,1156953,4178,sigi_hmm
NC_017574.1,1323014,1331141,8127,sigi_hmm
NC_017574.1,1400617,1405636,5019,sigi_hmm
NC_017574.1,1588944,1610346,21402,sigi_hmm
NC_017574.1,1612625,1620816,8191,sigi_hmm
NC_017574.1,1679084,1684785,5701,sigi_hmm
NC_017574.1,1690277,1694408,4131,sigi_hmm
NC_017574.1,2371796,2377044,5248,sigi_hmm
NC_017574.1,2578184,2585613,7429,sigi_hmm
NC_017574.1,2592385,2600010,7625,sigi_hmm
NC_017574.1,2628152,2634381,6229,sigi_hmm
NC_017574.1,2648973,2655748,6775,sigi_hmm
NC_017574.1,2749906,2754323,4417,sigi_hmm
NC_017574.1,2789466,2794370,4904,sigi_hmm
NC_017574.1,2837908,2842855,4947,sigi_hmm
NC_017574.1,2861864,2869956,8092,sigi_hmm
NC_017574.1,2920704,2932942,12238,sigi_hmm
NC_017574.1,2960500,2964509,4009,sigi_hmm
NC_011004.1,2509550,2522961,13411,sigi_hmm
NC_017059.1,972620,978034,5414,sigi_hmm
NC_017059.1,1908208,1913996,5788,sigi_hmm
NC_017059.1,1918754,1927310,8556,sigi_hmm
NC_017059.1,2840360,2855226,14866,sigi_hmm
NC_017059.1,3505700,3512137,6437,sigi_hmm
NC_017059.1,3694122,3703787,9665,sigi_hmm
NC_012522.1,5837941,5851254,13313,sigi_hmm
NC_017569.1,290447,296077,5630,sigi_hmm
NC_017569.1,301528,311070,9542,sigi_hmm
NC_017569.1,417917,422622,4705,sigi_hmm
NC_017584.1,586854,591317,4463,sigi_hmm
NC_017584.1,603321,607532,4211,sigi_hmm
NC_017584.1,917538,921860,4322,sigi_hmm
NC_017584.1,1512945,1517420,4475,sigi_hmm
NC_017584.1,1935149,1940394,5245,sigi_hmm
NC_017584.1,4301226,4305737,4511,sigi_hmm
NC_013715.1,779411,786262,6851,sigi_hmm
NC_003911.11,636308,649044,12736,sigi_hmm
NC_011205.1,644587,664201,19614,sigi_hmm
NC_011205.1,1396231,1415891,19660,sigi_hmm
NC_011205.1,2291376,2304997,13621,sigi_hmm
NC_011205.1,4727864,4739668,11804,sigi_hmm
NC_011294.1,2050091,2056264,6173,sigi_hmm
NC_007912.1,2944681,2949968,5287,sigi_hmm
NC_007912.1,3504504,3511840,7336,sigi_hmm
NC_007912.1,3932123,3941132,9009,sigi_hmm
NC_017623.1,378796,383396,4600,sigi_hmm
NC_017623.1,460637,467002,6365,sigi_hmm
NC_017623.1,1089224,1094041,4817,sigi_hmm
NC_017623.1,1111521,1116795,5274,sigi_hmm
NC_017623.1,1118414,1125377,6963,sigi_hmm
NC_017623.1,1142272,1154440,12168,sigi_hmm
NC_017623.1,1166202,1173494,7292,sigi_hmm
NC_017623.1,1395501,1399630,4129,sigi_hmm
NC_017623.1,1563529,1575558,12029,sigi_hmm
NC_017623.1,1606636,1614933,8297,sigi_hmm
NC_017623.1,1705723,1713145,7422,sigi_hmm
NC_017623.1,1834892,1843882,8990,sigi_hmm
NC_017623.1,1954101,1958742,4641,sigi_hmm
NC_017623.1,2061278,2072135,10857,sigi_hmm
NC_017623.1,2212792,2230298,17506,sigi_hmm
NC_017623.1,2234013,2238116,4103,sigi_hmm
NC_017623.1,2457768,2467168,9400,sigi_hmm
NC_017623.1,2688960,2694037,5077,sigi_hmm
NC_017623.1,2696185,2704204,8019,sigi_hmm
NC_017623.1,2896743,2906714,9971,sigi_hmm
NC_017623.1,3066752,3075342,8590,sigi_hmm
NC_017623.1,3080588,3089342,8754,sigi_hmm
NC_017623.1,3240122,3244297,4175,sigi_hmm
NC_017623.1,3247234,3251390,4156,sigi_hmm
NC_017623.1,3543511,3547560,4049,sigi_hmm
NC_017623.1,3550168,3554210,4042,sigi_hmm
NC_017623.1,3565577,3574421,8844,sigi_hmm
NC_017623.1,3674007,3679112,5105,sigi_hmm
NC_017623.1,3708500,3713629,5129,sigi_hmm
NC_017623.1,3957106,3961264,4158,sigi_hmm
NC_017623.1,4579283,4586885,7602,sigi_hmm
NC_017623.1,4650546,4656982,6436,sigi_hmm
NC_017623.1,4684355,4689593,5238,sigi_hmm
NC_017075.1,453165,461341,8176,sigi_hmm
NC_017075.1,461852,469196,7344,sigi_hmm
NC_017075.1,709526,719592,10066,sigi_hmm
NC_017075.1,1849352,1865520,16168,sigi_hmm
NC_017075.1,1867998,1878336,10338,sigi_hmm
NC_017075.1,1890123,1898255,8132,sigi_hmm
NC_017075.1,1978179,1984254,6075,sigi_hmm
NC_017075.1,2692824,2700697,7873,sigi_hmm
NC_017075.1,2719749,2725457,5708,sigi_hmm
NC_017075.1,2739280,2747290,8010,sigi_hmm
NC_017075.1,3171660,3178939,7279,sigi_hmm
NC_017075.1,3872989,3878544,5555,sigi_hmm
NC_017075.1,4159376,4163876,4500,sigi_hmm
NC_017075.1,4433858,4446146,12288,sigi_hmm
NC_017075.1,4889763,4896223,6460,sigi_hmm
NC_011083.1,346378,351706,5328,sigi_hmm
NC_011083.1,376850,394322,17472,sigi_hmm
NC_011083.1,402369,419768,17399,sigi_hmm
NC_011083.1,1514787,1556062,41275,sigi_hmm
NC_011083.1,1671999,1677086,5087,sigi_hmm
NC_011083.1,1999621,2016943,17322,sigi_hmm
NC_011083.1,2208550,2220964,12414,sigi_hmm
NC_011083.1,2875986,2887599,11613,sigi_hmm
NC_011083.1,4598267,4618621,20354,sigi_hmm
NC_009380.1,2630434,2634492,4058,sigi_hmm
NC_011149.1,1241176,1249275,8099,sigi_hmm
NC_011149.1,1585970,1590694,4724,sigi_hmm
NC_011149.1,1998652,2018278,19626,sigi_hmm
NC_011149.1,2118797,2131210,12413,sigi_hmm
NC_011149.1,3904063,3910499,6436,sigi_hmm
NC_006511.1,869676,884690,15014,sigi_hmm
NC_006511.1,2485824,2496875,11051,sigi_hmm
NC_006511.1,2507316,2516124,8808,sigi_hmm
NC_006905.1,1357713,1367860,10147,sigi_hmm
NC_012125.1,1340262,1349366,9104,sigi_hmm
NC_012125.1,1623585,1628438,4853,sigi_hmm
NC_011094.1,349221,353984,4763,sigi_hmm
NC_011094.1,356802,361610,4808,sigi_hmm
NC_011094.1,603941,623871,19930,sigi_hmm
NC_011094.1,1592189,1596573,4384,sigi_hmm
NC_011094.1,1929825,1939487,9662,sigi_hmm
NC_011094.1,2152566,2156990,4424,sigi_hmm
NC_011094.1,2180209,2194887,14678,sigi_hmm
NC_011094.1,3860132,3867699,7567,sigi_hmm
NC_010102.1,3007239,3012421,5182,sigi_hmm
NC_003198.1,1777746,1791815,14069,sigi_hmm
NC_003197.1,962612,968973,6361,sigi_hmm
NC_016831.1,696260,701156,4896,sigi_hmm
NC_016831.1,702847,709002,6155,sigi_hmm
NC_016831.1,865568,879189,13621,sigi_hmm
NC_016831.1,961248,980589,19341,sigi_hmm
NC_016831.1,1089106,1101984,12878,sigi_hmm
NC_016831.1,1241601,1259044,17443,sigi_hmm
NC_016831.1,1262759,1266862,4103,sigi_hmm
NC_016831.1,1475438,1484987,9549,sigi_hmm
NC_016831.1,1696510,1708652,12142,sigi_hmm
NC_016831.1,1711820,1718375,6555,sigi_hmm
NC_016831.1,1740139,1744440,4301,sigi_hmm
NC_016831.1,1874523,1884022,9499,sigi_hmm
NC_016831.1,1913549,1920016,6467,sigi_hmm
NC_016831.1,2115368,2122368,7000,sigi_hmm
NC_016831.1,2216286,2221187,4901,sigi_hmm
NC_016831.1,2407304,2413425,6121,sigi_hmm
NC_016831.1,2632643,2638635,5992,sigi_hmm
NC_016831.1,2673050,2678300,5250,sigi_hmm
NC_016831.1,2681671,2688066,6395,sigi_hmm
NC_016831.1,2693002,2703714,10712,sigi_hmm
NC_016831.1,2788506,2793410,4904,sigi_hmm
NC_016831.1,2871851,2876926,5075,sigi_hmm
NC_016831.1,3786646,3791788,5142,sigi_hmm
NC_016831.1,3882587,3890192,7605,sigi_hmm
NC_016831.1,4292505,4297936,5431,sigi_hmm
NC_016831.1,4373204,4379753,6549,sigi_hmm
NC_016831.1,4524424,4544738,20314,sigi_hmm
NC_016831.1,4565787,4571052,5265,sigi_hmm
NC_011147.1,2502852,2511660,8808,sigi_hmm
NC_011080.1,388863,396157,7294,sigi_hmm
NC_011080.1,1327864,1337760,9896,sigi_hmm
NC_011080.1,1950157,1973544,23387,sigi_hmm
NC_011080.1,2169633,2184784,15151,sigi_hmm
NC_011080.1,3950135,3956571,6436,sigi_hmm
NC_011080.1,4711108,4718948,7840,sigi_hmm
NC_004631.1,1189317,1203386,14069,sigi_hmm
NC_009052.1,3380326,3390448,10122,sigi_hmm
NC_009052.1,3391445,3399728,8283,sigi_hmm
NC_009052.1,5095833,5103467,7634,sigi_hmm
NC_009665.1,714722,720506,5784,sigi_hmm
NC_009665.1,3996062,4000886,4824,sigi_hmm
NC_009997.1,719407,724988,5581,sigi_hmm
NC_008577.1,1592670,1601691,9021,sigi_hmm
NC_008577.1,3255834,3260740,4906,sigi_hmm
NC_008577.1,4190297,4197252,6955,sigi_hmm
NC_016863.1,336613,343516,6903,sigi_hmm
NC_016863.1,346072,351324,5252,sigi_hmm
NC_016863.1,384383,391914,7531,sigi_hmm
NC_016863.1,612927,618415,5488,sigi_hmm
NC_016863.1,781933,794372,12439,sigi_hmm
NC_016863.1,825260,833560,8300,sigi_hmm
NC_016863.1,926522,933944,7422,sigi_hmm
NC_016863.1,1068205,1074549,6344,sigi_hmm
NC_016863.1,1096549,1101349,4800,sigi_hmm
NC_016863.1,1175910,1180557,4647,sigi_hmm
NC_016863.1,1284248,1294148,9900,sigi_hmm
NC_016863.1,1434334,1451838,17504,sigi_hmm
NC_016863.1,1455520,1459656,4136,sigi_hmm
NC_016863.1,1583042,1590040,6998,sigi_hmm
NC_016863.1,1677790,1684908,7118,sigi_hmm
NC_016863.1,1911159,1927834,16675,sigi_hmm
NC_016863.1,2062363,2067530,5167,sigi_hmm
NC_016863.1,2069415,2074968,5553,sigi_hmm
NC_016863.1,2160676,2173090,12414,sigi_hmm
NC_016863.1,2330706,2339297,8591,sigi_hmm
NC_016863.1,2348178,2353407,5229,sigi_hmm
NC_016863.1,2728740,2733649,4909,sigi_hmm
NC_016863.1,2765269,2772914,7645,sigi_hmm
NC_016863.1,2847939,2851943,4004,sigi_hmm
NC_016863.1,2854551,2858591,4040,sigi_hmm
NC_016863.1,2869958,2881650,11692,sigi_hmm
NC_016863.1,2978460,2983514,5054,sigi_hmm
NC_016863.1,3012879,3018610,5731,sigi_hmm
NC_016863.1,3159879,3164034,4155,sigi_hmm
NC_016863.1,3242238,3246396,4158,sigi_hmm
NC_016863.1,3869589,3877215,7626,sigi_hmm
NC_016863.1,3940850,3947286,6436,sigi_hmm
NC_016863.1,3974660,3979889,5229,sigi_hmm
NC_016863.1,4439005,4443605,4600,sigi_hmm
NC_016863.1,4520519,4526768,6249,sigi_hmm
NC_016901.1,419484,426680,7196,sigi_hmm
NC_016901.1,627936,633483,5547,sigi_hmm
NC_016901.1,671703,677680,5977,sigi_hmm
NC_016901.1,688014,699427,11413,sigi_hmm
NC_016901.1,715788,723844,8056,sigi_hmm
NC_016901.1,732877,737911,5034,sigi_hmm
NC_016901.1,745200,751168,5968,sigi_hmm
NC_016901.1,905416,911249,5833,sigi_hmm
NC_016901.1,1374946,1383032,8086,sigi_hmm
NC_016901.1,2074995,2084009,9014,sigi_hmm
NC_016901.1,2224389,2229501,5112,sigi_hmm
NC_016901.1,2549794,2555350,5556,sigi_hmm
NC_016901.1,2601827,2606243,4416,sigi_hmm
NC_016901.1,2666825,2671735,4910,sigi_hmm
NC_016901.1,2923672,2929602,5930,sigi_hmm
NC_016901.1,3345520,3349779,4259,sigi_hmm
NC_016901.1,3437208,3442162,4954,sigi_hmm
NC_016901.1,3545412,3555613,10201,sigi_hmm
NC_016901.1,3941779,3946387,4608,sigi_hmm
NC_016901.1,3953483,3958200,4717,sigi_hmm
NC_016901.1,4063257,4069116,5859,sigi_hmm
NC_016901.1,4477188,4481496,4308,sigi_hmm
NC_016901.1,4968177,4974359,6182,sigi_hmm
NC_016901.1,5050119,5055590,5471,sigi_hmm
NC_016901.1,5135620,5143938,8318,sigi_hmm
NC_016901.1,5158031,5163792,5761,sigi_hmm
NC_016810.1,336117,343020,6903,sigi_hmm
NC_016810.1,345576,350828,5252,sigi_hmm
NC_016810.1,383887,391418,7531,sigi_hmm
NC_016810.1,611721,617210,5489,sigi_hmm
NC_016810.1,780848,793287,12439,sigi_hmm
NC_016810.1,824174,829369,5195,sigi_hmm
NC_016810.1,925442,932864,7422,sigi_hmm
NC_016810.1,1067940,1073467,5527,sigi_hmm
NC_016810.1,1095236,1100036,4800,sigi_hmm
NC_016810.1,1174597,1179244,4647,sigi_hmm
NC_016810.1,1282936,1292836,9900,sigi_hmm
NC_016810.1,1433019,1450523,17504,sigi_hmm
NC_016810.1,1454205,1458341,4136,sigi_hmm
NC_016810.1,1581727,1588724,6997,sigi_hmm
NC_016810.1,1676474,1683592,7118,sigi_hmm
NC_016810.1,1909131,1925490,16359,sigi_hmm
NC_016810.1,2067772,2072939,5167,sigi_hmm
NC_016810.1,2075147,2079774,4627,sigi_hmm
NC_016810.1,2158646,2173384,14738,sigi_hmm
NC_016810.1,2328677,2337268,8591,sigi_hmm
NC_016810.1,2346149,2351378,5229,sigi_hmm
NC_016810.1,2726717,2731602,4885,sigi_hmm
NC_016810.1,2756009,2760316,4307,sigi_hmm
NC_016810.1,2888519,2893725,5206,sigi_hmm
NC_016810.1,2901981,2906030,4049,sigi_hmm
NC_016810.1,2908638,2912679,4041,sigi_hmm
NC_016810.1,2924046,2935738,11692,sigi_hmm
NC_016810.1,3032477,3037600,5123,sigi_hmm
NC_016810.1,3066965,3072696,5731,sigi_hmm
NC_016810.1,3213855,3218010,4155,sigi_hmm
NC_016810.1,3297083,3301241,4158,sigi_hmm
NC_016810.1,3929604,3937230,7626,sigi_hmm
NC_016810.1,3970301,3976000,5699,sigi_hmm
NC_016810.1,4000864,4007300,6436,sigi_hmm
NC_016810.1,4034674,4039912,5238,sigi_hmm
NC_016810.1,4499149,4503749,4600,sigi_hmm
NC_016810.1,4580663,4586912,6249,sigi_hmm
NC_016854.1,336610,343513,6903,sigi_hmm
NC_016854.1,346069,351321,5252,sigi_hmm
NC_016854.1,370923,379852,8929,sigi_hmm
NC_016854.1,380418,390727,10309,sigi_hmm
NC_016854.1,396639,408710,12071,sigi_hmm
NC_016854.1,424905,432436,7531,sigi_hmm
NC_016854.1,651043,656532,5489,sigi_hmm
NC_016854.1,820248,832686,12438,sigi_hmm
NC_016854.1,863571,868766,5195,sigi_hmm
NC_016854.1,964829,972251,7422,sigi_hmm
NC_016854.1,1107250,1112776,5526,sigi_hmm
NC_016854.1,1134776,1140404,5628,sigi_hmm
NC_016854.1,1214242,1218889,4647,sigi_hmm
NC_016854.1,1322594,1332494,9900,sigi_hmm
NC_016854.1,1472679,1490183,17504,sigi_hmm
NC_016854.1,1493453,1498001,4548,sigi_hmm
NC_016854.1,1712136,1722067,9931,sigi_hmm
NC_016854.1,1944793,1949713,4920,sigi_hmm
NC_016854.1,2093326,2098879,5553,sigi_hmm
NC_016854.1,2184586,2197000,12414,sigi_hmm
NC_016854.1,2354617,2363218,8601,sigi_hmm
NC_016854.1,2372099,2377328,5229,sigi_hmm
NC_016854.1,2753356,2758271,4915,sigi_hmm
NC_016854.1,2782678,2786985,4307,sigi_hmm
NC_016854.1,2789526,2797484,7958,sigi_hmm
NC_016854.1,2872381,2876430,4049,sigi_hmm
NC_016854.1,2878655,2883078,4423,sigi_hmm
NC_016854.1,2894445,2906147,11702,sigi_hmm
NC_016854.1,3002886,3008012,5126,sigi_hmm
NC_016854.1,3037377,3043108,5731,sigi_hmm
NC_016854.1,3184394,3188549,4155,sigi_hmm
NC_016854.1,3267621,3271779,4158,sigi_hmm
NC_016854.1,3931167,3938793,7626,sigi_hmm
NC_016854.1,4002426,4008862,6436,sigi_hmm
NC_016854.1,4499663,4505156,5493,sigi_hmm
NC_016854.1,4582070,4588319,6249,sigi_hmm
NC_011663.1,3826298,3833804,7506,sigi_hmm
NC_009831.1,2345093,2350096,5003,sigi_hmm
NC_009831.1,3621109,3625306,4197,sigi_hmm
NC_009831.1,3626895,3647787,20892,sigi_hmm
NC_017571.1,169711,189816,20105,sigi_hmm
NC_017571.1,711918,717388,5470,sigi_hmm
NC_017571.1,753334,759311,5977,sigi_hmm
NC_017571.1,769646,774487,4841,sigi_hmm
NC_017571.1,796192,804248,8056,sigi_hmm
NC_017571.1,813287,818321,5034,sigi_hmm
NC_017571.1,1197207,1201314,4107,sigi_hmm
NC_017571.1,1638101,1644850,6749,sigi_hmm
NC_017571.1,1646975,1654104,7129,sigi_hmm
NC_017571.1,1726424,1732130,5706,sigi_hmm
NC_017571.1,1733430,1746887,13457,sigi_hmm
NC_017571.1,1885546,1889805,4259,sigi_hmm
NC_017571.1,2140365,2145098,4733,sigi_hmm
NC_017571.1,2156893,2165169,8276,sigi_hmm
NC_017571.1,2412797,2426602,13805,sigi_hmm
NC_017571.1,2428170,2436504,8334,sigi_hmm
NC_017571.1,3117822,3121990,4168,sigi_hmm
NC_017571.1,3760415,3764687,4272,sigi_hmm
NC_017571.1,3799610,3805163,5553,sigi_hmm
NC_017571.1,4588774,4592798,4024,sigi_hmm
NC_017571.1,4863891,4872257,8366,sigi_hmm
NC_017571.1,4877474,4882239,4765,sigi_hmm
NC_017571.1,5002294,5006383,4089,sigi_hmm
NC_017566.1,69672,74678,5006,sigi_hmm
NC_017566.1,814245,826857,12612,sigi_hmm
NC_017566.1,892964,898255,5291,sigi_hmm
NC_017566.1,1187516,1199586,12070,sigi_hmm
NC_017566.1,1566566,1571890,5324,sigi_hmm
NC_017566.1,2847137,2851453,4316,sigi_hmm
NC_017566.1,3048560,3061111,12551,sigi_hmm
NC_017566.1,3243030,3247135,4105,sigi_hmm
NC_017566.1,4239787,4245113,5326,sigi_hmm
NC_017566.1,4257543,4275306,17763,sigi_hmm
NC_017566.1,4300834,4312096,11262,sigi_hmm
NC_017566.1,4319414,4325541,6127,sigi_hmm
NC_017566.1,4384576,4389007,4431,sigi_hmm
NC_017566.1,4654245,4658392,4147,sigi_hmm
NC_017566.1,4736443,4743523,7080,sigi_hmm
NC_017579.1,76734,80822,4088,sigi_hmm
NC_017579.1,215521,220282,4761,sigi_hmm
NC_017579.1,228547,238625,10078,sigi_hmm
NC_017579.1,245070,250441,5371,sigi_hmm
NC_017579.1,1324130,1329683,5553,sigi_hmm
NC_017579.1,1414373,1419310,4937,sigi_hmm
NC_017579.1,1939435,1946959,7524,sigi_hmm
NC_017579.1,2080493,2084658,4165,sigi_hmm
NC_017579.1,2216879,2225523,8644,sigi_hmm
NC_017579.1,2614748,2619315,4567,sigi_hmm
NC_017579.1,2797113,2805651,8538,sigi_hmm
NC_017579.1,3334647,3338906,4259,sigi_hmm
NC_017579.1,3487528,3495224,7696,sigi_hmm
NC_017579.1,3500559,3504591,4032,sigi_hmm
NC_017579.1,3565989,3573118,7129,sigi_hmm
NC_017579.1,3575243,3581992,6749,sigi_hmm
NC_017579.1,4548828,4554669,5841,sigi_hmm
NC_017579.1,5165940,5172216,6276,sigi_hmm
NC_017579.1,5207507,5219599,12092,sigi_hmm
NC_017068.1,345584,353393,7809,sigi_hmm
NC_017068.1,559125,563697,4572,sigi_hmm
NC_017068.1,646951,654433,7482,sigi_hmm
NC_017068.1,658330,662380,4050,sigi_hmm
NC_017068.1,876964,881706,4742,sigi_hmm
NC_017068.1,1147724,1173687,25963,sigi_hmm
NC_017068.1,1200581,1208957,8376,sigi_hmm
NC_017068.1,1226002,1231415,5413,sigi_hmm
NC_017068.1,1342726,1348445,5719,sigi_hmm
NC_017068.1,1350927,1365670,14743,sigi_hmm
NC_017068.1,1406180,1417335,11155,sigi_hmm
NC_017068.1,1426279,1436227,9948,sigi_hmm
NC_017068.1,1443500,1474822,31322,sigi_hmm
NC_017068.1,1477320,1482313,4993,sigi_hmm
NC_017068.1,1486390,1514234,27844,sigi_hmm
NC_017068.1,1515282,1519723,4441,sigi_hmm
NC_017068.1,1729135,1745475,16340,sigi_hmm
NC_017068.1,1798704,1811852,13148,sigi_hmm
NC_017068.1,1867211,1873687,6476,sigi_hmm
NC_017068.1,1874700,1885741,11041,sigi_hmm
NC_017068.1,1889603,1908492,18889,sigi_hmm
NC_017068.1,1908991,1921469,12478,sigi_hmm
NC_017068.1,2062789,2068343,5554,sigi_hmm
NC_017068.1,2153802,2158128,4326,sigi_hmm
NC_017068.1,2383419,2388203,4784,sigi_hmm
NC_017068.1,2440178,2444246,4068,sigi_hmm
NC_017068.1,2460930,2489561,28631,sigi_hmm
NC_017068.1,2576719,2581171,4452,sigi_hmm
NC_017068.1,2624723,2629366,4643,sigi_hmm
NC_017068.1,2637753,2641922,4169,sigi_hmm
NC_017068.1,2666055,2671806,5751,sigi_hmm
NC_017068.1,2681918,2688796,6878,sigi_hmm
NC_017068.1,2790359,2798176,7817,sigi_hmm
NC_017068.1,2800703,2805508,4805,sigi_hmm
NC_017068.1,2817889,2821899,4010,sigi_hmm
NC_017068.1,2837741,2844080,6339,sigi_hmm
NC_016856.1,337687,344227,6540,sigi_hmm
NC_016856.1,385733,392625,6892,sigi_hmm
NC_016856.1,612927,618416,5489,sigi_hmm
NC_016856.1,781934,794373,12439,sigi_hmm
NC_016856.1,825260,833560,8300,sigi_hmm
NC_016856.1,926622,934917,8295,sigi_hmm
NC_016856.1,1069732,1075259,5527,sigi_hmm
NC_016856.1,1097259,1102059,4800,sigi_hmm
NC_016856.1,1176314,1181266,4952,sigi_hmm
NC_016856.1,1336058,1346216,10158,sigi_hmm
NC_016856.1,1486016,1503647,17631,sigi_hmm
NC_016856.1,1507329,1511602,4273,sigi_hmm
NC_016856.1,1634718,1641848,7130,sigi_hmm
NC_016856.1,1729598,1735283,5685,sigi_hmm
NC_016856.1,1963183,1979643,16460,sigi_hmm
NC_016856.1,2212483,2224897,12414,sigi_hmm
NC_016856.1,2382514,2386914,4400,sigi_hmm
NC_016856.1,2399986,2405215,5229,sigi_hmm
NC_016856.1,2780529,2785444,4915,sigi_hmm
NC_016856.1,2815861,2824662,8801,sigi_hmm
NC_016856.1,2898012,2903690,5678,sigi_hmm
NC_016856.1,2905915,2910338,4423,sigi_hmm
NC_016856.1,2921705,2933397,11692,sigi_hmm
NC_016856.1,3064626,3070357,5731,sigi_hmm
NC_016856.1,3212274,3216429,4155,sigi_hmm
NC_016856.1,3294633,3298791,4158,sigi_hmm
NC_016856.1,3579521,3586165,6644,sigi_hmm
NC_016856.1,3921982,3929608,7626,sigi_hmm
NC_016856.1,3993243,3999871,6628,sigi_hmm
NC_016856.1,4027053,4032282,5229,sigi_hmm
NC_016856.1,4490374,4495999,5625,sigi_hmm
NC_016856.1,4572913,4579388,6475,sigi_hmm
NC_017046.1,336115,343018,6903,sigi_hmm
NC_017046.1,345574,350826,5252,sigi_hmm
NC_017046.1,383884,391180,7296,sigi_hmm
NC_017046.1,611718,617120,5402,sigi_hmm
NC_017046.1,780835,793273,12438,sigi_hmm
NC_017046.1,824159,829354,5195,sigi_hmm
NC_017046.1,925536,932848,7312,sigi_hmm
NC_017046.1,1068100,1072750,4650,sigi_hmm
NC_017046.1,1095492,1100292,4800,sigi_hmm
NC_017046.1,1174854,1179501,4647,sigi_hmm
NC_017046.1,1283009,1292909,9900,sigi_hmm
NC_017046.1,1433090,1450168,17078,sigi_hmm
NC_017046.1,1454309,1458412,4103,sigi_hmm
NC_017046.1,1581611,1588608,6997,sigi_hmm
NC_017046.1,1676887,1683475,6588,sigi_hmm
NC_017046.1,1908493,1924853,16360,sigi_hmm
NC_017046.1,2067133,2072300,5167,sigi_hmm
NC_017046.1,2158009,2172190,14181,sigi_hmm
NC_017046.1,2328749,2336235,7486,sigi_hmm
NC_017046.1,2345513,2350673,5160,sigi_hmm
NC_017046.1,2726084,2730981,4897,sigi_hmm
NC_017046.1,2755465,2759694,4229,sigi_hmm
NC_017046.1,2762235,2769822,7587,sigi_hmm
NC_017046.1,2887261,2892404,5143,sigi_hmm
NC_017046.1,2900723,2904772,4049,sigi_hmm
NC_017046.1,2922787,2934356,11569,sigi_hmm
NC_017046.1,3031217,3036244,5027,sigi_hmm
NC_017046.1,3928431,3935925,7494,sigi_hmm
NC_017046.1,3969129,3974828,5699,sigi_hmm
NC_017046.1,3999692,4006119,6427,sigi_hmm
NC_017046.1,4033502,4038662,5160,sigi_hmm
NC_017046.1,4579324,4583759,4435,sigi_hmm
NC_016857.1,336480,343020,6540,sigi_hmm
NC_016857.1,383887,391418,7531,sigi_hmm
NC_016857.1,609744,617210,7466,sigi_hmm
NC_016857.1,780848,793287,12439,sigi_hmm
NC_016857.1,824174,829369,5195,sigi_hmm
NC_016857.1,924142,932864,8722,sigi_hmm
NC_016857.1,1067940,1073467,5527,sigi_hmm
NC_016857.1,1095236,1100036,4800,sigi_hmm
NC_016857.1,1174597,1179244,4647,sigi_hmm
NC_016857.1,1282936,1292836,9900,sigi_hmm
NC_016857.1,1433019,1450523,17504,sigi_hmm
NC_016857.1,1454205,1458341,4136,sigi_hmm
NC_016857.1,1581727,1588724,6997,sigi_hmm
NC_016857.1,1676859,1683592,6733,sigi_hmm
NC_016857.1,1909131,1925806,16675,sigi_hmm
NC_016857.1,2067772,2072939,5167,sigi_hmm
NC_016857.1,2075147,2079774,4627,sigi_hmm
NC_016857.1,2158646,2171060,12414,sigi_hmm
NC_016857.1,2328677,2337268,8591,sigi_hmm
NC_016857.1,2346149,2351384,5235,sigi_hmm
NC_016857.1,2726693,2731602,4909,sigi_hmm
NC_016857.1,2766788,2770954,4166,sigi_hmm
NC_016857.1,2877245,2881347,4102,sigi_hmm
NC_016857.1,2886863,2892970,6107,sigi_hmm
NC_016857.1,2901812,2906030,4218,sigi_hmm
NC_016857.1,2908638,2912679,4041,sigi_hmm
NC_016857.1,2924046,2935738,11692,sigi_hmm
NC_016857.1,3032477,3037600,5123,sigi_hmm
NC_016857.1,3066932,3072696,5764,sigi_hmm
NC_016857.1,3212552,3218010,5458,sigi_hmm
NC_016857.1,3297083,3301241,4158,sigi_hmm
NC_016857.1,3929605,3937231,7626,sigi_hmm
NC_016857.1,3970095,3976001,5906,sigi_hmm
NC_016857.1,4000865,4007316,6451,sigi_hmm
NC_016857.1,4034675,4039913,5238,sigi_hmm
NC_016857.1,4498500,4503750,5250,sigi_hmm
NC_016857.1,4580664,4586913,6249,sigi_hmm
NC_016857.1,4776161,4780254,4093,sigi_hmm
NC_016940.1,276458,282040,5582,sigi_hmm
NC_016940.1,815817,820762,4945,sigi_hmm
NC_016940.1,1001197,1012590,11393,sigi_hmm
NC_016940.1,3571780,3578856,7076,sigi_hmm
NC_016940.1,3613938,3619253,5315,sigi_hmm
NC_016940.1,3638730,3642786,4056,sigi_hmm
NC_016940.1,3678425,3682881,4456,sigi_hmm
NC_016940.1,3704490,3709005,4515,sigi_hmm
NC_016940.1,3878019,3882313,4294,sigi_hmm
NC_016940.1,4066811,4071098,4287,sigi_hmm
NC_016940.1,4332953,4339025,6072,sigi_hmm
NC_010658.1,1163130,1169105,5975,sigi_hmm
NC_010658.1,1348181,1352463,4282,sigi_hmm
NC_010658.1,1942370,1948565,6195,sigi_hmm
NC_010658.1,3806034,3816247,10213,sigi_hmm
NC_004741.1,4525503,4532994,7491,sigi_hmm
NC_017573.1,77002,87466,10464,sigi_hmm
NC_017573.1,312840,317581,4741,sigi_hmm
NC_017573.1,351690,356958,5268,sigi_hmm
NC_017573.1,364635,369927,5292,sigi_hmm
NC_017573.1,379158,387011,7853,sigi_hmm
NC_017573.1,557290,569590,12300,sigi_hmm
NC_017573.1,1138748,1143294,4546,sigi_hmm
NC_017573.1,1216631,1221162,4531,sigi_hmm
NC_017573.1,1226943,1239750,12807,sigi_hmm
NC_017573.1,1677611,1685446,7835,sigi_hmm
NC_017573.1,1700349,1708427,8078,sigi_hmm
NC_017573.1,2048963,2055151,6188,sigi_hmm
NC_017573.1,2133031,2137624,4593,sigi_hmm
NC_017573.1,2338134,2343295,5161,sigi_hmm
NC_017573.1,3424686,3444472,19786,sigi_hmm
NC_017573.1,3458203,3463743,5540,sigi_hmm
NC_017573.1,4154014,4164215,10201,sigi_hmm
NC_017573.1,4360847,4369498,8651,sigi_hmm
NC_017573.1,4369796,4374764,4968,sigi_hmm
NC_017573.1,4445029,4450328,5299,sigi_hmm
NC_017573.1,4552439,4569547,17108,sigi_hmm
NC_007384.1,2015762,2025711,9949,sigi_hmm
NC_007712.1,1520735,1526622,5887,sigi_hmm
NC_016832.1,694141,699283,5142,sigi_hmm
NC_016832.1,808573,815496,6923,sigi_hmm
NC_016832.1,875018,886170,11152,sigi_hmm
NC_016832.1,955960,977176,21216,sigi_hmm
NC_016832.1,1096879,1101014,4135,sigi_hmm
NC_016832.1,1102582,1107149,4567,sigi_hmm
NC_016832.1,1188238,1202100,13862,sigi_hmm
NC_016832.1,1329607,1347050,17443,sigi_hmm
NC_016832.1,1350765,1354868,4103,sigi_hmm
NC_016832.1,1504638,1512199,7561,sigi_hmm
NC_016832.1,1587067,1593990,6923,sigi_hmm
NC_016832.1,1844654,1850317,5663,sigi_hmm
NC_016832.1,1960766,1969179,8413,sigi_hmm
NC_016832.1,2209190,2220882,11692,sigi_hmm
NC_016832.1,2368148,2375688,7540,sigi_hmm
NC_016832.1,2586204,2593109,6905,sigi_hmm
NC_016832.1,2625540,2629668,4128,sigi_hmm
NC_016832.1,2637584,2642632,5048,sigi_hmm
NC_016832.1,2650732,2658994,8262,sigi_hmm
NC_016832.1,2928660,2932794,4134,sigi_hmm
NC_016832.1,3108291,3115420,7129,sigi_hmm
NC_016832.1,3755569,3759890,4321,sigi_hmm
NC_016832.1,3804509,3809651,5142,sigi_hmm
NC_016832.1,3837096,3843532,6436,sigi_hmm
NC_016832.1,3907093,3915142,8049,sigi_hmm
NC_016832.1,4295335,4300754,5419,sigi_hmm
NC_016832.1,4376723,4380858,4135,sigi_hmm
NC_016832.1,4407213,4425722,18509,sigi_hmm
NC_016832.1,4430619,4438923,8304,sigi_hmm
NC_016832.1,4467932,4475524,7592,sigi_hmm
NC_016832.1,4502256,4508802,6546,sigi_hmm
NC_016832.1,4656814,4665267,8453,sigi_hmm
NC_016832.1,4698211,4702934,4723,sigi_hmm
NC_016860.1,336640,343543,6903,sigi_hmm
NC_016860.1,346099,351351,5252,sigi_hmm
NC_016860.1,368887,375348,6461,sigi_hmm
NC_016860.1,376110,380285,4175,sigi_hmm
NC_016860.1,384650,388928,4278,sigi_hmm
NC_016860.1,396594,414032,17438,sigi_hmm
NC_016860.1,425727,429977,4250,sigi_hmm
NC_016860.1,650280,656398,6118,sigi_hmm
NC_016860.1,820458,832706,12248,sigi_hmm
NC_016860.1,863748,868943,5195,sigi_hmm
NC_016860.1,965785,973207,7422,sigi_hmm
NC_016860.1,1110172,1114600,4428,sigi_hmm
NC_016860.1,1136599,1141399,4800,sigi_hmm
NC_016860.1,1215960,1220607,4647,sigi_hmm
NC_016860.1,1323770,1333670,9900,sigi_hmm
NC_016860.1,1473854,1491358,17504,sigi_hmm
NC_016860.1,1495040,1499176,4136,sigi_hmm
NC_016860.1,1622564,1629558,6994,sigi_hmm
NC_016860.1,1717552,1724430,6878,sigi_hmm
NC_016860.1,1956034,1963463,7429,sigi_hmm
NC_016860.1,2156472,2168886,12414,sigi_hmm
NC_016860.1,2326504,2335092,8588,sigi_hmm
NC_016860.1,2343976,2349205,5229,sigi_hmm
NC_016860.1,2724426,2729323,4897,sigi_hmm
NC_016860.1,2902813,2907031,4218,sigi_hmm
NC_016860.1,2925046,2936719,11673,sigi_hmm
NC_016860.1,2950368,2954686,4318,sigi_hmm
NC_016860.1,3033328,3038433,5105,sigi_hmm
NC_016860.1,3067819,3073214,5395,sigi_hmm
NC_016860.1,3214383,3219564,5181,sigi_hmm
NC_016860.1,3299644,3303802,4158,sigi_hmm
NC_016860.1,3588886,3595632,6746,sigi_hmm
NC_016860.1,3931186,3938788,7602,sigi_hmm
NC_016860.1,4002447,4010572,8125,sigi_hmm
NC_016860.1,4030535,4038055,7520,sigi_hmm
NC_016860.1,4040456,4047695,7239,sigi_hmm
NC_016860.1,4060895,4091098,30203,sigi_hmm
NC_016860.1,4118472,4123710,5238,sigi_hmm
NC_016860.1,4582946,4587546,4600,sigi_hmm
NC_016860.1,4656810,4663725,6915,sigi_hmm
NC_016633.1,22848,28228,5380,sigi_hmm
NC_016633.1,1221299,1227252,5953,sigi_hmm
NC_016633.1,1360591,1366396,5805,sigi_hmm
NC_016633.1,1792125,1797995,5870,sigi_hmm
NC_016633.1,1809348,1815159,5811,sigi_hmm
NC_016633.1,1903146,1909490,6344,sigi_hmm
NC_016633.1,2248682,2253387,4705,sigi_hmm
NC_016633.1,2664416,2673846,9430,sigi_hmm
NC_016633.1,2694242,2701070,6828,sigi_hmm
NC_016633.1,2934902,2939101,4199,sigi_hmm
NC_016633.1,3081798,3090499,8701,sigi_hmm
NC_016633.1,3091726,3097372,5646,sigi_hmm
NC_016633.1,3131491,3135677,4186,sigi_hmm
NC_016633.1,3512579,3520259,7680,sigi_hmm
NC_003047.1,3429430,3434392,4962,sigi_hmm
NC_013165.1,374634,382342,7708,sigi_hmm
NC_017325.1,249408,263175,13767,sigi_hmm
NC_017325.1,927366,931994,4628,sigi_hmm
NC_017325.1,974090,981414,7324,sigi_hmm
NC_017325.1,1095519,1101761,6242,sigi_hmm
NC_017325.1,1334219,1338719,4500,sigi_hmm
NC_017325.1,1454343,1459381,5038,sigi_hmm
NC_017325.1,1491882,1499449,7567,sigi_hmm
NC_017325.1,1826757,1831049,4292,sigi_hmm
NC_017325.1,1900931,1909782,8851,sigi_hmm
NC_017325.1,2358558,2363252,4694,sigi_hmm
NC_017098.1,483209,490377,7168,sigi_hmm
NC_017098.1,999780,1010636,10856,sigi_hmm
NC_017098.1,1166113,1174908,8795,sigi_hmm
NC_017098.1,1527674,1534486,6812,sigi_hmm
NC_016822.1,21962,26417,4455,sigi_hmm
NC_016822.1,156853,166627,9774,sigi_hmm
NC_016822.1,246715,252901,6186,sigi_hmm
NC_016822.1,282832,288376,5544,sigi_hmm
NC_016822.1,318225,327124,8899,sigi_hmm
NC_016822.1,772602,777930,5328,sigi_hmm
NC_016822.1,782057,788069,6012,sigi_hmm
NC_016822.1,979448,983539,4091,sigi_hmm
NC_016822.1,1016449,1023995,7546,sigi_hmm
NC_016822.1,1221049,1226366,5317,sigi_hmm
NC_016822.1,1310317,1320412,10095,sigi_hmm
NC_016822.1,1344255,1351996,7741,sigi_hmm
NC_016822.1,1439276,1447555,8279,sigi_hmm
NC_016822.1,1449666,1463368,13702,sigi_hmm
NC_016822.1,1463952,1480578,16626,sigi_hmm
NC_016822.1,1737997,1742442,4445,sigi_hmm
NC_016822.1,1788523,1792848,4325,sigi_hmm
NC_016822.1,1942401,1947870,5469,sigi_hmm
NC_016822.1,1948541,1958479,9938,sigi_hmm
NC_016822.1,2073793,2079129,5336,sigi_hmm
NC_016822.1,2105362,2111927,6565,sigi_hmm
NC_016822.1,2115620,2119719,4099,sigi_hmm
NC_016822.1,2182177,2188503,6326,sigi_hmm
NC_016822.1,2231283,2236171,4888,sigi_hmm
NC_016822.1,2347992,2354589,6597,sigi_hmm
NC_016822.1,2369828,2378423,8595,sigi_hmm
NC_016822.1,2657928,2663393,5465,sigi_hmm
NC_016822.1,2674087,2678523,4436,sigi_hmm
NC_016822.1,2684621,2699200,14579,sigi_hmm
NC_016822.1,2925152,2931030,5878,sigi_hmm
NC_016822.1,2946101,2950632,4531,sigi_hmm
NC_016822.1,3071237,3080405,9168,sigi_hmm
NC_016822.1,3292590,3298619,6029,sigi_hmm
NC_016822.1,3426453,3436615,10162,sigi_hmm
NC_016822.1,3493539,3497874,4335,sigi_hmm
NC_016822.1,3583569,3588053,4484,sigi_hmm
NC_016822.1,3951896,3956597,4701,sigi_hmm
NC_016822.1,4036913,4041249,4336,sigi_hmm
NC_016822.1,4099600,4105748,6148,sigi_hmm
NC_016822.1,4381764,4386257,4493,sigi_hmm
NC_016822.1,4627637,4631905,4268,sigi_hmm
NC_016822.1,4854964,4861208,6244,sigi_hmm
NC_016822.1,4883274,4887707,4433,sigi_hmm
NC_016822.1,4897013,4908824,11811,sigi_hmm
NC_017763.1,53648,57816,4168,sigi_hmm
NC_017583.1,798828,804692,5864,sigi_hmm
NC_017583.1,1816790,1822613,5823,sigi_hmm
NC_017351.1,65831,74751,8920,sigi_hmm
NC_017343.1,40197,44529,4332,sigi_hmm
NC_017343.1,1817863,1825902,8039,sigi_hmm
NC_017343.1,1977926,1981967,4041,sigi_hmm
NC_017343.1,2205673,2212602,6929,sigi_hmm
NC_016812.1,134329,139193,4864,sigi_hmm
NC_016812.1,161139,167727,6588,sigi_hmm
NC_016812.1,273543,299222,25679,sigi_hmm
NC_016812.1,2011358,2015496,4138,sigi_hmm
NC_016812.1,2017183,2021515,4332,sigi_hmm
NC_016812.1,2460677,2465594,4917,sigi_hmm
NC_016812.1,2989887,2995192,5305,sigi_hmm
NC_016812.1,3648209,3657323,9114,sigi_hmm
NC_016812.1,3915795,3920139,4344,sigi_hmm
NC_016812.1,4074579,4079108,4529,sigi_hmm
NC_016812.1,4252963,4267182,14219,sigi_hmm
NC_017322.1,1249527,1253847,4320,sigi_hmm
NC_017322.1,1269751,1276896,7145,sigi_hmm
NC_017322.1,1368228,1373644,5416,sigi_hmm
NC_017322.1,1738955,1744101,5146,sigi_hmm
NC_017322.1,2196835,2206187,9352,sigi_hmm
NC_017322.1,3364964,3370809,5845,sigi_hmm
NC_017328.1,233991,238871,4880,sigi_hmm
NC_017328.1,310421,314807,4386,sigi_hmm
NC_017328.1,316021,320105,4084,sigi_hmm
NC_017328.1,321531,328523,6992,sigi_hmm
NC_017328.1,337426,348240,10814,sigi_hmm
NC_017328.1,392471,398195,5724,sigi_hmm
NC_017328.1,748370,753899,5529,sigi_hmm
NC_017328.1,915638,922464,6826,sigi_hmm
NC_017328.1,926301,930984,4683,sigi_hmm
NC_017328.1,1082546,1091529,8983,sigi_hmm
NC_017328.1,1101623,1121866,20243,sigi_hmm
NC_017328.1,1149776,1160680,10904,sigi_hmm
NC_017328.1,1449084,1453246,4162,sigi_hmm
NC_017328.1,1456022,1461457,5435,sigi_hmm
NC_017328.1,1684629,1689677,5048,sigi_hmm
NC_017328.1,1900793,1904812,4019,sigi_hmm
NC_017328.1,1923989,1929612,5623,sigi_hmm
NC_017328.1,2094510,2103773,9263,sigi_hmm
NC_017328.1,2117775,2123269,5494,sigi_hmm
NC_017328.1,2127944,2135541,7597,sigi_hmm
NC_017328.1,2138032,2142494,4462,sigi_hmm
NC_017328.1,2162104,2172990,10886,sigi_hmm
NC_017328.1,2234018,2238606,4588,sigi_hmm
NC_017328.1,2521343,2535986,14643,sigi_hmm
NC_017328.1,3098096,3106093,7997,sigi_hmm
NC_017328.1,3119324,3126847,7523,sigi_hmm
NC_017328.1,3215512,3219931,4419,sigi_hmm
NC_017328.1,3297695,3302253,4558,sigi_hmm
NC_017328.1,3318278,3324670,6392,sigi_hmm
NC_017328.1,3630329,3636537,6208,sigi_hmm
NC_017328.1,3638302,3644096,5794,sigi_hmm
NC_017328.1,3662050,3668217,6167,sigi_hmm
NC_017328.1,3729535,3735597,6062,sigi_hmm
NC_017328.1,3800691,3806853,6162,sigi_hmm
NC_017328.1,3838970,3851772,12802,sigi_hmm
NC_017328.1,3938326,3943029,4703,sigi_hmm
NC_017328.1,3946993,3958680,11687,sigi_hmm
NC_017328.1,4425030,4430002,4972,sigi_hmm
NC_017328.1,4574578,4579973,5395,sigi_hmm
NC_017341.1,432991,449138,16147,sigi_hmm
NC_017341.1,1891003,1895504,4501,sigi_hmm
NC_017341.1,2105778,2114484,8706,sigi_hmm
NC_017347.1,56482,61068,4586,sigi_hmm
NC_017347.1,425156,445476,20320,sigi_hmm
NC_016941.1,1842471,1848786,6315,sigi_hmm
NC_007432.1,666727,684180,17453,sigi_hmm
NC_007432.1,685399,701707,16308,sigi_hmm
NC_017342.1,1399104,1403379,4275,sigi_hmm
NC_017568.1,1824177,1830715,6538,sigi_hmm
NC_017568.1,1841342,1850159,8817,sigi_hmm
NC_017568.1,2065622,2076288,10666,sigi_hmm
NC_017568.1,2494676,2498908,4232,sigi_hmm
NC_017567.1,919011,923689,4678,sigi_hmm
NC_017567.1,1356247,1401026,44779,sigi_hmm
NC_017671.1,54822,63101,8279,sigi_hmm
NC_017671.1,162624,192414,29790,sigi_hmm
NC_017671.1,293704,299236,5532,sigi_hmm
NC_017671.1,989732,999727,9995,sigi_hmm
NC_017671.1,1001918,1007992,6074,sigi_hmm
NC_017671.1,1027006,1031822,4816,sigi_hmm
NC_017671.1,1648522,1667626,19104,sigi_hmm
NC_017671.1,1693621,1701676,8055,sigi_hmm
NC_017671.1,1721118,1726014,4896,sigi_hmm
NC_017671.1,1735655,1739716,4061,sigi_hmm
NC_017671.1,1761475,1769581,8106,sigi_hmm
NC_017671.1,1779635,1790559,10924,sigi_hmm
NC_017671.1,2060200,2069193,8993,sigi_hmm
NC_017671.1,2424072,2437217,13145,sigi_hmm
NC_017671.1,2462648,2472668,10020,sigi_hmm
NC_017671.1,2962972,2969901,6929,sigi_hmm
NC_017671.1,3665701,3671533,5832,sigi_hmm
NC_017671.1,4194457,4230665,36208,sigi_hmm
NC_017671.1,4430040,4436910,6870,sigi_hmm
NC_017331.1,59569,66319,6750,sigi_hmm
NC_017331.1,94121,98405,4284,sigi_hmm
NC_017331.1,493843,499709,5866,sigi_hmm
NC_017331.1,503724,512320,8596,sigi_hmm
NC_017331.1,2136544,2140642,4098,sigi_hmm
NC_017331.1,2208222,2215007,6785,sigi_hmm
NC_016749.1,157111,165360,8249,sigi_hmm
NC_016749.1,277548,284803,7255,sigi_hmm
NC_016749.1,310816,318785,7969,sigi_hmm
NC_016749.1,497839,502142,4303,sigi_hmm
NC_016749.1,856898,865595,8697,sigi_hmm
NC_016749.1,966945,972269,5324,sigi_hmm
NC_016749.1,1118999,1124001,5002,sigi_hmm
NC_016749.1,1324278,1330992,6714,sigi_hmm
NC_016749.1,1333624,1341364,7740,sigi_hmm
NC_016749.1,1360690,1375508,14818,sigi_hmm
NC_016749.1,1850417,1855790,5373,sigi_hmm
NC_016749.1,1903303,1910060,6757,sigi_hmm
NC_016749.1,1939611,1943768,4157,sigi_hmm
NC_017053.1,353048,362456,9408,sigi_hmm
NC_017053.1,450873,458229,7356,sigi_hmm
NC_017053.1,1123971,1129705,5734,sigi_hmm
NC_012468.1,255162,260964,5802,sigi_hmm
NC_017596.1,262431,269070,6639,sigi_hmm
NC_017596.1,358160,362269,4109,sigi_hmm
NC_017040.1,353048,367224,14176,sigi_hmm
NC_017040.1,453448,460804,7356,sigi_hmm
NC_017576.1,295504,306186,10682,sigi_hmm
NC_017576.1,972918,984811,11893,sigi_hmm
NC_017576.1,1105464,1110377,4913,sigi_hmm
NC_017576.1,1644849,1661072,16223,sigi_hmm
NC_017576.1,2183443,2188937,5494,sigi_hmm
NC_016826.1,82825,87187,4362,sigi_hmm
NC_016826.1,249299,269344,20045,sigi_hmm
NC_016826.1,822760,829695,6935,sigi_hmm
NC_016826.1,934663,949964,15301,sigi_hmm
NC_016826.1,1378394,1392351,13957,sigi_hmm
NC_016826.1,1539185,1545674,6489,sigi_hmm
NC_016826.1,1690326,1695833,5507,sigi_hmm
NC_016826.1,1802082,1808530,6448,sigi_hmm
NC_008024.1,1621728,1627119,5391,sigi_hmm
NC_008024.1,1628220,1648373,20153,sigi_hmm
NC_004070.1,1255835,1262453,6618,sigi_hmm
NC_004070.1,1264690,1270542,5852,sigi_hmm
NC_008022.1,1280770,1287504,6734,sigi_hmm
NC_008022.1,1289101,1294953,5852,sigi_hmm
NC_007296.1,1253672,1260406,6734,sigi_hmm
NC_007296.1,1262003,1267855,5852,sigi_hmm
NC_003155.4,3676424,3685857,9433,sigi_hmm
NC_017617.1,15967,25582,9615,sigi_hmm
NC_017617.1,92725,100788,8063,sigi_hmm
NC_017617.1,196309,210564,14255,sigi_hmm
NC_017617.1,441718,447230,5512,sigi_hmm
NC_017617.1,505216,529905,24689,sigi_hmm
NC_017617.1,537575,550024,12449,sigi_hmm
NC_017617.1,608940,614260,5320,sigi_hmm
NC_017617.1,1170248,1177798,7550,sigi_hmm
NC_017617.1,1401082,1411123,10041,sigi_hmm
NC_017617.1,1739554,1743919,4365,sigi_hmm
NC_017563.1,109679,118355,8676,sigi_hmm
NC_017563.1,736205,744435,8230,sigi_hmm
NC_017563.1,791872,797539,5667,sigi_hmm
NC_017563.1,840524,845668,5144,sigi_hmm
NC_017563.1,956957,971580,14623,sigi_hmm
NC_017563.1,1235257,1243099,7842,sigi_hmm
NC_017563.1,1722401,1736495,14094,sigi_hmm
NC_017563.1,1763669,1768903,5234,sigi_hmm
NC_016582.1,5573034,5579683,6649,sigi_hmm
NC_016582.1,9431646,9435746,4100,sigi_hmm
NC_017622.1,15967,26562,10595,sigi_hmm
NC_017622.1,40235,45181,4946,sigi_hmm
NC_017622.1,94064,102116,8052,sigi_hmm
NC_017622.1,149058,153702,4644,sigi_hmm
NC_017622.1,196378,209949,13571,sigi_hmm
NC_017622.1,300969,305999,5030,sigi_hmm
NC_017622.1,441686,447198,5512,sigi_hmm
NC_017622.1,582646,587168,4522,sigi_hmm
NC_017622.1,835739,848030,12291,sigi_hmm
NC_017622.1,882856,888483,5627,sigi_hmm
NC_017622.1,899876,905844,5968,sigi_hmm
NC_017622.1,1161622,1169172,7550,sigi_hmm
NC_017622.1,1394767,1404808,10041,sigi_hmm
NC_017622.1,1737439,1741804,4365,sigi_hmm
NC_017622.1,1956723,1962629,5906,sigi_hmm
NC_010572.1,98941,112978,14037,sigi_hmm
NC_010572.1,196543,202455,5912,sigi_hmm
NC_010572.1,6474605,6489135,14530,sigi_hmm
NC_010572.1,7954466,7964511,10045,sigi_hmm
NC_010572.1,8432952,8446989,14037,sigi_hmm
NC_017621.1,10441,26204,15763,sigi_hmm
NC_017621.1,40465,45874,5409,sigi_hmm
NC_017621.1,373517,379380,5863,sigi_hmm
NC_017621.1,427666,436313,8647,sigi_hmm
NC_017621.1,450767,457482,6715,sigi_hmm
NC_017621.1,500367,514267,13900,sigi_hmm
NC_017621.1,560316,567417,7101,sigi_hmm
NC_017621.1,679736,687286,7550,sigi_hmm
NC_017621.1,736638,740816,4178,sigi_hmm
NC_017621.1,1071161,1075231,4070,sigi_hmm
NC_017621.1,1203299,1214079,10780,sigi_hmm
NC_017621.1,1219106,1223510,4404,sigi_hmm
NC_017621.1,1242245,1248068,5823,sigi_hmm
NC_017621.1,1292874,1300115,7241,sigi_hmm
NC_017621.1,1305332,1324392,19060,sigi_hmm
NC_017621.1,1364512,1371076,6564,sigi_hmm
NC_017621.1,1464746,1470088,5342,sigi_hmm
NC_017621.1,1630796,1636521,5725,sigi_hmm
NC_017621.1,2151616,2161537,9921,sigi_hmm
NC_017621.1,2173133,2180158,7025,sigi_hmm
NC_017620.1,16136,26590,10454,sigi_hmm
NC_017620.1,92706,101396,8690,sigi_hmm
NC_017620.1,199439,212084,12645,sigi_hmm
NC_017620.1,319918,325936,6018,sigi_hmm
NC_017620.1,382960,388113,5153,sigi_hmm
NC_017620.1,461834,466441,4607,sigi_hmm
NC_017620.1,576887,581426,4539,sigi_hmm
NC_017620.1,693680,702036,8356,sigi_hmm
NC_017620.1,743403,749547,6144,sigi_hmm
NC_017620.1,1033550,1041130,7580,sigi_hmm
NC_017620.1,1044590,1058135,13545,sigi_hmm
NC_017620.1,1099787,1108369,8582,sigi_hmm
NC_017620.1,1203584,1208014,4430,sigi_hmm
NC_017620.1,1453272,1461743,8471,sigi_hmm
NC_017620.1,1985387,1991302,5915,sigi_hmm
NC_017620.1,2159621,2163767,4146,sigi_hmm
NC_016884.1,558090,566509,8419,sigi_hmm
NC_016884.1,644415,652997,8582,sigi_hmm
NC_016884.1,759692,766982,7290,sigi_hmm
NC_016884.1,2202297,2210967,8670,sigi_hmm
NC_017618.1,15967,26250,10283,sigi_hmm
NC_017618.1,39923,44869,4946,sigi_hmm
NC_017618.1,94132,102161,8029,sigi_hmm
NC_017618.1,148799,153434,4635,sigi_hmm
NC_017618.1,195556,209124,13568,sigi_hmm
NC_017618.1,300508,305531,5023,sigi_hmm
NC_017618.1,441759,447271,5512,sigi_hmm
NC_017618.1,559572,563892,4320,sigi_hmm
NC_017618.1,619591,628930,9339,sigi_hmm
NC_017618.1,640276,660981,20705,sigi_hmm
NC_017618.1,704578,713017,8439,sigi_hmm
NC_017618.1,1243999,1251549,7550,sigi_hmm
NC_017618.1,1338997,1345680,6683,sigi_hmm
NC_017618.1,1491549,1499761,8212,sigi_hmm
NC_017618.1,1834742,1839107,4365,sigi_hmm
NC_017618.1,2055674,2061580,5906,sigi_hmm
NC_017619.1,15967,26251,10284,sigi_hmm
NC_017619.1,94046,102075,8029,sigi_hmm
NC_017619.1,148902,153539,4637,sigi_hmm
NC_017619.1,196129,209700,13571,sigi_hmm
NC_017619.1,257985,261994,4009,sigi_hmm
NC_017619.1,300316,305338,5022,sigi_hmm
NC_017619.1,441338,446850,5512,sigi_hmm
NC_017619.1,559727,565046,5319,sigi_hmm
NC_017619.1,580323,584845,4522,sigi_hmm
NC_017619.1,834312,846603,12291,sigi_hmm
NC_017619.1,877888,886614,8726,sigi_hmm
NC_017619.1,898124,911218,13094,sigi_hmm
NC_017619.1,1196230,1203780,7550,sigi_hmm
NC_017619.1,1429389,1439431,10042,sigi_hmm
NC_017619.1,1808728,1813093,4365,sigi_hmm
NC_017619.1,2016238,2021010,4772,sigi_hmm
NC_017765.1,21452,33325,11873,sigi_hmm
NC_017765.1,46365,50468,4103,sigi_hmm
NC_017765.1,53232,66813,13581,sigi_hmm
NC_017765.1,77858,90080,12222,sigi_hmm
NC_017765.1,98550,111681,13131,sigi_hmm
NC_017765.1,145622,152718,7096,sigi_hmm
NC_017765.1,169299,174083,4784,sigi_hmm
NC_017765.1,178416,183919,5503,sigi_hmm
NC_017765.1,198810,206910,8100,sigi_hmm
NC_017765.1,211003,228188,17185,sigi_hmm
NC_017765.1,230877,243129,12252,sigi_hmm
NC_017765.1,264457,294824,30367,sigi_hmm
NC_017765.1,297272,310114,12842,sigi_hmm
NC_017765.1,310757,315171,4414,sigi_hmm
NC_017765.1,1211472,1216577,5105,sigi_hmm
NC_017765.1,1416474,1421760,5286,sigi_hmm
NC_017765.1,1564698,1571894,7196,sigi_hmm
NC_017765.1,1683253,1687986,4733,sigi_hmm
NC_017765.1,1714352,1718398,4046,sigi_hmm
NC_017765.1,1849236,1854205,4969,sigi_hmm
NC_017765.1,1891918,1897396,5478,sigi_hmm
NC_017765.1,3324521,3331878,7357,sigi_hmm
NC_017765.1,3587604,3591919,4315,sigi_hmm
NC_017765.1,4059714,4066968,7254,sigi_hmm
NC_017765.1,5005218,5014806,9588,sigi_hmm
NC_017765.1,5185824,5190221,4397,sigi_hmm
NC_017765.1,5287819,5294569,6750,sigi_hmm
NC_017765.1,6456836,6462981,6145,sigi_hmm
NC_017765.1,7293685,7299199,5514,sigi_hmm
NC_017765.1,7307167,7311872,4705,sigi_hmm
NC_017765.1,8876225,8885619,9394,sigi_hmm
NC_017765.1,8956061,8960335,4274,sigi_hmm
NC_017765.1,9018678,9023182,4504,sigi_hmm
NC_017765.1,9031573,9043471,11898,sigi_hmm
NC_017765.1,9076677,9082592,5915,sigi_hmm
NC_017765.1,9789100,9793195,4095,sigi_hmm
NC_017765.1,9958898,9964858,5960,sigi_hmm
NC_017765.1,9998758,10003091,4333,sigi_hmm
NC_017765.1,10096306,10102246,5940,sigi_hmm
NC_015757.1,1340058,1348377,8319,sigi_hmm
NC_015757.1,2049239,2053555,4316,sigi_hmm
NC_015757.1,2896669,2903897,7228,sigi_hmm
NC_017581.1,71523,76711,5188,sigi_hmm
NC_017581.1,114701,123251,8550,sigi_hmm
NC_017581.1,132146,139363,7217,sigi_hmm
NC_017581.1,567804,581086,13282,sigi_hmm
NC_017581.1,874377,879916,5539,sigi_hmm
NC_017581.1,906651,910840,4189,sigi_hmm
NC_017581.1,937293,942956,5663,sigi_hmm
NC_017581.1,1285007,1291224,6217,sigi_hmm
NC_017581.1,1331168,1338848,7680,sigi_hmm
NC_017581.1,1854967,1866746,11779,sigi_hmm
NC_010730.1,1443022,1447596,4574,sigi_hmm
NC_007775.1,731379,739610,8231,sigi_hmm
NC_017277.1,365274,375452,10178,sigi_hmm
NC_017277.1,1621947,1631347,9400,sigi_hmm
NC_017277.1,1724248,1728845,4597,sigi_hmm
NC_017277.1,1960256,1964766,4510,sigi_hmm
NC_017277.1,2753667,2758479,4812,sigi_hmm
NC_017052.1,365262,375440,10178,sigi_hmm
NC_017052.1,1622146,1631546,9400,sigi_hmm
NC_017052.1,1724447,1729044,4597,sigi_hmm
NC_017052.1,1960455,1964965,4510,sigi_hmm
NC_017052.1,2752666,2757478,4812,sigi_hmm
NC_017038.1,365274,375452,10178,sigi_hmm
NC_017038.1,1622049,1631449,9400,sigi_hmm
NC_017038.1,1724350,1728947,4597,sigi_hmm
NC_017038.1,1960358,1964868,4510,sigi_hmm
NC_017038.1,2752568,2757380,4812,sigi_hmm
NC_006576.1,1561815,1570813,8998,sigi_hmm
NC_017039.1,365274,375452,10178,sigi_hmm
NC_017039.1,1622158,1631558,9400,sigi_hmm
NC_017039.1,1724459,1729056,4597,sigi_hmm
NC_017039.1,1960467,1964977,4510,sigi_hmm
NC_017039.1,2752678,2757490,4812,sigi_hmm
NC_008554.1,1670534,1675293,4759,sigi_hmm
NC_011662.2,347786,355298,7512,sigi_hmm
NC_011662.2,1222199,1232158,9959,sigi_hmm
NC_011662.2,3024988,3032283,7295,sigi_hmm
NC_007333.1,1137502,1143740,6238,sigi_hmm
NC_016610.1,805332,810869,5537,sigi_hmm
NC_016610.1,1315318,1322403,7085,sigi_hmm
NC_016610.1,1345328,1356242,10914,sigi_hmm
NC_016610.1,1809356,1817638,8282,sigi_hmm
NC_017587.1,1317347,1324359,7012,sigi_hmm
NC_011901.1,980425,992296,11871,sigi_hmm
NC_011901.1,1763929,1768902,4973,sigi_hmm
NC_012691.1,251260,255578,4318,sigi_hmm
NC_012691.1,1429750,1435753,6003,sigi_hmm
NC_012691.1,2152593,2162790,10197,sigi_hmm
NC_012583.1,249449,255137,5688,sigi_hmm
NC_012583.1,337789,362579,24790,sigi_hmm
NC_012583.1,364013,398984,34971,sigi_hmm
NC_012583.1,402453,471178,68725,sigi_hmm
NC_016844.1,151820,156706,4886,sigi_hmm
NC_016848.1,151855,156695,4840,sigi_hmm
NC_016848.1,332206,336365,4159,sigi_hmm
NC_016848.1,673103,677261,4158,sigi_hmm
NC_016843.1,151853,156699,4846,sigi_hmm
NC_016843.1,332168,336327,4159,sigi_hmm
NC_016843.1,673137,677296,4159,sigi_hmm
NC_016842.1,151553,156394,4841,sigi_hmm
NC_016842.1,331870,336029,4159,sigi_hmm
NC_016842.1,672649,676807,4158,sigi_hmm
NC_008312.1,1730625,1735918,5293,sigi_hmm
NC_008312.1,7425907,7435845,9938,sigi_hmm
NC_016614.1,832699,837961,5262,sigi_hmm
NC_016614.1,983154,990240,7086,sigi_hmm
NC_016614.1,1648532,1654056,5524,sigi_hmm
NC_016613.1,208695,213279,4584,sigi_hmm
NC_016613.1,226065,242931,16866,sigi_hmm
NC_016613.1,251739,269638,17899,sigi_hmm
NC_016613.1,391078,395883,4805,sigi_hmm
NC_016613.1,905658,912566,6908,sigi_hmm
NC_016613.1,1143249,1147929,4680,sigi_hmm
NC_016613.1,1150895,1176124,25229,sigi_hmm
NC_016613.1,1180253,1195741,15488,sigi_hmm
NC_016613.1,1419911,1426160,6249,sigi_hmm
NC_016613.1,1443470,1449016,5546,sigi_hmm
NC_016613.1,1662411,1666966,4555,sigi_hmm
NC_016613.1,1730165,1735623,5458,sigi_hmm
NC_016613.1,1809843,1820157,10314,sigi_hmm
NC_016613.1,1880920,1892080,11160,sigi_hmm
NC_016613.1,1923704,1930780,7076,sigi_hmm
NC_016613.1,1963725,1982043,18318,sigi_hmm
NC_016613.1,1995353,2003029,7676,sigi_hmm
NC_016613.1,2005772,2017386,11614,sigi_hmm
NC_016613.1,2112040,2121150,9110,sigi_hmm
NC_016613.1,2129017,2136432,7415,sigi_hmm
NC_016613.1,2142965,2156281,13316,sigi_hmm
NC_016613.1,2170977,2176980,6003,sigi_hmm
NC_016613.1,2600115,2609777,9662,sigi_hmm
NC_016613.1,2613437,2618194,4757,sigi_hmm
NC_016613.1,2624921,2640755,15834,sigi_hmm
NC_016613.1,2765594,2785312,19718,sigi_hmm
NC_016613.1,3281829,3287740,5911,sigi_hmm
NC_016613.1,3423348,3433390,10042,sigi_hmm
NC_012582.1,14838,29895,15057,sigi_hmm
NC_012582.1,281680,297968,16288,sigi_hmm
NC_012582.1,891955,907805,15850,sigi_hmm
NC_012582.1,913362,933101,19739,sigi_hmm
NC_012582.1,1603588,1607998,4410,sigi_hmm
NC_012582.1,1980624,1990267,9643,sigi_hmm
NC_012582.1,2007332,2011614,4282,sigi_hmm
NC_012582.1,2020323,2025221,4898,sigi_hmm
NC_012578.1,233917,250213,16296,sigi_hmm
NC_012580.1,304113,309619,5506,sigi_hmm
NC_012580.1,326564,340534,13970,sigi_hmm
NC_012580.1,341743,347708,5965,sigi_hmm
NC_012580.1,349502,364108,14606,sigi_hmm
NC_012580.1,365034,375278,10244,sigi_hmm
NC_012580.1,375781,397279,21498,sigi_hmm
NC_012580.1,399298,404865,5567,sigi_hmm
NC_016446.1,29353,34865,5512,sigi_hmm
NC_016446.1,39290,50154,10864,sigi_hmm
NC_016446.1,52483,60406,7923,sigi_hmm
NC_016446.1,62253,67556,5303,sigi_hmm
NC_016446.1,83575,100125,16550,sigi_hmm
NC_016446.1,100628,122265,21637,sigi_hmm
NC_016446.1,123274,133854,10580,sigi_hmm
NC_016446.1,373118,377737,4619,sigi_hmm
NC_016446.1,435255,439993,4738,sigi_hmm
NC_016446.1,529999,536215,6216,sigi_hmm
NC_016446.1,987349,993037,5688,sigi_hmm
NC_012668.1,374754,391057,16303,sigi_hmm
NC_012668.1,1741763,1756568,14805,sigi_hmm
NC_016445.1,95522,102832,7310,sigi_hmm
NC_016445.1,105916,111818,5902,sigi_hmm
NC_016445.1,163410,170477,7067,sigi_hmm
NC_016445.1,239993,246038,6045,sigi_hmm
NC_016445.1,348318,363162,14844,sigi_hmm
NC_016445.1,368704,389637,20933,sigi_hmm
NC_016445.1,990743,995153,4410,sigi_hmm
NC_016445.1,1054431,1060006,5575,sigi_hmm
NC_016445.1,1367493,1377145,9652,sigi_hmm
NC_016445.1,1394210,1398492,4282,sigi_hmm
NC_016445.1,1407995,1412094,4099,sigi_hmm
NC_016445.1,2600611,2614636,14025,sigi_hmm
NC_016445.1,2673197,2678980,5783,sigi_hmm
NC_016445.1,2679773,2689493,9720,sigi_hmm
NC_016445.1,2947311,2961057,13746,sigi_hmm
NC_017268.1,152317,159496,7179,sigi_hmm
NC_017269.1,295998,306175,10177,sigi_hmm
NC_017269.1,310264,331584,21320,sigi_hmm
NC_016944.1,175341,189378,14037,sigi_hmm
NC_016944.1,247940,253723,5783,sigi_hmm
NC_016944.1,254525,265377,10852,sigi_hmm
NC_016944.1,523164,534730,11566,sigi_hmm
NC_016944.1,540323,544599,4276,sigi_hmm
NC_016944.1,867838,882683,14845,sigi_hmm
NC_016944.1,888224,909157,20933,sigi_hmm
NC_016944.1,1510809,1515186,4377,sigi_hmm
NC_016944.1,1579326,1583573,4247,sigi_hmm
NC_016944.1,1942401,1952053,9652,sigi_hmm
NC_016944.1,1962458,1968075,5617,sigi_hmm
NC_016944.1,1969118,1973400,4282,sigi_hmm
NC_016944.1,1982109,1987001,4892,sigi_hmm
NC_017270.1,230922,236705,5783,sigi_hmm
NC_017270.1,240285,248355,8070,sigi_hmm
NC_017270.1,1760299,1765842,5543,sigi_hmm
NC_017270.1,1774527,1781499,6972,sigi_hmm
NC_016602.1,117350,126669,9319,sigi_hmm
NC_016602.1,131550,137721,6171,sigi_hmm
NC_016602.1,204583,210332,5749,sigi_hmm
NC_016602.1,211539,218038,6499,sigi_hmm
NC_016602.1,801993,806943,4950,sigi_hmm
NC_016602.1,2863424,2875209,11785,sigi_hmm
NC_005140.1,344422,354539,10117,sigi_hmm
NC_005139.1,147345,161881,14536,sigi_hmm
NC_005139.1,813042,822902,9860,sigi_hmm
NC_005139.1,1808545,1818857,10312,sigi_hmm
NC_005139.1,1842437,1849831,7394,sigi_hmm
NC_005139.1,1883058,1902414,19356,sigi_hmm
NC_003919.1,2237240,2241638,4398,sigi_hmm
NC_007086.1,1231170,1248447,17277,sigi_hmm
NC_007086.1,1249163,1260343,11180,sigi_hmm
NC_003902.1,3700861,3715413,14552,sigi_hmm
NC_003902.1,3716225,3728350,12125,sigi_hmm
NC_007508.1,2722836,2727884,5048,sigi_hmm
NC_010688.1,2541110,2548425,7315,sigi_hmm
NC_017271.1,776087,791321,15234,sigi_hmm
NC_017271.1,1482068,1496678,14610,sigi_hmm
NC_017271.1,1521582,1529814,8232,sigi_hmm
NC_017271.1,2234931,2246754,11823,sigi_hmm
NC_017271.1,2284026,2291553,7527,sigi_hmm
NC_017271.1,2461986,2467191,5205,sigi_hmm
NC_017271.1,2793095,2797850,4755,sigi_hmm
NC_017271.1,2882106,2888658,6552,sigi_hmm
NC_017271.1,2945471,2952036,6565,sigi_hmm
NC_017271.1,2953959,2966814,12855,sigi_hmm
NC_017271.1,2967393,2973116,5723,sigi_hmm
NC_017271.1,2979052,2984672,5620,sigi_hmm
NC_017271.1,3063077,3080425,17348,sigi_hmm
NC_017271.1,3664881,3689654,24773,sigi_hmm
NC_017271.1,3691749,3700042,8293,sigi_hmm
NC_017271.1,4201751,4210111,8360,sigi_hmm
NC_017271.1,4413335,4426496,13161,sigi_hmm
NC_017271.1,4479415,4484830,5415,sigi_hmm
NC_017271.1,4595907,4602128,6221,sigi_hmm
NC_017271.1,4772983,4777045,4062,sigi_hmm
NC_017271.1,4859842,4868510,8668,sigi_hmm
NC_009720.1,3214635,3223886,9251,sigi_hmm
NC_014228.1,106515,117527,11012,sigi_hmm
NC_014228.1,121308,125815,4507,sigi_hmm
NC_014228.1,140407,145132,4725,sigi_hmm
NC_014228.1,246151,257671,11520,sigi_hmm
NC_014228.1,288204,296989,8785,sigi_hmm
NC_014228.1,512324,524839,12515,sigi_hmm
NC_014228.1,724013,732037,8024,sigi_hmm
NC_014228.1,1016887,1022234,5347,sigi_hmm
NC_014228.1,1062708,1070920,8212,sigi_hmm
NC_014228.1,1151048,1156742,5694,sigi_hmm
NC_014228.1,1645231,1649378,4147,sigi_hmm
NC_014228.1,1848314,1852440,4126,sigi_hmm
NC_014228.1,1862879,1867930,5051,sigi_hmm
NC_014228.1,2354566,2361475,6909,sigi_hmm
NC_014228.1,2780151,2785857,5706,sigi_hmm
NC_014228.1,3171168,3175728,4560,sigi_hmm
NC_014228.1,3184119,3188558,4439,sigi_hmm
NC_014228.1,3276596,3285277,8681,sigi_hmm
NC_014228.1,3466809,3474436,7627,sigi_hmm
NC_014228.1,4083098,4088275,5177,sigi_hmm
NC_014228.1,4331327,4335510,4183,sigi_hmm
NC_010513.1,363687,375949,12262,sigi_hmm
NC_010513.1,1446704,1459487,12783,sigi_hmm
NC_010577.1,458877,464701,5824,sigi_hmm
NC_010577.1,2481563,2496526,14963,sigi_hmm
NC_004556.1,2465775,2480747,14972,sigi_hmm
NC_013530.1,3735864,3739999,4135,sigi_hmm
NC_010159.1,189360,194425,5065,sigi_hmm
NC_014029.1,2237824,2244140,6316,sigi_hmm
NC_010634.1,460143,464276,4133,sigi_hmm
NC_010465.1,71077,75815,4738,sigi_hmm
NC_010465.1,4226250,4230359,4109,sigi_hmm
NC_017160.1,742153,747219,5066,sigi_hmm
NC_017160.1,748514,753963,5449,sigi_hmm
NC_017160.1,909207,920763,11556,sigi_hmm
NC_017160.1,925429,930422,4993,sigi_hmm
NC_017160.1,953165,962497,9332,sigi_hmm
NC_017160.1,1102060,1114543,12483,sigi_hmm
NC_017160.1,1645918,1650565,4647,sigi_hmm
NC_017160.1,2165431,2171747,6316,sigi_hmm
NC_017160.1,2411462,2418736,7274,sigi_hmm
NC_017160.1,3103017,3108709,5692,sigi_hmm
NC_017160.1,3434364,3448537,14173,sigi_hmm
NC_017160.1,4090126,4096385,6259,sigi_hmm
NC_017154.1,739974,745041,5067,sigi_hmm
NC_017154.1,746336,751785,5449,sigi_hmm
NC_017154.1,907098,914291,7193,sigi_hmm
NC_017154.1,951208,960522,9314,sigi_hmm
NC_017154.1,1099387,1111871,12484,sigi_hmm
NC_017154.1,1665423,1670070,4647,sigi_hmm
NC_017154.1,1674766,1679759,4993,sigi_hmm
NC_017154.1,2119167,2126441,7274,sigi_hmm
NC_017154.1,2783413,2789593,6180,sigi_hmm
NC_017154.1,2882689,2888381,5692,sigi_hmm
NC_017154.1,3458253,3466537,8284,sigi_hmm
NC_017262.1,629292,637659,8367,sigi_hmm
NC_017262.1,1920831,1925078,4247,sigi_hmm
NC_017168.1,9047,16587,7540,sigi_hmm
NC_017168.1,25646,30639,4993,sigi_hmm
NC_017168.1,58463,67795,9332,sigi_hmm
NC_017168.1,208600,221489,12889,sigi_hmm
NC_017168.1,347225,352673,5448,sigi_hmm
NC_017168.1,353968,359034,5066,sigi_hmm
NC_017168.1,694292,698987,4695,sigi_hmm
NC_017168.1,1213040,1217705,4665,sigi_hmm
NC_017168.1,2292843,2301127,8284,sigi_hmm
NC_017168.1,2303527,2308256,4729,sigi_hmm
NC_017168.1,2541931,2547717,5786,sigi_hmm
NC_017168.1,3533063,3537770,4707,sigi_hmm
NC_017265.1,455634,464465,8831,sigi_hmm
NC_017265.1,648628,652737,4109,sigi_hmm
NC_017265.1,813182,820555,7373,sigi_hmm
NC_017265.1,829614,838435,8821,sigi_hmm
NC_017265.1,862477,871809,9332,sigi_hmm
NC_017265.1,1008907,1024203,15296,sigi_hmm
NC_017265.1,1118616,1125808,7192,sigi_hmm
NC_017265.1,2166581,2172488,5907,sigi_hmm
NC_017265.1,2309176,2313713,4537,sigi_hmm
NC_017265.1,2318609,2322672,4063,sigi_hmm
NC_017265.1,3247403,3262719,15316,sigi_hmm
NC_017265.1,3381023,3385640,4617,sigi_hmm
NC_017265.1,3730525,3735263,4738,sigi_hmm
NC_017265.1,3736558,3741624,5066,sigi_hmm
NC_017265.1,4072446,4077476,5030,sigi_hmm
NC_017265.1,4273992,4278192,4200,sigi_hmm
NC_017562.1,62187,66227,4040,sigi_hmm
NC_017562.1,271395,279491,8096,sigi_hmm
NC_017562.1,326302,331097,4795,sigi_hmm
NC_017562.1,454993,468867,13874,sigi_hmm
NC_017562.1,679002,695676,16674,sigi_hmm
NC_017562.1,730738,737648,6910,sigi_hmm
NC_017562.1,1048396,1057919,9523,sigi_hmm
NC_017562.1,1065332,1081045,15713,sigi_hmm
NC_017562.1,1250673,1256313,5640,sigi_hmm
NC_017562.1,1486508,1496861,10353,sigi_hmm
NC_017562.1,1574642,1584707,10065,sigi_hmm
NC_017562.1,1964870,1970731,5861,sigi_hmm
NC_017562.1,2265463,2270911,5448,sigi_hmm
NC_017562.1,2271292,2292254,20962,sigi_hmm
NC_017562.1,2395742,2410064,14322,sigi_hmm
NC_017267.1,38525,43428,4903,sigi_hmm
NC_017267.1,1233914,1241156,7242,sigi_hmm
NC_017267.1,1348005,1355538,7533,sigi_hmm
NC_017267.1,2059866,2078104,18238,sigi_hmm
NC_017267.1,2705982,2712937,6955,sigi_hmm
NC_017267.1,4000019,4005698,5679,sigi_hmm
NC_017267.1,4239265,4243493,4228,sigi_hmm
NC_017564.1,14065,19513,5448,sigi_hmm
NC_017564.1,183351,189678,6327,sigi_hmm
NC_017564.1,688729,696834,8105,sigi_hmm
NC_017564.1,995222,1001352,6130,sigi_hmm
NC_017564.1,1300789,1305625,4836,sigi_hmm
NC_017564.1,1312839,1318887,6048,sigi_hmm
NC_017564.1,1496357,1502352,5995,sigi_hmm
NC_017564.1,1669019,1680471,11452,sigi_hmm
NC_017564.1,1732971,1738984,6013,sigi_hmm
NC_017564.1,1883643,1894213,10570,sigi_hmm
NC_017564.1,1979096,1984937,5841,sigi_hmm
NC_017564.1,2011029,2021644,10615,sigi_hmm
NC_017564.1,2481040,2490288,9248,sigi_hmm
NC_017564.1,2494883,2505382,10499,sigi_hmm
NC_017564.1,2551491,2557822,6331,sigi_hmm
NC_017564.1,2639259,2646212,6953,sigi_hmm
NC_017564.1,2924076,2930569,6493,sigi_hmm
NC_017564.1,2931675,2936070,4395,sigi_hmm
NC_017564.1,3158758,3164883,6125,sigi_hmm
NC_017564.1,3920388,3927170,6782,sigi_hmm
NC_017564.1,4212991,4225271,12280,sigi_hmm
NC_018011.1,203427,209756,6329,sigi_hmm
NC_018011.1,212131,218898,6767,sigi_hmm
NC_018011.1,233567,238757,5190,sigi_hmm
NC_018011.1,246855,252696,5841,sigi_hmm
NC_018011.1,291933,305654,13721,sigi_hmm
NC_018011.1,306834,311078,4244,sigi_hmm
NC_018011.1,526467,538703,12236,sigi_hmm
NC_018011.1,631111,635673,4562,sigi_hmm
NC_018011.1,635976,647764,11788,sigi_hmm
NC_018011.1,653408,665990,12582,sigi_hmm
NC_018011.1,729298,736460,7162,sigi_hmm
NC_018011.1,753895,767356,13461,sigi_hmm
NC_018011.1,778691,799209,20518,sigi_hmm
NC_018011.1,824945,831736,6791,sigi_hmm
NC_018011.1,861483,866798,5315,sigi_hmm
NC_018011.1,888019,904256,16237,sigi_hmm
NC_018011.1,905390,912462,7072,sigi_hmm
NC_018011.1,1073257,1077657,4400,sigi_hmm
NC_018011.1,1504218,1522414,18196,sigi_hmm
NC_018011.1,1638306,1645245,6939,sigi_hmm
NC_018011.1,1793703,1805851,12148,sigi_hmm
NC_018011.1,1837860,1842027,4167,sigi_hmm
NC_018011.1,1905620,1910282,4662,sigi_hmm
NC_018011.1,2012146,2019232,7086,sigi_hmm
NC_018011.1,2021196,2031988,10792,sigi_hmm
NC_018011.1,2095103,2101751,6648,sigi_hmm
NC_018011.1,2104165,2115337,11172,sigi_hmm
NC_018011.1,2122824,2128811,5987,sigi_hmm
NC_018011.1,2140332,2151668,11336,sigi_hmm
NC_018011.1,2380742,2385363,4621,sigi_hmm
NC_018011.1,2385959,2403210,17251,sigi_hmm
NC_018011.1,2405730,2412365,6635,sigi_hmm
NC_018011.1,2414443,2421504,7061,sigi_hmm
NC_018011.1,2430243,2441620,11377,sigi_hmm
NC_018011.1,2444867,2458288,13421,sigi_hmm
NC_018011.1,2466065,2478042,11977,sigi_hmm
NC_018011.1,2479297,2486205,6908,sigi_hmm
NC_018011.1,2719849,2724535,4686,sigi_hmm
NC_018011.1,2748147,2752330,4183,sigi_hmm
NC_018011.1,2756741,2763776,7035,sigi_hmm
NC_018011.1,2917293,2927316,10023,sigi_hmm
NC_018011.1,2944677,2959464,14787,sigi_hmm
NC_018011.1,3034566,3040144,5578,sigi_hmm
NC_018011.1,3041049,3063346,22297,sigi_hmm
NC_018011.1,3065995,3071327,5332,sigi_hmm
NC_018011.1,3385862,3395158,9296,sigi_hmm
NC_018011.1,3531081,3539547,8466,sigi_hmm
NC_018011.1,3541717,3547409,5692,sigi_hmm
NC_018011.1,3555597,3561066,5469,sigi_hmm
NC_018011.1,3635070,3640317,5247,sigi_hmm
NC_018678.1,566300,573297,6997,sigi_hmm
NC_018678.1,582980,588183,5203,sigi_hmm
NC_018678.1,2144140,2150577,6437,sigi_hmm
NC_018678.1,3968521,3972636,4115,sigi_hmm
NC_018678.1,4408802,4413517,4715,sigi_hmm
NC_018691.1,321542,329490,7948,sigi_hmm
NC_018691.1,346242,351020,4778,sigi_hmm
NC_018691.1,768701,773941,5240,sigi_hmm
NC_018691.1,901994,910579,8585,sigi_hmm
NC_018691.1,1296655,1308160,11505,sigi_hmm
NC_018691.1,1323468,1334681,11213,sigi_hmm
NC_018691.1,1337642,1344849,7207,sigi_hmm
NC_018691.1,1619480,1624194,4714,sigi_hmm
NC_018691.1,1831942,1837734,5792,sigi_hmm
NC_018691.1,1838825,1842903,4078,sigi_hmm
NC_018691.1,1882162,1889924,7762,sigi_hmm
NC_018691.1,2222985,2232188,9203,sigi_hmm
NC_018691.1,2266267,2281358,15091,sigi_hmm
NC_018691.1,2295725,2300417,4692,sigi_hmm
NC_018691.1,2869857,2878275,8418,sigi_hmm
NC_018691.1,3068113,3081740,13627,sigi_hmm
NC_018691.1,3083118,3095600,12482,sigi_hmm
NC_018691.1,3167813,3171854,4041,sigi_hmm
NC_018691.1,4625367,4631006,5639,sigi_hmm
NC_018692.1,1744531,1750746,6215,sigi_hmm
NC_018692.1,2405108,2409917,4809,sigi_hmm
NC_018692.1,2415964,2421598,5634,sigi_hmm
NC_018692.1,2808634,2818754,10120,sigi_hmm
NC_018679.1,1864987,1869483,4496,sigi_hmm
NC_018024.1,896290,900856,4566,sigi_hmm
NC_018024.1,1302910,1307731,4821,sigi_hmm
NC_018024.1,1311116,1315456,4340,sigi_hmm
NC_018024.1,1601953,1610785,8832,sigi_hmm
NC_018024.1,1624129,1635921,11792,sigi_hmm
NC_018024.1,1863831,1867979,4148,sigi_hmm
NC_018024.1,1892942,1897556,4614,sigi_hmm
NC_018024.1,1962200,1969262,7062,sigi_hmm
NC_018024.1,1972810,1992398,19588,sigi_hmm
NC_018266.1,392492,397897,5405,sigi_hmm
NC_018266.1,1369016,1373779,4763,sigi_hmm
NC_018266.1,1554442,1560249,5807,sigi_hmm
NC_018266.1,2285358,2293017,7659,sigi_hmm
NC_018266.1,5202347,5206680,4333,sigi_hmm
NC_018266.1,5604337,5618537,14200,sigi_hmm
NC_018266.1,6409145,6417580,8435,sigi_hmm
NC_018266.1,6429032,6438423,9391,sigi_hmm
NC_018266.1,6448998,6456246,7248,sigi_hmm
NC_018266.1,6459540,6479396,19856,sigi_hmm
NC_018266.1,6834495,6846884,12389,sigi_hmm
NC_018266.1,7459268,7464229,4961,sigi_hmm
NC_018266.1,7842530,7847633,5103,sigi_hmm
NC_018266.1,8037760,8045350,7590,sigi_hmm
NC_018266.1,8081097,8091742,10645,sigi_hmm
NC_018266.1,8700823,8708896,8073,sigi_hmm
NC_018266.1,8713874,8717888,4014,sigi_hmm
NC_018266.1,9136915,9157195,20280,sigi_hmm
NC_018266.1,9626219,9630663,4444,sigi_hmm
NC_018266.1,10086750,10096256,9506,sigi_hmm
NC_018531.1,1910113,1929822,19709,sigi_hmm
NC_018531.1,2086166,2091860,5694,sigi_hmm
NC_018531.1,3630765,3648744,17979,sigi_hmm
NC_018531.1,3986640,3996641,10001,sigi_hmm
NC_017912.1,1160344,1165513,5169,sigi_hmm
NC_017912.1,1511054,1516031,4977,sigi_hmm
NC_017912.1,1910270,1919065,8795,sigi_hmm
NC_017912.1,1931203,1936388,5185,sigi_hmm
NC_017912.1,1958532,1967906,9374,sigi_hmm
NC_017912.1,1986025,1990531,4506,sigi_hmm
NC_017912.1,3626818,3661463,34645,sigi_hmm
NC_017912.1,4086123,4094389,8266,sigi_hmm
NC_017912.1,4138566,4145810,7244,sigi_hmm
NC_016617.1,574086,580043,5957,sigi_hmm
NC_016617.1,586418,592795,6377,sigi_hmm
NC_016617.1,593318,601079,7761,sigi_hmm
NC_016617.1,1824462,1828875,4413,sigi_hmm
NC_016617.1,1841807,1846118,4311,sigi_hmm
NC_016617.1,2828389,2835636,7247,sigi_hmm
NC_016617.1,2837240,2846343,9103,sigi_hmm
NC_016617.1,2906006,2912323,6317,sigi_hmm
NC_017867.1,31567,35961,4394,sigi_hmm
NC_017867.1,1096652,1104673,8021,sigi_hmm
NC_017867.1,1501661,1511641,9980,sigi_hmm
NC_017867.1,1639771,1645155,5384,sigi_hmm
NC_017867.1,1653225,1658335,5110,sigi_hmm
NC_017867.1,1688666,1696041,7375,sigi_hmm
NC_017999.1,59189,66695,7506,sigi_hmm
NC_017999.1,69580,83282,13702,sigi_hmm
NC_017999.1,132095,139362,7267,sigi_hmm
NC_017999.1,823922,828651,4729,sigi_hmm
NC_017999.1,924139,934843,10704,sigi_hmm
NC_017999.1,1047391,1052634,5243,sigi_hmm
NC_017999.1,1282239,1290138,7899,sigi_hmm
NC_017999.1,1419436,1424586,5150,sigi_hmm
NC_017999.1,1428765,1438405,9640,sigi_hmm
NC_017999.1,1442741,1449255,6514,sigi_hmm
NC_017866.1,31096,35961,4865,sigi_hmm
NC_017866.1,1096649,1104670,8021,sigi_hmm
NC_017866.1,1501667,1511494,9827,sigi_hmm
NC_017866.1,1639553,1644936,5383,sigi_hmm
NC_017866.1,1653006,1658116,5110,sigi_hmm
NC_017866.1,1688447,1695822,7375,sigi_hmm
NC_018010.1,563058,567627,4569,sigi_hmm
NC_018010.1,674663,681589,6926,sigi_hmm
NC_018010.1,1148279,1153679,5400,sigi_hmm
NC_018010.1,1331298,1349269,17971,sigi_hmm
NC_018010.1,1353882,1366933,13051,sigi_hmm
NC_018010.1,1370810,1390449,19639,sigi_hmm
NC_018010.1,1678985,1684394,5409,sigi_hmm
NC_018010.1,2547010,2555720,8710,sigi_hmm
NC_018010.1,2685196,2690459,5263,sigi_hmm
NC_018010.1,2966452,2970504,4052,sigi_hmm
NC_018010.1,3185342,3189653,4311,sigi_hmm
NC_018010.1,3203350,3209493,6143,sigi_hmm
NC_018010.1,3564586,3571530,6944,sigi_hmm
NC_017403.1,65143,69981,4838,sigi_hmm
NC_017403.1,71056,77555,6499,sigi_hmm
NC_017403.1,156318,161064,4746,sigi_hmm
NC_017403.1,811218,816020,4802,sigi_hmm
NC_017418.1,64919,69754,4835,sigi_hmm
NC_017418.1,70829,77328,6499,sigi_hmm
NC_017418.1,810137,814942,4805,sigi_hmm
NC_017922.1,227278,233664,6386,sigi_hmm
NC_017922.1,402382,407150,4768,sigi_hmm
NC_017922.1,500897,523066,22169,sigi_hmm
NC_017922.1,554221,561471,7250,sigi_hmm
NC_017922.1,565512,569940,4428,sigi_hmm
NC_017922.1,777712,785162,7450,sigi_hmm
NC_017922.1,792908,799103,6195,sigi_hmm
NC_017922.1,974712,987100,12388,sigi_hmm
NC_017921.1,187036,192990,5954,sigi_hmm
NC_017921.1,221385,228170,6785,sigi_hmm
NC_017921.1,355326,361908,6582,sigi_hmm
NC_017921.1,482651,514820,32169,sigi_hmm
NC_017921.1,772459,777289,4830,sigi_hmm
NC_017921.1,981591,985936,4345,sigi_hmm
NC_017921.1,1230777,1234909,4132,sigi_hmm
NC_017921.1,1384341,1392848,8507,sigi_hmm
NC_017921.1,1708920,1717099,8179,sigi_hmm
NC_017921.1,1943481,1948410,4929,sigi_hmm
NC_017921.1,2150963,2159299,8336,sigi_hmm
NC_017921.1,2160496,2167992,7496,sigi_hmm
NC_017920.1,10253,16216,5963,sigi_hmm
NC_017920.1,393581,400977,7396,sigi_hmm
NC_017920.1,813117,817632,4515,sigi_hmm
NC_017920.1,819330,837853,18523,sigi_hmm
NC_017920.1,875513,882219,6706,sigi_hmm
NC_017920.1,1197651,1204106,6455,sigi_hmm
NC_017920.1,2100453,2120261,19808,sigi_hmm
NC_017920.1,3121340,3126422,5082,sigi_hmm
NC_018514.1,96534,103115,6581,sigi_hmm
NC_018514.1,262619,268344,5725,sigi_hmm
NC_018514.1,336548,343721,7173,sigi_hmm
NC_018514.1,763282,771418,8136,sigi_hmm
NC_018514.1,923062,934257,11195,sigi_hmm
NC_018514.1,936126,943493,7367,sigi_hmm
NC_018514.1,965467,976387,10920,sigi_hmm
NC_018514.1,996423,1001131,4708,sigi_hmm
NC_018514.1,1077017,1086271,9254,sigi_hmm
NC_018514.1,1115888,1121871,5983,sigi_hmm
NC_018514.1,1651071,1667981,16910,sigi_hmm
NC_018514.1,1704823,1745886,41063,sigi_hmm
NC_018514.1,1750491,1756069,5578,sigi_hmm
NC_018514.1,1763361,1769688,6327,sigi_hmm
NC_018514.1,2257981,2263044,5063,sigi_hmm
NC_018514.1,2287631,2294651,7020,sigi_hmm
NC_018514.1,2579204,2583286,4082,sigi_hmm
NC_018514.1,2689519,2696113,6594,sigi_hmm
NC_018514.1,2868708,2908480,39772,sigi_hmm
NC_018514.1,2911299,2926268,14969,sigi_hmm
NC_018513.1,272942,296473,23531,sigi_hmm
NC_018513.1,2010223,2019620,9397,sigi_hmm
NC_018513.1,2317745,2328216,10471,sigi_hmm
NC_018513.1,2329084,2334418,5334,sigi_hmm
NC_018513.1,3340802,3346377,5575,sigi_hmm
NC_018513.1,3346810,3356630,9820,sigi_hmm
NC_013260.1,648858,652934,4076,sigi_hmm
NC_017299.1,275622,279808,4186,sigi_hmm
NC_017299.1,542590,549112,6522,sigi_hmm
NC_017299.1,806833,811336,4503,sigi_hmm
NC_017299.1,1010951,1022568,11617,sigi_hmm
NC_017299.1,1037467,1041937,4470,sigi_hmm
NC_017299.1,1054527,1061508,6981,sigi_hmm
NC_017299.1,2094818,2101891,7073,sigi_hmm
NC_017299.1,2105752,2113438,7686,sigi_hmm
NC_017299.1,2199384,2219573,20189,sigi_hmm
NC_017299.1,2224706,2229362,4656,sigi_hmm
NC_017299.1,2337577,2344919,7342,sigi_hmm
NC_017299.1,2427461,2436993,9532,sigi_hmm
NC_017299.1,3040710,3046261,5551,sigi_hmm
NC_017299.1,3060619,3065826,5207,sigi_hmm
NC_017299.1,3624398,3632675,8277,sigi_hmm
NC_017299.1,3847582,3852352,4770,sigi_hmm
NC_018664.1,468176,472975,4799,sigi_hmm
NC_018664.1,480940,485873,4933,sigi_hmm
NC_018664.1,488914,511137,22223,sigi_hmm
NC_018664.1,519019,531867,12848,sigi_hmm
NC_018664.1,546049,554140,8091,sigi_hmm
NC_018664.1,598594,605258,6664,sigi_hmm
NC_018664.1,1190720,1200158,9438,sigi_hmm
NC_018664.1,2059409,2065525,6116,sigi_hmm
NC_013446.1,6951,11115,4164,sigi_hmm
NC_013446.1,1179763,1184234,4471,sigi_hmm
NC_013446.1,1635541,1639630,4089,sigi_hmm
NC_013446.1,1684363,1688460,4097,sigi_hmm
NC_013446.1,1745358,1750215,4857,sigi_hmm
NC_013446.1,2078915,2083301,4386,sigi_hmm
NC_013446.1,2153519,2158224,4705,sigi_hmm
NC_013446.1,2170211,2177260,7049,sigi_hmm
NC_013446.1,2245591,2251495,5904,sigi_hmm
NC_013446.1,2263140,2272598,9458,sigi_hmm
NC_013446.1,2764416,2774251,9835,sigi_hmm
NC_013446.1,2779828,2789850,10022,sigi_hmm
NC_013446.1,2803613,2808777,5164,sigi_hmm
NC_013446.1,2834352,2841957,7605,sigi_hmm
NC_013446.1,2844016,2853696,9680,sigi_hmm
NC_013446.1,2858404,2863611,5207,sigi_hmm
NC_013446.1,2866273,2871609,5336,sigi_hmm
NC_013446.1,2970044,2982359,12315,sigi_hmm
NC_013446.1,2996835,3001366,4531,sigi_hmm
NC_013446.1,3161047,3166139,5092,sigi_hmm
NC_013446.1,3215412,3220175,4763,sigi_hmm
NC_013446.1,4049551,4057702,8151,sigi_hmm
NC_013446.1,4191080,4198807,7727,sigi_hmm
NC_013446.1,4287872,4295996,8124,sigi_hmm
NC_013446.1,4528327,4535877,7550,sigi_hmm
NC_013446.1,4731187,4738892,7705,sigi_hmm
NC_017945.1,189212,195865,6653,sigi_hmm
NC_018019.1,182452,192423,9971,sigi_hmm
NC_018019.1,2002562,2007072,4510,sigi_hmm
NC_018101.1,277138,284808,7670,sigi_hmm
NC_018101.1,286444,293096,6652,sigi_hmm
NC_018101.1,548165,555346,7181,sigi_hmm
NC_017933.1,916496,921314,4818,sigi_hmm
NC_017933.1,1093140,1097321,4181,sigi_hmm
NC_017933.1,1334560,1344330,9770,sigi_hmm
NC_017933.1,1445256,1450829,5573,sigi_hmm
NC_017933.1,1520301,1529197,8896,sigi_hmm
NC_017933.1,1598568,1605889,7321,sigi_hmm
NC_017933.1,1784339,1789857,5518,sigi_hmm
NC_017933.1,2318188,2323826,5638,sigi_hmm
NC_017933.1,3036972,3043792,6820,sigi_hmm
NC_017933.1,3337687,3343050,5363,sigi_hmm
NC_017933.1,3610903,3616700,5797,sigi_hmm
NC_017933.1,3693903,3703524,9621,sigi_hmm
NC_017933.1,3766064,3770657,4593,sigi_hmm
NC_015563.1,613531,617579,4048,sigi_hmm
NC_015563.1,1136321,1150885,14564,sigi_hmm
NC_015563.1,1602200,1608594,6394,sigi_hmm
NC_015563.1,1833977,1850762,16785,sigi_hmm
NC_015563.1,1854715,1867280,12565,sigi_hmm
NC_015563.1,1890726,1895018,4292,sigi_hmm
NC_015563.1,1899396,1903982,4586,sigi_hmm
NC_015563.1,1916940,1922725,5785,sigi_hmm
NC_015563.1,1935164,1939180,4016,sigi_hmm
NC_015563.1,1944820,1953173,8353,sigi_hmm
NC_015563.1,1959314,1963959,4645,sigi_hmm
NC_015563.1,1977605,1989014,11409,sigi_hmm
NC_015563.1,2002845,2018038,15193,sigi_hmm
NC_015563.1,2021181,2030946,9765,sigi_hmm
NC_015563.1,2045056,2049637,4581,sigi_hmm
NC_015563.1,3050080,3056557,6477,sigi_hmm
NC_015563.1,3211320,3217881,6561,sigi_hmm
NC_015563.1,3238968,3244111,5143,sigi_hmm
NC_015563.1,3272616,3282963,10347,sigi_hmm
NC_015563.1,3315317,3327408,12091,sigi_hmm
NC_015563.1,3409061,3415939,6878,sigi_hmm
NC_015563.1,3450825,3454867,4042,sigi_hmm
NC_015563.1,3519268,3529575,10307,sigi_hmm
NC_015563.1,3579654,3586771,7117,sigi_hmm
NC_015563.1,3588133,3592255,4122,sigi_hmm
NC_015563.1,3688532,3694775,6243,sigi_hmm
NC_015563.1,3804179,3808627,4448,sigi_hmm
NC_015563.1,3987366,3991419,4053,sigi_hmm
NC_015563.1,4036260,4041616,5356,sigi_hmm
NC_015563.1,4099865,4108170,8305,sigi_hmm
NC_015563.1,4557987,4563363,5376,sigi_hmm
NC_015563.1,4567082,4572582,5500,sigi_hmm
NC_015563.1,4591074,4597735,6661,sigi_hmm
NC_015563.1,4641223,4649316,8093,sigi_hmm
NC_015563.1,5294063,5301264,7201,sigi_hmm
NC_015563.1,5852773,5858621,5848,sigi_hmm
NC_015563.1,6366661,6373035,6374,sigi_hmm
NC_018017.1,895255,900256,5001,sigi_hmm
NC_018017.1,3312063,3317575,5512,sigi_hmm
NC_018025.1,5906532,5912881,6349,sigi_hmm
NC_018515.1,521288,526336,5048,sigi_hmm
NC_018515.1,539921,546265,6344,sigi_hmm
NC_018515.1,572264,584220,11956,sigi_hmm
NC_018515.1,598677,615240,16563,sigi_hmm
NC_018515.1,1410541,1429282,18741,sigi_hmm
NC_018515.1,1471498,1476275,4777,sigi_hmm
NC_018515.1,1672360,1679888,7528,sigi_hmm
NC_018515.1,1849191,1856613,7422,sigi_hmm
NC_018515.1,1959725,1976126,16401,sigi_hmm
NC_018515.1,2491637,2499662,8025,sigi_hmm
NC_018515.1,3610084,3614532,4448,sigi_hmm
NC_018515.1,4345885,4354272,8387,sigi_hmm
NC_018515.1,4676592,4682456,5864,sigi_hmm
NC_018068.1,2628827,2636759,7932,sigi_hmm
NC_018068.1,4023648,4027879,4231,sigi_hmm
NC_018068.1,4218550,4222949,4399,sigi_hmm
NC_011769.1,2039862,2050185,10323,sigi_hmm
NC_011769.1,2549908,2555493,5585,sigi_hmm
NC_011769.1,3409003,3425206,16203,sigi_hmm
NC_011769.1,3444023,3452598,8575,sigi_hmm
NC_018221.1,2902905,2908790,5885,sigi_hmm
NC_017022.1,288041,295150,7109,sigi_hmm
NC_017022.1,1609244,1663640,54396,sigi_hmm
NC_017022.1,2835604,2868989,33385,sigi_hmm
NC_018081.1,331789,339152,7363,sigi_hmm
NC_018081.1,1859072,1863894,4822,sigi_hmm
NC_018081.1,1908800,1913664,4864,sigi_hmm
NC_017390.1,15051,20594,5543,sigi_hmm
NC_017390.1,161895,166217,4322,sigi_hmm
NC_017390.1,542650,547718,5068,sigi_hmm
NC_017390.1,694269,698542,4273,sigi_hmm
NC_017390.1,754324,760150,5826,sigi_hmm
NC_017390.1,903552,910216,6664,sigi_hmm
NC_017390.1,1123533,1130866,7333,sigi_hmm
NC_017390.1,1154761,1159879,5118,sigi_hmm
NC_017390.1,1219393,1224714,5321,sigi_hmm
NC_017390.1,1360799,1366967,6168,sigi_hmm
NC_017390.1,1370994,1376810,5816,sigi_hmm
NC_017390.1,1414566,1419069,4503,sigi_hmm
NC_017390.1,1444847,1450613,5766,sigi_hmm
NC_017390.1,1609281,1620331,11050,sigi_hmm
NC_017390.1,1659983,1668898,8915,sigi_hmm
NC_017390.1,1980792,1986129,5337,sigi_hmm
NC_017390.1,2023940,2030868,6928,sigi_hmm
NC_017390.1,2229411,2260488,31077,sigi_hmm
NC_017390.1,2679096,2689421,10325,sigi_hmm
NC_017390.1,3047919,3052192,4273,sigi_hmm
NC_017390.1,3322117,3327352,5235,sigi_hmm
NC_017390.1,3505409,3515497,10088,sigi_hmm
NC_017390.1,3757066,3762531,5465,sigi_hmm
NC_017390.1,3941480,3945767,4287,sigi_hmm
NC_017960.1,1887073,1898602,11529,sigi_hmm
NC_017960.1,1908202,1912882,4680,sigi_hmm
NC_018079.1,577670,594093,16423,sigi_hmm
NC_018079.1,600314,604794,4480,sigi_hmm
NC_018079.1,1028394,1033743,5349,sigi_hmm
NC_018079.1,1267780,1275406,7626,sigi_hmm
NC_018079.1,1717591,1729929,12338,sigi_hmm
NC_018079.1,1907754,1915404,7650,sigi_hmm
NC_018079.1,2183903,2190846,6943,sigi_hmm
NC_018079.1,2275510,2282826,7316,sigi_hmm
NC_018079.1,2354444,2361965,7521,sigi_hmm
NC_018079.1,2693371,2700275,6904,sigi_hmm
NC_018079.1,2712894,2727829,14935,sigi_hmm
NC_018079.1,2851649,2860265,8616,sigi_hmm
NC_018079.1,3228080,3236046,7966,sigi_hmm
NC_018079.1,3534883,3539224,4341,sigi_hmm
NC_018079.1,3742044,3762284,20240,sigi_hmm
NC_018079.1,4075998,4080770,4772,sigi_hmm
NC_018658.1,56340,60868,4528,sigi_hmm
NC_018658.1,64452,72229,7777,sigi_hmm
NC_018658.1,84191,88424,4233,sigi_hmm
NC_018658.1,125084,131246,6162,sigi_hmm
NC_018658.1,282547,288355,5808,sigi_hmm
NC_018658.1,302914,310501,7587,sigi_hmm
NC_018658.1,334407,338562,4155,sigi_hmm
NC_018658.1,761571,767047,5476,sigi_hmm
NC_018658.1,883736,914579,30843,sigi_hmm
NC_018658.1,1060019,1078262,18243,sigi_hmm
NC_018658.1,1283366,1301953,18587,sigi_hmm
NC_018658.1,1554961,1569612,14651,sigi_hmm
NC_018658.1,1574167,1578373,4206,sigi_hmm
NC_018658.1,1592113,1604475,12362,sigi_hmm
NC_018658.1,1863942,1869659,5717,sigi_hmm
NC_018658.1,1943529,1953106,9577,sigi_hmm
NC_018658.1,1994896,2004304,9408,sigi_hmm
NC_018658.1,2007664,2015272,7608,sigi_hmm
NC_018658.1,2062206,2067637,5431,sigi_hmm
NC_018658.1,2148635,2153334,4699,sigi_hmm
NC_018658.1,2525795,2532817,7022,sigi_hmm
NC_018658.1,2644459,2651427,6968,sigi_hmm
NC_018658.1,2654288,2658614,4326,sigi_hmm
NC_018658.1,3033166,3041292,8126,sigi_hmm
NC_018658.1,3185636,3211952,26316,sigi_hmm
NC_018658.1,3216669,3236123,19454,sigi_hmm
NC_018658.1,3312002,3316983,4981,sigi_hmm
NC_018658.1,4102336,4107138,4802,sigi_hmm
NC_018658.1,4128078,4134814,6736,sigi_hmm
NC_018658.1,4141260,4148044,6784,sigi_hmm
NC_018658.1,4149474,4156312,6838,sigi_hmm
NC_018658.1,4209506,4215664,6158,sigi_hmm
NC_018658.1,4294251,4300779,6528,sigi_hmm
NC_018658.1,4509017,4513716,4699,sigi_hmm
NC_018658.1,4539218,4543436,4218,sigi_hmm
NC_018658.1,4560345,4566050,5705,sigi_hmm
NC_018658.1,4619218,4623575,4357,sigi_hmm
NC_018658.1,4735976,4742489,6513,sigi_hmm
NC_017906.1,18326,24750,6424,sigi_hmm
NC_017906.1,237577,244012,6435,sigi_hmm
NC_017906.1,300078,311123,11045,sigi_hmm
NC_017906.1,312295,317270,4975,sigi_hmm
NC_017906.1,349894,353918,4024,sigi_hmm
NC_017906.1,359626,364036,4410,sigi_hmm
NC_017906.1,368443,374541,6098,sigi_hmm
NC_017906.1,757940,762586,4646,sigi_hmm
NC_017906.1,893250,904817,11567,sigi_hmm
NC_017906.1,925146,930302,5156,sigi_hmm
NC_017906.1,1128372,1135002,6630,sigi_hmm
NC_017906.1,1166210,1170855,4645,sigi_hmm
NC_017906.1,1247081,1251282,4201,sigi_hmm
NC_017906.1,1252537,1261516,8979,sigi_hmm
NC_017906.1,1264534,1271453,6919,sigi_hmm
NC_017906.1,1332729,1345878,13149,sigi_hmm
NC_017906.1,1372569,1383541,10972,sigi_hmm
NC_017906.1,1385799,1392301,6502,sigi_hmm
NC_017906.1,1397577,1403890,6313,sigi_hmm
NC_017906.1,1423796,1431998,8202,sigi_hmm
NC_017906.1,1441673,1445715,4042,sigi_hmm
NC_017906.1,1577299,1591784,14485,sigi_hmm
NC_017906.1,1623143,1632568,9425,sigi_hmm
NC_017906.1,1654370,1659211,4841,sigi_hmm
NC_017906.1,1763473,1772233,8760,sigi_hmm
NC_017906.1,1802184,1808178,5994,sigi_hmm
NC_017906.1,1811076,1818994,7918,sigi_hmm
NC_017906.1,2051704,2056031,4327,sigi_hmm
NC_017906.1,2058892,2067249,8357,sigi_hmm
NC_017906.1,2562831,2566974,4143,sigi_hmm
NC_017906.1,2595623,2600669,5046,sigi_hmm
NC_017906.1,2656048,2661120,5072,sigi_hmm
NC_017906.1,2706550,2716990,10440,sigi_hmm
NC_017906.1,2792088,2797926,5838,sigi_hmm
NC_017906.1,2852575,2869059,16484,sigi_hmm
NC_017906.1,3121101,3132201,11100,sigi_hmm
NC_017906.1,3136768,3151418,14650,sigi_hmm
NC_017906.1,3413981,3427562,13581,sigi_hmm
NC_017906.1,3433511,3438500,4989,sigi_hmm
NC_017906.1,3637327,3664572,27245,sigi_hmm
NC_017906.1,3779592,3792685,13093,sigi_hmm
NC_017906.1,4471059,4476232,5173,sigi_hmm
NC_017906.1,4515847,4551091,35244,sigi_hmm
NC_017906.1,4613268,4620586,7318,sigi_hmm
NC_017906.1,5215714,5220524,4810,sigi_hmm
NC_017906.1,5238496,5243075,4579,sigi_hmm
NC_017906.1,5247422,5255020,7598,sigi_hmm
NC_017906.1,5279096,5287697,8601,sigi_hmm
NC_017906.1,5322662,5327378,4716,sigi_hmm
NC_017910.1,494500,505315,10815,sigi_hmm
NC_017910.1,508254,519474,11220,sigi_hmm
NC_017910.1,652211,658329,6118,sigi_hmm
NC_017910.1,866497,873458,6961,sigi_hmm
NC_017910.1,1205245,1213671,8426,sigi_hmm
NC_017910.1,1234011,1242577,8566,sigi_hmm
NC_017910.1,1513471,1520100,6629,sigi_hmm
NC_017910.1,1522217,1528752,6535,sigi_hmm
NC_017910.1,1926040,1935575,9535,sigi_hmm
NC_017910.1,2149481,2155924,6443,sigi_hmm
NC_017910.1,2165388,2169392,4004,sigi_hmm
NC_017910.1,2231526,2239089,7563,sigi_hmm
NC_017910.1,2248494,2253890,5396,sigi_hmm
NC_017910.1,3576614,3585960,9346,sigi_hmm
NC_017910.1,4035236,4041125,5889,sigi_hmm
NC_012971.2,19658,24865,5207,sigi_hmm
NC_012971.2,152518,159046,6528,sigi_hmm
NC_012971.2,236954,243952,6998,sigi_hmm
NC_012971.2,285912,290709,4797,sigi_hmm
NC_012971.2,531435,548586,17151,sigi_hmm
NC_012971.2,566321,570574,4253,sigi_hmm
NC_012971.2,691299,697525,6226,sigi_hmm
NC_012971.2,758308,769210,10902,sigi_hmm
NC_012971.2,1092122,1099373,7251,sigi_hmm
NC_012971.2,1199843,1207360,7517,sigi_hmm
NC_012971.2,1397168,1402826,5658,sigi_hmm
NC_012971.2,1403197,1409816,6619,sigi_hmm
NC_012971.2,1535114,1539440,4326,sigi_hmm
NC_012971.2,1542301,1550539,8238,sigi_hmm
NC_012971.2,1582335,1596591,14256,sigi_hmm
NC_012971.2,1962005,1969615,7610,sigi_hmm
NC_012971.2,1970367,1974951,4584,sigi_hmm
NC_012971.2,1998632,2012093,13461,sigi_hmm
NC_012971.2,2083419,2087659,4240,sigi_hmm
NC_012971.2,2272887,2277165,4278,sigi_hmm
NC_012971.2,2358526,2368074,9548,sigi_hmm
NC_012971.2,2622524,2628467,5943,sigi_hmm
NC_012971.2,2941476,2945636,4160,sigi_hmm
NC_012971.2,2953898,2963405,9507,sigi_hmm
NC_012971.2,3053498,3058938,5440,sigi_hmm
NC_012971.2,3665008,3671932,6924,sigi_hmm
NC_012971.2,3704093,3722906,18813,sigi_hmm
NC_012971.2,4384041,4388731,4690,sigi_hmm
NC_012971.2,4414315,4419000,4685,sigi_hmm
NC_012971.2,4441742,4454308,12566,sigi_hmm
NC_012971.2,4479099,4485647,6548,sigi_hmm
NC_012892.2,152518,159046,6528,sigi_hmm
NC_012892.2,236948,241043,4095,sigi_hmm
NC_012892.2,285906,290703,4797,sigi_hmm
NC_012892.2,545566,551261,5695,sigi_hmm
NC_012892.2,691293,697519,6226,sigi_hmm
NC_012892.2,758302,769204,10902,sigi_hmm
NC_012892.2,1199837,1209274,9437,sigi_hmm
NC_012892.2,1397162,1402820,5658,sigi_hmm
NC_012892.2,1404771,1409810,5039,sigi_hmm
NC_012892.2,1426944,1432403,5459,sigi_hmm
NC_012892.2,1535108,1539434,4326,sigi_hmm
NC_012892.2,1542295,1550533,8238,sigi_hmm
NC_012892.2,1587286,1595791,8505,sigi_hmm
NC_012892.2,1940469,1944510,4041,sigi_hmm
NC_012892.2,1961999,1969609,7610,sigi_hmm
NC_012892.2,2000136,2012087,11951,sigi_hmm
NC_012892.2,2358520,2368068,9548,sigi_hmm
NC_012892.2,2622518,2627365,4847,sigi_hmm
NC_012892.2,2957301,2963399,6098,sigi_hmm
NC_012892.2,3053456,3058932,5476,sigi_hmm
NC_012892.2,3628567,3632905,4338,sigi_hmm
NC_012892.2,3704087,3722637,18550,sigi_hmm
NC_012892.2,4384035,4388725,4690,sigi_hmm
NC_012892.2,4414309,4418615,4306,sigi_hmm
NC_012892.2,4449945,4454302,4357,sigi_hmm
NC_012892.2,4479093,4485641,6548,sigi_hmm
NC_013654.1,15284,19713,4429,sigi_hmm
NC_013654.1,163039,169548,6509,sigi_hmm
NC_013654.1,180813,185717,4904,sigi_hmm
NC_013654.1,294693,303459,8766,sigi_hmm
NC_013654.1,310295,315785,5490,sigi_hmm
NC_013654.1,319399,325186,5787,sigi_hmm
NC_013654.1,513666,518343,4677,sigi_hmm
NC_013654.1,1034039,1042175,8136,sigi_hmm
NC_013654.1,1151294,1157492,6198,sigi_hmm
NC_013654.1,1192499,1200184,7685,sigi_hmm
NC_013654.1,1236707,1254553,17846,sigi_hmm
NC_013654.1,1514730,1519056,4326,sigi_hmm
NC_013654.1,1521922,1530782,8860,sigi_hmm
NC_013654.1,1969666,1978420,8754,sigi_hmm
NC_013654.1,1980182,1987461,7279,sigi_hmm
NC_013654.1,1991007,1998163,7156,sigi_hmm
NC_013654.1,2024636,2030404,5768,sigi_hmm
NC_013654.1,2051509,2061975,10466,sigi_hmm
NC_013654.1,2134356,2140373,6017,sigi_hmm
NC_013654.1,2421860,2431408,9548,sigi_hmm
NC_013654.1,2787400,2795800,8400,sigi_hmm
NC_013654.1,2848448,2852541,4093,sigi_hmm
NC_013654.1,2866336,2871547,5211,sigi_hmm
NC_013654.1,3035043,3043541,8498,sigi_hmm
NC_013654.1,3751459,3759626,8167,sigi_hmm
NC_013654.1,4058524,4062709,4185,sigi_hmm
NC_013654.1,4368318,4379446,11128,sigi_hmm
NC_013654.1,4542611,4554050,11439,sigi_hmm
NC_013654.1,4564686,4570101,5415,sigi_hmm
NC_013654.1,4579966,4584025,4059,sigi_hmm
NC_013654.1,4593751,4604895,11144,sigi_hmm
NC_013654.1,4628124,4635737,7613,sigi_hmm
NC_017638.1,149716,156202,6486,sigi_hmm
NC_017638.1,234028,239379,5351,sigi_hmm
NC_017638.1,267322,274306,6984,sigi_hmm
NC_017638.1,278403,298215,19812,sigi_hmm
NC_017638.1,316874,321505,4631,sigi_hmm
NC_017638.1,562766,575893,13127,sigi_hmm
NC_017638.1,1078167,1083746,5579,sigi_hmm
NC_017638.1,1174259,1181877,7618,sigi_hmm
NC_017638.1,1190333,1199774,9441,sigi_hmm
NC_017638.1,1405527,1411166,5639,sigi_hmm
NC_017638.1,1561815,1566141,4326,sigi_hmm
NC_017638.1,1569002,1574642,5640,sigi_hmm
NC_017638.1,1617980,1635020,17040,sigi_hmm
NC_017638.1,2040661,2048270,7609,sigi_hmm
NC_017638.1,2049022,2055014,5992,sigi_hmm
NC_017638.1,2085199,2096863,11664,sigi_hmm
NC_017638.1,2171954,2177790,5836,sigi_hmm
NC_017638.1,2367597,2374845,7248,sigi_hmm
NC_017638.1,2451426,2457018,5592,sigi_hmm
NC_017638.1,2465519,2475067,9548,sigi_hmm
NC_017638.1,2734068,2745264,11196,sigi_hmm
NC_017638.1,2750885,2755691,4806,sigi_hmm
NC_017638.1,2760974,2766558,5584,sigi_hmm
NC_017638.1,2856477,2865127,8650,sigi_hmm
NC_017638.1,2965444,2976735,11291,sigi_hmm
NC_017638.1,3164049,3170744,6695,sigi_hmm
NC_017638.1,3339082,3345548,6466,sigi_hmm
NC_017638.1,3774854,3785986,11132,sigi_hmm
NC_017638.1,4452169,4457021,4852,sigi_hmm
NC_017638.1,4476520,4481359,4839,sigi_hmm
NC_017638.1,4483828,4491227,7399,sigi_hmm
NC_017638.1,4513009,4524807,11798,sigi_hmm
NC_017638.1,4556690,4561240,4550,sigi_hmm
NC_007779.1,149715,156201,6486,sigi_hmm
NC_007779.1,234027,239378,5351,sigi_hmm
NC_007779.1,267321,274341,7020,sigi_hmm
NC_007779.1,279248,297015,17767,sigi_hmm
NC_007779.1,308582,320305,11723,sigi_hmm
NC_007779.1,561565,584856,23291,sigi_hmm
NC_007779.1,1088261,1095563,7302,sigi_hmm
NC_007779.1,1198444,1204801,6357,sigi_hmm
NC_007779.1,1209709,1220778,11069,sigi_hmm
NC_007779.1,1425114,1430440,5326,sigi_hmm
NC_007779.1,1581347,1585401,4054,sigi_hmm
NC_007779.1,1588534,1594156,5622,sigi_hmm
NC_007779.1,1637512,1654422,16910,sigi_hmm
NC_007779.1,2058995,2066604,7609,sigi_hmm
NC_007779.1,2067356,2072641,5285,sigi_hmm
NC_007779.1,2104032,2115198,11166,sigi_hmm
NC_007779.1,2190294,2196130,5836,sigi_hmm
NC_007779.1,2387383,2394634,7251,sigi_hmm
NC_007779.1,2471991,2477508,5517,sigi_hmm
NC_007779.1,2486084,2495632,9548,sigi_hmm
NC_007779.1,2754815,2766011,11196,sigi_hmm
NC_007779.1,2771492,2776438,4946,sigi_hmm
NC_007779.1,2782294,2787305,5011,sigi_hmm
NC_007779.1,2877225,2885875,8650,sigi_hmm
NC_007779.1,2986192,2997484,11292,sigi_hmm
NC_007779.1,3184798,3191493,6695,sigi_hmm
NC_007779.1,3361031,3367497,6466,sigi_hmm
NC_007779.1,3832317,3843467,11150,sigi_hmm
NC_007779.1,3984123,3989124,5001,sigi_hmm
NC_007779.1,4477079,4481931,4852,sigi_hmm
NC_007779.1,4501430,4506269,4839,sigi_hmm
NC_007779.1,4508738,4516137,7399,sigi_hmm
NC_007779.1,4537919,4549709,11790,sigi_hmm
NC_007779.1,4576431,4586142,9711,sigi_hmm
NC_017626.1,21439,26890,5451,sigi_hmm
NC_017626.1,239097,243189,4092,sigi_hmm
NC_017626.1,264423,275861,11438,sigi_hmm
NC_017626.1,336586,341710,5124,sigi_hmm
NC_017626.1,359681,366040,6359,sigi_hmm
NC_017626.1,373996,379486,5490,sigi_hmm
NC_017626.1,660237,664727,4490,sigi_hmm
NC_017626.1,666865,671196,4331,sigi_hmm
NC_017626.1,880805,887411,6606,sigi_hmm
NC_017626.1,888781,895276,6495,sigi_hmm
NC_017626.1,1288911,1296672,7761,sigi_hmm
NC_017626.1,1408129,1414220,6091,sigi_hmm
NC_017626.1,1444902,1450829,5927,sigi_hmm
NC_017626.1,1547202,1553364,6162,sigi_hmm
NC_017626.1,1562440,1571197,8757,sigi_hmm
NC_017626.1,1653094,1659600,6506,sigi_hmm
NC_017626.1,1708688,1713015,4327,sigi_hmm
NC_017626.1,1791700,1806977,15277,sigi_hmm
NC_017626.1,2213592,2219015,5423,sigi_hmm
NC_017626.1,2312192,2319802,7610,sigi_hmm
NC_017626.1,2367296,2375163,7867,sigi_hmm
NC_017626.1,2657088,2661257,4169,sigi_hmm
NC_017626.1,2739445,2746558,7113,sigi_hmm
NC_017626.1,3011871,3024974,13103,sigi_hmm
NC_017626.1,3025518,3037853,12335,sigi_hmm
NC_017626.1,3043167,3048882,5715,sigi_hmm
NC_017626.1,3249573,3276731,27158,sigi_hmm
NC_017626.1,3392011,3399205,7194,sigi_hmm
NC_017626.1,3406889,3433873,26984,sigi_hmm
NC_017626.1,3450959,3457808,6849,sigi_hmm
NC_017626.1,3910346,3917538,7192,sigi_hmm
NC_017626.1,3996484,4001392,4908,sigi_hmm
NC_017626.1,4180346,4185521,5175,sigi_hmm
NC_017626.1,4207950,4219103,11153,sigi_hmm
NC_017626.1,4252237,4259219,6982,sigi_hmm
NC_017626.1,4334993,4341871,6878,sigi_hmm
NC_017626.1,4357468,4365103,7635,sigi_hmm
NC_017626.1,4371632,4375720,4088,sigi_hmm
NC_017626.1,4865605,4870255,4650,sigi_hmm
NC_017626.1,4915659,4921378,5719,sigi_hmm
NC_017626.1,4926658,4933548,6890,sigi_hmm
NC_017626.1,5081722,5094534,12812,sigi_hmm
NC_017633.1,153033,159519,6486,sigi_hmm
NC_017633.1,269134,274675,5541,sigi_hmm
NC_017633.1,332229,339840,7611,sigi_hmm
NC_017633.1,341915,353186,11271,sigi_hmm
NC_017633.1,378990,383786,4796,sigi_hmm
NC_017633.1,621914,628965,7051,sigi_hmm
NC_017633.1,867566,872754,5188,sigi_hmm
NC_017633.1,890173,899453,9280,sigi_hmm
NC_017633.1,1193304,1201311,8007,sigi_hmm
NC_017633.1,1293830,1299644,5814,sigi_hmm
NC_017633.1,1350007,1358307,8300,sigi_hmm
NC_017633.1,1698453,1702507,4054,sigi_hmm
NC_017633.1,2103874,2108181,4307,sigi_hmm
NC_017633.1,2123943,2137031,13088,sigi_hmm
NC_017633.1,2261198,2268806,7608,sigi_hmm
NC_017633.1,2294016,2298316,4300,sigi_hmm
NC_017633.1,2335005,2342347,7342,sigi_hmm
NC_017633.1,2424100,2430116,6016,sigi_hmm
NC_017633.1,2608310,2616350,8040,sigi_hmm
NC_017633.1,2697586,2712240,14654,sigi_hmm
NC_017633.1,2846118,2851851,5733,sigi_hmm
NC_017633.1,3051610,3071002,19392,sigi_hmm
NC_017633.1,3171731,3177300,5569,sigi_hmm
NC_017633.1,3283466,3301626,18160,sigi_hmm
NC_017633.1,3448575,3457224,8649,sigi_hmm
NC_017633.1,3577154,3583524,6370,sigi_hmm
NC_017633.1,4178309,4184457,6148,sigi_hmm
NC_017633.1,4215932,4221752,5820,sigi_hmm
NC_017633.1,4223836,4233036,9200,sigi_hmm
NC_017633.1,4238295,4243485,5190,sigi_hmm
NC_017633.1,4245706,4252807,7101,sigi_hmm
NC_017633.1,4854724,4867857,13133,sigi_hmm
NC_017633.1,4984303,4988684,4381,sigi_hmm
NC_017633.1,5003502,5024637,21135,sigi_hmm
NC_018661.1,57097,61625,4528,sigi_hmm
NC_018661.1,65209,71713,6504,sigi_hmm
NC_018661.1,73239,80930,7691,sigi_hmm
NC_018661.1,117590,123752,6162,sigi_hmm
NC_018661.1,273299,279107,5808,sigi_hmm
NC_018661.1,293666,299896,6230,sigi_hmm
NC_018661.1,327708,331863,4155,sigi_hmm
NC_018661.1,755095,760571,5476,sigi_hmm
NC_018661.1,877261,905835,28574,sigi_hmm
NC_018661.1,1053126,1071354,18228,sigi_hmm
NC_018661.1,1277119,1295706,18587,sigi_hmm
NC_018661.1,1549915,1564566,14651,sigi_hmm
NC_018661.1,1569121,1573327,4206,sigi_hmm
NC_018661.1,1587067,1599429,12362,sigi_hmm
NC_018661.1,1858776,1863824,5048,sigi_hmm
NC_018661.1,1939260,1948837,9577,sigi_hmm
NC_018661.1,1990627,2000035,9408,sigi_hmm
NC_018661.1,2003395,2011003,7608,sigi_hmm
NC_018661.1,2057937,2063367,5430,sigi_hmm
NC_018661.1,2160582,2164622,4040,sigi_hmm
NC_018661.1,2523020,2534364,11344,sigi_hmm
NC_018661.1,2641684,2648652,6968,sigi_hmm
NC_018661.1,2651513,2657038,5525,sigi_hmm
NC_018661.1,3031931,3040058,8127,sigi_hmm
NC_018661.1,3087260,3092368,5108,sigi_hmm
NC_018661.1,3242885,3261833,18948,sigi_hmm
NC_018661.1,3266550,3286004,19454,sigi_hmm
NC_018661.1,3361072,3366604,5532,sigi_hmm
NC_018661.1,4151964,4157965,6001,sigi_hmm
NC_018661.1,4178905,4184725,5820,sigi_hmm
NC_018661.1,4186155,4192993,6838,sigi_hmm
NC_018661.1,4246187,4252345,6158,sigi_hmm
NC_018661.1,4330931,4337459,6528,sigi_hmm
NC_018661.1,4545698,4550397,4699,sigi_hmm
NC_018661.1,4575899,4580117,4218,sigi_hmm
NC_018661.1,4597026,4601411,4385,sigi_hmm
NC_018661.1,4656473,4661173,4700,sigi_hmm
NC_018661.1,4773797,4780309,6512,sigi_hmm
NC_018661.1,4781498,4787421,5923,sigi_hmm
NC_017634.1,238304,242399,4095,sigi_hmm
NC_017634.1,263663,270958,7295,sigi_hmm
NC_017634.1,310172,317550,7378,sigi_hmm
NC_017634.1,324389,329879,5490,sigi_hmm
NC_017634.1,333492,341269,7777,sigi_hmm
NC_017634.1,998543,1004866,6323,sigi_hmm
NC_017634.1,1008225,1015553,7328,sigi_hmm
NC_017634.1,1023635,1035098,11463,sigi_hmm
NC_017634.1,1065575,1072081,6506,sigi_hmm
NC_017634.1,1232031,1239287,7256,sigi_hmm
NC_017634.1,1495776,1508913,13137,sigi_hmm
NC_017634.1,1538912,1544858,5946,sigi_hmm
NC_017634.1,1547724,1556827,9103,sigi_hmm
NC_017634.1,1575170,1581620,6450,sigi_hmm
NC_017634.1,1616845,1633098,16253,sigi_hmm
NC_017634.1,2045909,2049929,4020,sigi_hmm
NC_017634.1,2053459,2060958,7499,sigi_hmm
NC_017634.1,2063636,2083672,20036,sigi_hmm
NC_017634.1,2129606,2135934,6328,sigi_hmm
NC_017634.1,2187989,2192704,4715,sigi_hmm
NC_017634.1,2213073,2218491,5418,sigi_hmm
NC_017634.1,2485768,2495316,9548,sigi_hmm
NC_017634.1,2709534,2714001,4467,sigi_hmm
NC_017634.1,2929236,2934465,5229,sigi_hmm
NC_017634.1,3095129,3103965,8836,sigi_hmm
NC_017634.1,3575304,3584731,9427,sigi_hmm
NC_017634.1,3816357,3822505,6148,sigi_hmm
NC_017634.1,4172020,4176170,4150,sigi_hmm
NC_017634.1,4441613,4445688,4075,sigi_hmm
NC_017634.1,4466702,4471363,4661,sigi_hmm
NC_017634.1,4623371,4635830,12459,sigi_hmm
NC_017634.1,4660436,4666955,6519,sigi_hmm
NC_017656.1,18308,24732,6424,sigi_hmm
NC_017656.1,237527,243961,6434,sigi_hmm
NC_017656.1,271491,276237,4746,sigi_hmm
NC_017656.1,301280,306098,4818,sigi_hmm
NC_017656.1,307256,316855,9599,sigi_hmm
NC_017656.1,341420,354043,12623,sigi_hmm
NC_017656.1,381231,388383,7152,sigi_hmm
NC_017656.1,393932,398342,4410,sigi_hmm
NC_017656.1,402868,409887,7019,sigi_hmm
NC_017656.1,691881,697391,5510,sigi_hmm
NC_017656.1,705048,712720,7672,sigi_hmm
NC_017656.1,734498,740519,6021,sigi_hmm
NC_017656.1,840592,845238,4646,sigi_hmm
NC_017656.1,974993,979157,4164,sigi_hmm
NC_017656.1,980315,994387,14072,sigi_hmm
NC_017656.1,1014755,1019871,5116,sigi_hmm
NC_017656.1,1309050,1322198,13148,sigi_hmm
NC_017656.1,1457535,1462847,5312,sigi_hmm
NC_017656.1,1572333,1577022,4689,sigi_hmm
NC_017656.1,1612576,1621309,8733,sigi_hmm
NC_017656.1,1899711,1904038,4327,sigi_hmm
NC_017656.1,1906899,1913948,7049,sigi_hmm
NC_017656.1,2394587,2399633,5046,sigi_hmm
NC_017656.1,2433172,2441915,8743,sigi_hmm
NC_017656.1,2460061,2465133,5072,sigi_hmm
NC_017656.1,2469428,2480023,10595,sigi_hmm
NC_017656.1,2516411,2521121,4710,sigi_hmm
NC_017656.1,2522493,2526816,4323,sigi_hmm
NC_017656.1,2612224,2618061,5837,sigi_hmm
NC_017656.1,2644096,2648612,4516,sigi_hmm
NC_017656.1,2687757,2691841,4084,sigi_hmm
NC_017656.1,2944449,2955513,11064,sigi_hmm
NC_017656.1,2960080,2974734,14654,sigi_hmm
NC_017656.1,3227418,3262641,35223,sigi_hmm
NC_017656.1,3462076,3473926,11850,sigi_hmm
NC_017656.1,3590209,3603303,13094,sigi_hmm
NC_017656.1,4342322,4347495,5173,sigi_hmm
NC_017656.1,4384898,4420469,35571,sigi_hmm
NC_017656.1,4494276,4500547,6271,sigi_hmm
NC_017656.1,5104055,5122248,18193,sigi_hmm
NC_017656.1,5124944,5132542,7598,sigi_hmm
NC_017656.1,5156279,5162839,6560,sigi_hmm
NC_017656.1,5200183,5204900,4717,sigi_hmm
NC_017909.1,326927,334852,7925,sigi_hmm
NC_017449.1,910423,915040,4617,sigi_hmm
NC_018018.1,210717,215699,4982,sigi_hmm
NC_018018.1,303739,310663,6924,sigi_hmm
NC_018018.1,378482,385522,7040,sigi_hmm
NC_018018.1,395073,399963,4890,sigi_hmm
NC_018018.1,440508,450740,10232,sigi_hmm
NC_018018.1,2791184,2797674,6490,sigi_hmm
NC_018018.1,2810240,2815531,5291,sigi_hmm
NC_018018.1,2820760,2828867,8107,sigi_hmm
NC_018018.1,3996762,4009196,12434,sigi_hmm
NC_006570.2,1074364,1078632,4268,sigi_hmm
NC_017941.1,849724,854524,4800,sigi_hmm
NC_017941.1,2074088,2080798,6710,sigi_hmm
NC_018581.1,41867,46349,4482,sigi_hmm
NC_018581.1,184079,188351,4272,sigi_hmm
NC_018581.1,514761,519244,4483,sigi_hmm
NC_018581.1,767481,781193,13712,sigi_hmm
NC_018581.1,784949,809883,24934,sigi_hmm
NC_018581.1,1186449,1208542,22093,sigi_hmm
NC_018581.1,1519093,1524604,5511,sigi_hmm
NC_018581.1,1528313,1537572,9259,sigi_hmm
NC_018581.1,1723233,1743600,20367,sigi_hmm
NC_018581.1,1762011,1778293,16282,sigi_hmm
NC_018581.1,2774896,2824526,49630,sigi_hmm
NC_018581.1,2828999,2834219,5220,sigi_hmm
NC_018581.1,2935666,2940139,4473,sigi_hmm
NC_018581.1,3250090,3265622,15532,sigi_hmm
NC_018581.1,3331121,3335717,4596,sigi_hmm
NC_018581.1,3652962,3662377,9415,sigi_hmm
NC_018581.1,3880651,3884783,4132,sigi_hmm
NC_018581.1,4998817,5006873,8056,sigi_hmm
NC_018106.1,406406,411047,4641,sigi_hmm
NC_018106.1,596813,603642,6829,sigi_hmm
NC_018106.1,640725,649588,8863,sigi_hmm
NC_018106.1,650616,655540,4924,sigi_hmm
NC_018106.1,1166028,1171824,5796,sigi_hmm
NC_018106.1,1206602,1210658,4056,sigi_hmm
NC_018106.1,1519535,1528082,8547,sigi_hmm
NC_018106.1,1614848,1619154,4306,sigi_hmm
NC_018106.1,2012545,2018878,6333,sigi_hmm
NC_018106.1,2029588,2045574,15986,sigi_hmm
NC_018106.1,2049488,2068326,18838,sigi_hmm
NC_018106.1,2520044,2525547,5503,sigi_hmm
NC_018106.1,2872064,2876196,4132,sigi_hmm
NC_018106.1,2897977,2901986,4009,sigi_hmm
NC_018106.1,3142924,3147069,4145,sigi_hmm
NC_018106.1,3537264,3549155,11891,sigi_hmm
NC_018106.1,4081016,4094231,13215,sigi_hmm
NC_018106.1,4205706,4211968,6262,sigi_hmm
NC_017949.1,32974,42984,10010,sigi_hmm
NC_017949.1,208580,212853,4273,sigi_hmm
NC_017949.1,2486907,2492765,5858,sigi_hmm
NC_018528.1,386163,392366,6203,sigi_hmm
NC_018528.1,510935,515019,4084,sigi_hmm
NC_018528.1,1041315,1047183,5868,sigi_hmm
NC_018528.1,1770237,1775393,5156,sigi_hmm
NC_018528.1,1777866,1781906,4040,sigi_hmm
NC_018528.1,1796448,1801947,5499,sigi_hmm
NC_018528.1,1815857,1821904,6047,sigi_hmm
NC_018528.1,1951547,1958913,7366,sigi_hmm
NC_018528.1,1966230,1979185,12955,sigi_hmm
NC_018528.1,1983099,1989016,5917,sigi_hmm
NC_018528.1,2036297,2041990,5693,sigi_hmm
NC_018584.1,80900,85821,4921,sigi_hmm
NC_018584.1,392950,398427,5477,sigi_hmm
NC_018589.1,332842,337146,4304,sigi_hmm
NC_018586.1,503111,507563,4452,sigi_hmm
NC_018593.1,74779,81162,6383,sigi_hmm
NC_018591.1,332482,336511,4029,sigi_hmm
NC_018178.1,3116520,3121300,4780,sigi_hmm
NC_017934.1,2681576,2685804,4228,sigi_hmm
NC_017934.1,2687920,2695800,7880,sigi_hmm
NC_017067.1,230680,234809,4129,sigi_hmm
NC_017067.1,526225,535708,9483,sigi_hmm
NC_017067.1,536309,544592,8283,sigi_hmm
NC_017067.1,1006910,1014482,7572,sigi_hmm
NC_017067.1,1120390,1126042,5652,sigi_hmm
NC_017067.1,1155891,1160250,4359,sigi_hmm
NC_017067.1,1162385,1167354,4969,sigi_hmm
NC_017067.1,1167878,1174018,6140,sigi_hmm
NC_017067.1,1705939,1716702,10763,sigi_hmm
NC_017067.1,1926444,1938111,11667,sigi_hmm
NC_017067.1,1943990,1974696,30706,sigi_hmm
NC_017067.1,1999074,2007122,8048,sigi_hmm
NC_017067.1,2027748,2032417,4669,sigi_hmm
NC_017067.1,2330081,2346156,16075,sigi_hmm
NC_017067.1,2589043,2601397,12354,sigi_hmm
NC_017067.1,2603582,2614188,10606,sigi_hmm
NC_017067.1,2922296,2935104,12808,sigi_hmm
NC_017067.1,2991792,3005048,13256,sigi_hmm
NC_017067.1,3304378,3310751,6373,sigi_hmm
NC_017067.1,3684531,3689234,4703,sigi_hmm
NC_017067.1,3738923,3743542,4619,sigi_hmm
NC_017067.1,3821268,3844141,22873,sigi_hmm
NC_017067.1,3931642,3938293,6651,sigi_hmm
NC_014207.1,8605,17828,9223,sigi_hmm
NC_014207.1,953770,963490,9720,sigi_hmm
NC_014207.1,1379025,1383219,4194,sigi_hmm
NC_014207.1,2039866,2053172,13306,sigi_hmm
NC_014207.1,2081217,2085395,4178,sigi_hmm
NC_014207.1,2281949,2286366,4417,sigi_hmm
NC_014207.1,2422683,2428219,5536,sigi_hmm
NC_014207.1,2569525,2574158,4633,sigi_hmm
NC_017955.1,347482,356768,9286,sigi_hmm
NC_017955.1,446847,451652,4805,sigi_hmm
NC_017955.1,697960,701968,4008,sigi_hmm
NC_017955.1,705492,710501,5009,sigi_hmm
NC_017955.1,1508089,1517806,9717,sigi_hmm
NC_017955.1,1559794,1571927,12133,sigi_hmm
NC_017955.1,1586251,1592612,6361,sigi_hmm
NC_017955.1,1613267,1624232,10965,sigi_hmm
NC_017955.1,1626250,1636327,10077,sigi_hmm
NC_017955.1,1637834,1655960,18126,sigi_hmm
NC_017955.1,1664286,1683483,19197,sigi_hmm
NC_017955.1,2332590,2340569,7979,sigi_hmm
NC_017955.1,2448058,2453571,5513,sigi_hmm
NC_017955.1,2502652,2509636,6984,sigi_hmm
NC_017955.1,2519885,2530967,11082,sigi_hmm
NC_017955.1,3028640,3033063,4423,sigi_hmm
NC_017955.1,3074662,3099364,24702,sigi_hmm
NC_017955.1,3108026,3112587,4561,sigi_hmm
NC_017955.1,3122915,3128729,5814,sigi_hmm
NC_017955.1,3132176,3138353,6177,sigi_hmm
NC_017955.1,3566089,3571044,4955,sigi_hmm
NC_017955.1,3676108,3703920,27812,sigi_hmm
NC_017955.1,3704886,3728964,24078,sigi_hmm
NC_017955.1,3739014,3758264,19250,sigi_hmm
NC_017955.1,3761630,3769973,8343,sigi_hmm
NC_017955.1,3774031,3778044,4013,sigi_hmm
NC_017955.1,3779448,3794979,15531,sigi_hmm
NC_017955.1,3795366,3806254,10888,sigi_hmm
NC_017955.1,3809514,3819885,10371,sigi_hmm
NC_017955.1,3820291,3832316,12025,sigi_hmm
NC_017955.1,3834787,3839854,5067,sigi_hmm
NC_017955.1,3842513,3851739,9226,sigi_hmm
NC_017955.1,3853193,3858790,5597,sigi_hmm
NC_017955.1,4077137,4082742,5605,sigi_hmm
NC_017955.1,4092667,4103594,10927,sigi_hmm
NC_017955.1,4107146,4130669,23523,sigi_hmm
NC_017955.1,4753840,4759252,5412,sigi_hmm
NC_017955.1,5179236,5188886,9650,sigi_hmm
NC_016934.1,1104324,1108797,4473,sigi_hmm
NC_016934.1,1693913,1700922,7009,sigi_hmm
NC_016934.1,2204086,2208633,4547,sigi_hmm
NC_016934.1,2804218,2813035,8817,sigi_hmm
NC_016934.1,3482484,3486816,4332,sigi_hmm
NC_017904.1,27151,33331,6180,sigi_hmm
NC_017904.1,671394,684452,13058,sigi_hmm
NC_017904.1,977681,986582,8901,sigi_hmm
NC_017904.1,1689404,1704998,15594,sigi_hmm
NC_017904.1,1711451,1717008,5557,sigi_hmm
NC_017904.1,1718206,1755429,37223,sigi_hmm
NC_017904.1,1756043,1761750,5707,sigi_hmm
NC_017904.1,1766455,1772427,5972,sigi_hmm
NC_017904.1,1834626,1839800,5174,sigi_hmm
NC_017904.1,1852914,1860592,7678,sigi_hmm
NC_017904.1,1875032,1879198,4166,sigi_hmm
NC_017904.1,1902485,1908814,6329,sigi_hmm
NC_017904.1,2172018,2192371,20353,sigi_hmm
NC_017904.1,2263432,2275362,11930,sigi_hmm
NC_017904.1,2358546,2365030,6484,sigi_hmm
NC_017904.1,2365977,2371985,6008,sigi_hmm
NC_017904.1,2386736,2397313,10577,sigi_hmm
NC_017904.1,2398563,2402727,4164,sigi_hmm
NC_017904.1,2406102,2415788,9686,sigi_hmm
NC_017904.1,2428665,2448086,19421,sigi_hmm
NC_017904.1,2650215,2658287,8072,sigi_hmm
NC_017904.1,2667209,2677342,10133,sigi_hmm
NC_017904.1,2738860,2743242,4382,sigi_hmm
NC_017904.1,3087829,3093416,5587,sigi_hmm
NC_017904.1,3096058,3100253,4195,sigi_hmm
NC_017904.1,3113021,3123479,10458,sigi_hmm
NC_017904.1,3138870,3156613,17743,sigi_hmm
NC_017904.1,3256741,3262949,6208,sigi_hmm
NC_017904.1,3435402,3443847,8445,sigi_hmm
NC_017904.1,3523510,3531734,8224,sigi_hmm
NC_017904.1,4353225,4363806,10581,sigi_hmm
NC_017904.1,4747272,4752901,5629,sigi_hmm
NC_017904.1,4764656,4776221,11565,sigi_hmm
NC_017904.1,5139962,5144067,4105,sigi_hmm
NC_018150.1,4987588,4997643,10055,sigi_hmm
NC_018143.1,1101807,1106280,4473,sigi_hmm
NC_018143.1,1690856,1697865,7009,sigi_hmm
NC_018143.1,3477057,3481286,4229,sigi_hmm
NC_016946.1,28389,35474,7085,sigi_hmm
NC_016946.1,676019,689701,13682,sigi_hmm
NC_016946.1,1069288,1079058,9770,sigi_hmm
NC_016946.1,1314973,1328931,13958,sigi_hmm
NC_016946.1,1360092,1368012,7920,sigi_hmm
NC_016946.1,1369943,1392645,22702,sigi_hmm
NC_016946.1,1502846,1509330,6484,sigi_hmm
NC_016946.1,1515137,1524047,8910,sigi_hmm
NC_016946.1,1534553,1548659,14106,sigi_hmm
NC_016946.1,1549391,1569552,20161,sigi_hmm
NC_016946.1,1952558,1959616,7058,sigi_hmm
NC_016946.1,1974363,1979609,5246,sigi_hmm
NC_016946.1,2152874,2165243,12369,sigi_hmm
NC_016946.1,2253767,2259079,5312,sigi_hmm
NC_016946.1,2425232,2430659,5427,sigi_hmm
NC_016946.1,2433074,2439226,6152,sigi_hmm
NC_016946.1,2635066,2642510,7444,sigi_hmm
NC_016946.1,2649537,2659044,9507,sigi_hmm
NC_016946.1,3058492,3063048,4556,sigi_hmm
NC_016946.1,3324759,3342242,17483,sigi_hmm
NC_016946.1,3609477,3617531,8054,sigi_hmm
NC_016946.1,4198066,4208648,10582,sigi_hmm
NC_016946.1,4743076,4747292,4216,sigi_hmm
NC_016946.1,4945110,4952729,7619,sigi_hmm
NC_016946.1,4954563,4961889,7326,sigi_hmm
NC_018078.1,2715490,2722499,7009,sigi_hmm
NC_018078.1,3305446,3309919,4473,sigi_hmm
NC_018289.1,100839,106193,5354,sigi_hmm
NC_018289.1,433318,442298,8980,sigi_hmm
NC_018289.1,568519,573487,4968,sigi_hmm
NC_018289.1,1313344,1326520,13176,sigi_hmm
NC_018289.1,1336076,1348475,12399,sigi_hmm
NC_018289.1,1350262,1357988,7726,sigi_hmm
NC_018289.1,1876178,1882234,6056,sigi_hmm
NC_018289.1,1933128,1939990,6862,sigi_hmm
NC_018289.1,1945159,1950388,5229,sigi_hmm
NC_018289.1,2868054,2874007,5953,sigi_hmm
NC_018289.1,3413494,3418622,5128,sigi_hmm
NC_018289.1,3428686,3438564,9878,sigi_hmm
NC_018289.1,3478702,3484069,5367,sigi_hmm
NC_018289.1,3986458,3992335,5877,sigi_hmm
NC_018289.1,4005125,4012723,7598,sigi_hmm
NC_018289.1,4052524,4061071,8547,sigi_hmm
NC_018289.1,4068639,4072808,4169,sigi_hmm
NC_018289.1,4102408,4128464,26056,sigi_hmm
NC_018289.1,4133710,4139289,5579,sigi_hmm
NC_018289.1,4143130,4147870,4740,sigi_hmm
NC_018289.1,4154527,4163938,9411,sigi_hmm
NC_018289.1,4201481,4214404,12923,sigi_hmm
NC_018289.1,4225106,4231738,6632,sigi_hmm
NC_018289.1,4233988,4244638,10650,sigi_hmm
NC_018289.1,4686151,4692766,6615,sigi_hmm
NC_018289.1,4837746,4842774,5028,sigi_hmm
NC_018289.1,5189822,5194634,4812,sigi_hmm
NC_018289.1,6008589,6044522,35933,sigi_hmm
NC_018027.1,183654,187682,4028,sigi_hmm
NC_018027.1,790306,798835,8529,sigi_hmm
NC_018027.1,1319387,1324924,5537,sigi_hmm
NC_018027.1,1328409,1344094,15685,sigi_hmm
NC_018027.1,2023646,2027692,4046,sigi_hmm
NC_018027.1,2275809,2281632,5823,sigi_hmm
NC_018027.1,2331744,2338566,6822,sigi_hmm
NC_018027.1,2754268,2760134,5866,sigi_hmm
NC_018027.1,3089079,3096317,7238,sigi_hmm
NC_018027.1,4080097,4084727,4630,sigi_hmm
NC_018027.1,4844147,4851974,7827,sigi_hmm
NC_018027.1,4854045,4858119,4074,sigi_hmm
NC_018027.1,4862235,4871132,8897,sigi_hmm
NC_018027.1,5517094,5522348,5254,sigi_hmm
NC_018411.1,344570,349538,4968,sigi_hmm
NC_018411.1,889517,895810,6293,sigi_hmm
NC_018409.1,354956,359924,4968,sigi_hmm
NC_018409.1,916166,922459,6293,sigi_hmm
NC_018407.1,349772,354740,4968,sigi_hmm
NC_018407.1,904631,910924,6293,sigi_hmm
NC_018406.1,360533,365501,4968,sigi_hmm
NC_018406.1,914752,921045,6293,sigi_hmm
NC_018410.1,341466,346429,4963,sigi_hmm
NC_018410.1,890498,896791,6293,sigi_hmm
NC_018224.1,842366,846920,4554,sigi_hmm
NC_018224.1,1338104,1344470,6366,sigi_hmm
NC_018224.1,1851701,1855819,4118,sigi_hmm
NC_018224.1,1978728,1983767,5039,sigi_hmm
NC_018224.1,1988189,1997858,9669,sigi_hmm
NC_018224.1,2015233,2021068,5835,sigi_hmm
NC_018224.1,2475248,2479414,4166,sigi_hmm
NC_018224.1,2537192,2544777,7585,sigi_hmm
NC_018224.1,2780733,2789288,8555,sigi_hmm
NC_018224.1,3330891,3338585,7694,sigi_hmm
NC_018224.1,3342666,3352686,10020,sigi_hmm
NC_018224.1,3389213,3393412,4199,sigi_hmm
NC_018224.1,3401533,3413082,11549,sigi_hmm
NC_018224.1,3671863,3676715,4852,sigi_hmm
NC_018524.1,311676,316351,4675,sigi_hmm
NC_018524.1,563733,574155,10422,sigi_hmm
NC_018524.1,588780,593262,4482,sigi_hmm
NC_018524.1,1761849,1765901,4052,sigi_hmm
NC_018524.1,1986093,1992359,6266,sigi_hmm
NC_018524.1,2433885,2437958,4073,sigi_hmm
NC_018524.1,4856003,4876202,20199,sigi_hmm
NC_018524.1,5009665,5016717,7052,sigi_hmm
NC_018524.1,5030379,5047882,17503,sigi_hmm
NC_007614.1,124924,129504,4580,sigi_hmm
NC_007614.1,918806,924884,6078,sigi_hmm
NC_007614.1,1047659,1051663,4004,sigi_hmm
NC_007614.1,1247408,1253116,5708,sigi_hmm
NC_007614.1,2340482,2345204,4722,sigi_hmm
NC_007614.1,2638153,2645700,7547,sigi_hmm
NC_007614.1,2777226,2782493,5267,sigi_hmm
NC_007614.1,2785274,2789499,4225,sigi_hmm
NC_007614.1,3051532,3056580,5048,sigi_hmm
NC_007614.1,3164766,3172313,7547,sigi_hmm
NC_014211.1,61356,65585,4229,sigi_hmm
NC_014211.1,207038,211626,4588,sigi_hmm
NC_014211.1,382835,387836,5001,sigi_hmm
NC_014211.1,444925,450126,5201,sigi_hmm
NC_014211.1,642354,647680,5326,sigi_hmm
NC_018016.1,692231,696434,4203,sigi_hmm
NC_018016.1,1661904,1666216,4312,sigi_hmm
NC_018290.1,18908,24050,5142,sigi_hmm
NC_018290.1,1901090,1905153,4063,sigi_hmm
NC_018290.1,1997205,2004470,7265,sigi_hmm
NC_018290.1,2021369,2034271,12902,sigi_hmm
NC_018290.1,2078335,2082463,4128,sigi_hmm
NC_018290.1,2305161,2311108,5947,sigi_hmm
NC_018290.1,2375590,2380204,4614,sigi_hmm
NC_018290.1,2987999,2994333,6334,sigi_hmm
NC_018290.1,3210507,3215348,4841,sigi_hmm
NC_018290.1,3223410,3236918,13508,sigi_hmm
NC_018290.1,3678061,3685075,7014,sigi_hmm
NC_018286.1,192995,200036,7041,sigi_hmm
NC_018286.1,710616,716961,6345,sigi_hmm
NC_018286.1,819777,827622,7845,sigi_hmm
NC_018286.1,982959,1003179,20220,sigi_hmm
NC_018286.1,1280977,1300066,19089,sigi_hmm
NC_018286.1,2087406,2093284,5878,sigi_hmm
NC_018286.1,2095776,2108639,12863,sigi_hmm
NC_018286.1,2222705,2233930,11225,sigi_hmm
NC_018286.1,3320885,3327693,6808,sigi_hmm
NC_018286.1,3614492,3621506,7014,sigi_hmm
NC_017535.1,605738,612054,6316,sigi_hmm
NC_017535.1,933218,944357,11139,sigi_hmm
NC_017535.1,1391439,1408640,17201,sigi_hmm
NC_017535.1,1707835,1712038,4203,sigi_hmm
NC_017911.1,1589815,1595126,5311,sigi_hmm
NC_017911.1,1623151,1628310,5159,sigi_hmm
NC_017911.1,2203662,2207849,4187,sigi_hmm
NC_017911.1,2947721,2959321,11600,sigi_hmm
NC_017911.1,3788877,3793468,4591,sigi_hmm
NC_017986.1,422254,430003,7749,sigi_hmm
NC_017986.1,439431,444574,5143,sigi_hmm
NC_017986.1,742648,747014,4366,sigi_hmm
NC_017986.1,1163184,1174086,10902,sigi_hmm
NC_017986.1,1648423,1654662,6239,sigi_hmm
NC_017986.1,1675859,1680372,4513,sigi_hmm
NC_017986.1,1890245,1902909,12664,sigi_hmm
NC_017986.1,2556435,2564485,8050,sigi_hmm
NC_017986.1,2600046,2606570,6524,sigi_hmm
NC_017986.1,2700515,2708162,7647,sigi_hmm
NC_017986.1,2995865,3001546,5681,sigi_hmm
NC_017986.1,3192224,3200337,8113,sigi_hmm
NC_017986.1,3413690,3421999,8309,sigi_hmm
NC_017986.1,3422105,3430671,8566,sigi_hmm
NC_017986.1,3708608,3713581,4973,sigi_hmm
NC_017986.1,4098932,4103819,4887,sigi_hmm
NC_017986.1,4128554,4143257,14703,sigi_hmm
NC_017986.1,4382578,4390437,7859,sigi_hmm
NC_017986.1,4795737,4812225,16488,sigi_hmm
NC_017986.1,4816106,4833221,17115,sigi_hmm
NC_017986.1,4890521,4896755,6234,sigi_hmm
NC_017986.1,4903350,4907443,4093,sigi_hmm
NC_017986.1,4942329,4948503,6174,sigi_hmm
NC_017986.1,4956578,4963025,6447,sigi_hmm
NC_017986.1,5001867,5009088,7221,sigi_hmm
NC_017986.1,5425503,5432766,7263,sigi_hmm
NC_017986.1,5514873,5521629,6756,sigi_hmm
NC_017986.1,5805293,5814777,9484,sigi_hmm
NC_017986.1,5842752,5848717,5965,sigi_hmm
NC_018142.1,222520,229180,6660,sigi_hmm
NC_018142.1,290388,296898,6510,sigi_hmm
NC_018142.1,783012,788140,5128,sigi_hmm
NC_018142.1,1327166,1331810,4644,sigi_hmm
NC_018142.1,2396477,2410221,13744,sigi_hmm
NC_018142.1,2435299,2452018,16719,sigi_hmm
NC_018142.1,2526999,2531096,4097,sigi_hmm
NC_018142.1,2785306,2793375,8069,sigi_hmm
NC_018142.1,2870571,2877405,6834,sigi_hmm
NC_018142.1,2959318,2966674,7356,sigi_hmm
NC_018142.1,3056205,3063113,6908,sigi_hmm
NC_018142.1,3262179,3268805,6626,sigi_hmm
NC_018142.1,3272013,3276476,4463,sigi_hmm
NC_018080.1,1739441,1744397,4956,sigi_hmm
NC_018080.1,2497304,2502801,5497,sigi_hmm
NC_018080.1,3096712,3101358,4646,sigi_hmm
NC_018080.1,3129829,3134178,4349,sigi_hmm
NC_018080.1,3140387,3146287,5900,sigi_hmm
NC_018080.1,3457494,3461742,4248,sigi_hmm
NC_018080.1,5149552,5153865,4313,sigi_hmm
NC_018092.1,244501,248689,4188,sigi_hmm
NC_018092.1,473773,477954,4181,sigi_hmm
NC_018092.1,570510,576467,5957,sigi_hmm
NC_018177.1,15446,21608,6162,sigi_hmm
NC_018177.1,265854,270276,4422,sigi_hmm
NC_018177.1,484622,489536,4914,sigi_hmm
NC_018177.1,531407,537934,6527,sigi_hmm
NC_018177.1,960939,968413,7474,sigi_hmm
NC_018177.1,1529192,1533673,4481,sigi_hmm
NC_018177.1,1591536,1595958,4422,sigi_hmm
NC_018177.1,1615221,1620041,4820,sigi_hmm
NC_018177.1,1633490,1639628,6138,sigi_hmm
NC_018177.1,2253279,2260133,6854,sigi_hmm
NC_018177.1,2297849,2311245,13396,sigi_hmm
NC_018177.1,2362404,2366673,4269,sigi_hmm
NC_018177.1,2859977,2865184,5207,sigi_hmm
NC_018177.1,2936903,2941012,4109,sigi_hmm
NC_018177.1,3830015,3835847,5832,sigi_hmm
NC_017946.1,496133,501476,5343,sigi_hmm
NC_017946.1,503544,510975,7431,sigi_hmm
NC_017946.1,924890,929868,4978,sigi_hmm
NC_017946.1,1704110,1708392,4282,sigi_hmm
NC_018220.1,757291,763649,6358,sigi_hmm
NC_018220.1,891344,897248,5904,sigi_hmm
NC_018220.1,1504914,1513548,8634,sigi_hmm
NC_018220.1,1543775,1547969,4194,sigi_hmm
NC_018220.1,1556615,1561861,5246,sigi_hmm
NC_018220.1,1851717,1866930,15213,sigi_hmm
NC_018220.1,1979581,1985327,5746,sigi_hmm
NC_018220.1,2227142,2238432,11290,sigi_hmm
NC_018220.1,2640128,2650387,10259,sigi_hmm
NC_018220.1,2762082,2770856,8774,sigi_hmm
NC_018220.1,3048383,3056151,7768,sigi_hmm
NC_018220.1,3147359,3168999,21640,sigi_hmm
NC_018220.1,3170777,3204097,33320,sigi_hmm
NC_018220.1,3333943,3342413,8470,sigi_hmm
NC_018220.1,3486829,3508241,21412,sigi_hmm
NC_018220.1,3514991,3527195,12204,sigi_hmm
NC_018220.1,3540300,3548661,8361,sigi_hmm
NC_018220.1,3551139,3556086,4947,sigi_hmm
NC_018220.1,4564699,4570424,5725,sigi_hmm
NC_018220.1,4612164,4623505,11341,sigi_hmm
NC_018220.1,4945789,4983298,37509,sigi_hmm
NC_018220.1,5000493,5005910,5417,sigi_hmm
NC_018220.1,5135055,5141070,6015,sigi_hmm
NC_018220.1,5354787,5359590,4803,sigi_hmm
NC_018220.1,5485019,5494526,9507,sigi_hmm
NC_018220.1,6007459,6015912,8453,sigi_hmm
NC_018028.1,97733,106996,9263,sigi_hmm
NC_018028.1,493583,499246,5663,sigi_hmm
NC_018028.1,985830,993334,7504,sigi_hmm
NC_018028.1,1010741,1016115,5374,sigi_hmm
NC_018028.1,1399308,1413651,14343,sigi_hmm
NC_018028.1,1444122,1450419,6297,sigi_hmm
NC_018028.1,1483577,1487784,4207,sigi_hmm
NC_018028.1,1591641,1595812,4171,sigi_hmm
NC_018028.1,1727517,1732780,5263,sigi_hmm
NC_018028.1,1982453,1988888,6435,sigi_hmm
NC_018028.1,2740827,2746214,5387,sigi_hmm
NC_018028.1,2757559,2763103,5544,sigi_hmm
NC_018028.1,2770281,2776192,5911,sigi_hmm
NC_018028.1,3853671,3860081,6410,sigi_hmm
NC_018028.1,3900298,3909770,9472,sigi_hmm
NC_018028.1,4385478,4390437,4959,sigi_hmm
NC_018028.1,4628567,4633623,5056,sigi_hmm
NC_018028.1,4637645,4643251,5606,sigi_hmm
NC_018028.1,4655306,4664476,9170,sigi_hmm
NC_018028.1,4670307,4675766,5459,sigi_hmm
NC_018028.1,4679110,4688467,9357,sigi_hmm
NC_015677.1,5498,17252,11754,sigi_hmm
NC_015677.1,291924,300459,8535,sigi_hmm
NC_015677.1,474937,482641,7704,sigi_hmm
NC_015677.1,636087,655854,19767,sigi_hmm
NC_015677.1,657624,665825,8201,sigi_hmm
NC_015677.1,900992,914870,13878,sigi_hmm
NC_015677.1,1291978,1311491,19513,sigi_hmm
NC_015677.1,1315199,1320601,5402,sigi_hmm
NC_015677.1,1467296,1472017,4721,sigi_hmm
NC_015677.1,2272701,2277970,5269,sigi_hmm
NC_015677.1,2723296,2730841,7545,sigi_hmm
NC_015677.1,2939301,2958257,18956,sigi_hmm
NC_015677.1,3141451,3145505,4054,sigi_hmm
NC_015677.1,3161111,3167428,6317,sigi_hmm
NC_015677.1,3185045,3209559,24514,sigi_hmm
NC_015677.1,3215994,3223076,7082,sigi_hmm
NC_015677.1,3344734,3353761,9027,sigi_hmm
NC_015677.1,3435258,3439283,4025,sigi_hmm
NC_015677.1,3691484,3699202,7718,sigi_hmm
NC_015677.1,3789694,3799303,9609,sigi_hmm
NC_008321.1,983557,989365,5808,sigi_hmm
NC_008321.1,1532345,1538675,6330,sigi_hmm
NC_008321.1,1643414,1647706,4292,sigi_hmm
NC_008321.1,2002389,2006809,4420,sigi_hmm
NC_008321.1,2011355,2016952,5597,sigi_hmm
NC_008321.1,2655427,2659675,4248,sigi_hmm
NC_008321.1,2666953,2674397,7444,sigi_hmm
NC_008321.1,2676245,2681614,5369,sigi_hmm
NC_008321.1,3821825,3840126,18301,sigi_hmm
NC_008321.1,3840459,3845476,5017,sigi_hmm
NC_008322.1,961338,965351,4013,sigi_hmm
NC_008322.1,1174692,1188917,14225,sigi_hmm
NC_008322.1,1193790,1201628,7838,sigi_hmm
NC_008322.1,1604416,1616785,12369,sigi_hmm
NC_008322.1,1714777,1719069,4292,sigi_hmm
NC_008322.1,2086695,2091181,4486,sigi_hmm
NC_008322.1,2116059,2123874,7815,sigi_hmm
NC_008322.1,2723389,2727637,4248,sigi_hmm
NC_008322.1,3591211,3599347,8136,sigi_hmm
NC_008322.1,3763761,3769325,5564,sigi_hmm
NC_008322.1,4005859,4016588,10729,sigi_hmm
NC_008322.1,4616820,4622181,5361,sigi_hmm
NC_015152.1,286226,299494,13268,sigi_hmm
NC_015152.1,315780,320419,4639,sigi_hmm
NC_015152.1,395985,404865,8880,sigi_hmm
NC_015152.1,406212,413684,7472,sigi_hmm
NC_015152.1,419277,431117,11840,sigi_hmm
NC_015152.1,1609429,1618741,9312,sigi_hmm
NC_015152.1,2036181,2047064,10883,sigi_hmm
NC_015152.1,2559025,2570449,11424,sigi_hmm
NC_015152.1,2572540,2577118,4578,sigi_hmm
NC_015152.1,2584765,2597521,12756,sigi_hmm
NC_015152.1,2839913,2846908,6995,sigi_hmm
NC_015152.1,2894837,2900544,5707,sigi_hmm
NC_018000.1,282203,292405,10202,sigi_hmm
NC_018000.1,1822161,1833917,11756,sigi_hmm
NC_018000.1,1836369,1841663,5294,sigi_hmm
NC_018000.1,1856837,1862061,5224,sigi_hmm
NC_018000.1,1887339,1893422,6083,sigi_hmm
NC_018000.1,1940047,1957371,17324,sigi_hmm
NC_018000.1,2062577,2071742,9165,sigi_hmm
NC_018000.1,2174636,2178757,4121,sigi_hmm
NC_018000.1,2822866,2828988,6122,sigi_hmm
NC_018000.1,2969046,2979133,10087,sigi_hmm
NC_018000.1,3377052,3386015,8963,sigi_hmm
NC_018000.1,3813538,3818868,5330,sigi_hmm
NC_018000.1,4968928,4973199,4271,sigi_hmm
NC_017349.1,42020,49523,7503,sigi_hmm
NC_017340.1,1909340,1913600,4260,sigi_hmm
NC_017340.1,2077092,2081450,4358,sigi_hmm
NC_017340.1,2295117,2302945,7828,sigi_hmm
NC_017770.1,242713,249537,6824,sigi_hmm
NC_017770.1,257023,265690,8667,sigi_hmm
NC_017770.1,2558786,2565152,6366,sigi_hmm
NC_018065.1,319496,325830,6334,sigi_hmm
NC_018065.1,885702,890751,5049,sigi_hmm
NC_018065.1,901084,905173,4089,sigi_hmm
NC_018065.1,950913,956655,5742,sigi_hmm
NC_018065.1,1391852,1397935,6083,sigi_hmm
NC_018065.1,1436309,1441227,4918,sigi_hmm
NC_018065.1,2007062,2018904,11842,sigi_hmm
NC_018065.1,2344800,2353059,8259,sigi_hmm
NC_018065.1,2373079,2377999,4920,sigi_hmm
NC_018065.1,2382972,2389047,6075,sigi_hmm
NC_018646.1,274660,279258,4598,sigi_hmm
NC_018646.1,597774,605330,7556,sigi_hmm
NC_018646.1,631828,662698,30870,sigi_hmm
NC_018646.1,1899953,1904647,4694,sigi_hmm
NC_018073.1,49089,53477,4388,sigi_hmm
NC_018073.1,1632460,1637059,4599,sigi_hmm
NC_018073.1,1739838,1749965,10127,sigi_hmm
NC_018073.1,1823099,1835140,12041,sigi_hmm
NC_017333.1,1004057,1016147,12090,sigi_hmm
NC_017769.1,2918,11790,8872,sigi_hmm
NC_017769.1,14127,21646,7519,sigi_hmm
NC_017769.1,46465,58115,11650,sigi_hmm
NC_017769.1,171582,180207,8625,sigi_hmm
NC_017769.1,195300,201765,6465,sigi_hmm
NC_017769.1,234921,241185,6264,sigi_hmm
NC_017769.1,341720,357074,15354,sigi_hmm
NC_017769.1,597414,601998,4584,sigi_hmm
NC_017769.1,818214,828767,10553,sigi_hmm
NC_017769.1,1057716,1065036,7320,sigi_hmm
NC_017769.1,1066454,1073341,6887,sigi_hmm
NC_017769.1,1657606,1662223,4617,sigi_hmm
NC_017769.1,1694293,1702857,8564,sigi_hmm
NC_017769.1,1711116,1715844,4728,sigi_hmm
NC_017769.1,1794681,1803881,9200,sigi_hmm
NC_017769.1,1805747,1809778,4031,sigi_hmm
NC_017769.1,1829484,1838922,9438,sigi_hmm
NC_017769.1,2023006,2028392,5386,sigi_hmm
NC_018089.1,182908,189091,6183,sigi_hmm
NC_017593.1,111528,119676,8148,sigi_hmm
NC_017593.1,131433,140947,9514,sigi_hmm
NC_017593.1,143848,149309,5461,sigi_hmm
NC_017593.1,313740,320863,7123,sigi_hmm
NC_017593.1,452121,456440,4319,sigi_hmm
NC_017593.1,478477,482499,4022,sigi_hmm
NC_017593.1,501262,512891,11629,sigi_hmm
NC_017593.1,628157,632269,4112,sigi_hmm
NC_017593.1,797192,801242,4050,sigi_hmm
NC_017593.1,816591,822299,5708,sigi_hmm
NC_017593.1,882852,888794,5942,sigi_hmm
NC_017593.1,956020,968063,12043,sigi_hmm
NC_017593.1,1092356,1098082,5726,sigi_hmm
NC_017593.1,1171492,1184566,13074,sigi_hmm
NC_017593.1,1305489,1314447,8958,sigi_hmm
NC_017593.1,1609279,1614330,5051,sigi_hmm
NC_017593.1,1621663,1626874,5211,sigi_hmm
NC_017593.1,1633392,1637741,4349,sigi_hmm
NC_017593.1,1673953,1684800,10847,sigi_hmm
NC_017592.1,150055,159694,9639,sigi_hmm
NC_017592.1,177011,183008,5997,sigi_hmm
NC_017592.1,491646,497393,5747,sigi_hmm
NC_017592.1,519319,523942,4623,sigi_hmm
NC_017592.1,936866,947137,10271,sigi_hmm
NC_017592.1,951222,974770,23548,sigi_hmm
NC_017592.1,977028,982339,5311,sigi_hmm
NC_017592.1,1198829,1205903,7074,sigi_hmm
NC_017592.1,1279639,1288597,8958,sigi_hmm
NC_017592.1,1585866,1591340,5474,sigi_hmm
NC_017592.1,1624987,1633878,8891,sigi_hmm
NC_018594.1,78204,83671,5467,sigi_hmm
NC_018594.1,145465,161682,16217,sigi_hmm
NC_018594.1,417814,429721,11907,sigi_hmm
NC_018594.1,437006,441185,4179,sigi_hmm
NC_018594.1,855136,865649,10513,sigi_hmm
NC_018594.1,922454,927241,4787,sigi_hmm
NC_018594.1,1331544,1346108,14564,sigi_hmm
NC_018594.1,1354840,1363527,8687,sigi_hmm
NC_018594.1,1538001,1542659,4658,sigi_hmm
NC_018594.1,1550479,1556331,5852,sigi_hmm
NC_018594.1,1760638,1775332,14694,sigi_hmm
NC_018594.1,1889626,1898138,8512,sigi_hmm
NC_018594.1,1920384,1926735,6351,sigi_hmm
NC_018594.1,2044865,2050210,5345,sigi_hmm
NC_018594.1,2051939,2056380,4441,sigi_hmm
NC_018526.1,15967,24903,8936,sigi_hmm
NC_018526.1,190873,205083,14210,sigi_hmm
NC_018526.1,296256,301279,5023,sigi_hmm
NC_018526.1,437382,442894,5512,sigi_hmm
NC_018526.1,549954,558617,8663,sigi_hmm
NC_018526.1,573947,578415,4468,sigi_hmm
NC_018526.1,1115648,1123198,7550,sigi_hmm
NC_018526.1,1679764,1684178,4414,sigi_hmm
NC_018526.1,1899049,1905226,6177,sigi_hmm
NC_017927.1,104263,112939,8676,sigi_hmm
NC_017927.1,664912,669053,4141,sigi_hmm
NC_017927.1,728835,735017,6182,sigi_hmm
NC_017927.1,803417,811879,8462,sigi_hmm
NC_017927.1,814643,818877,4234,sigi_hmm
NC_017927.1,819786,825972,6186,sigi_hmm
NC_017927.1,932674,937819,5145,sigi_hmm
NC_017927.1,979890,987300,7410,sigi_hmm
NC_017927.1,1250900,1258580,7680,sigi_hmm
NC_017927.1,1731969,1745443,13474,sigi_hmm
NC_017927.1,1775102,1781872,6770,sigi_hmm
NC_017595.1,39740,45599,5859,sigi_hmm
NC_017595.1,335018,346492,11474,sigi_hmm
NC_017595.1,521914,529196,7282,sigi_hmm
NC_017595.1,529883,537159,7276,sigi_hmm
NC_017595.1,542889,547311,4422,sigi_hmm
NC_017595.1,930715,940128,9413,sigi_hmm
NC_017595.1,1344656,1352045,7389,sigi_hmm
NC_017595.1,1419404,1425975,6571,sigi_hmm
NC_017595.1,1880986,1885624,4638,sigi_hmm
NC_017595.1,2147638,2157656,10018,sigi_hmm
NC_017950.1,15940,26386,10446,sigi_hmm
NC_017950.1,43015,49805,6790,sigi_hmm
NC_017950.1,97909,111196,13287,sigi_hmm
NC_017950.1,501276,509003,7727,sigi_hmm
NC_017950.1,688596,696952,8356,sigi_hmm
NC_017950.1,1226928,1232873,5945,sigi_hmm
NC_017950.1,1328876,1338765,9889,sigi_hmm
NC_017950.1,1866011,1870058,4047,sigi_hmm
NC_017594.1,326272,332497,6225,sigi_hmm
NC_017594.1,1161601,1171746,10145,sigi_hmm
NC_017594.1,1463447,1471481,8034,sigi_hmm
NC_017594.1,1683952,1691216,7264,sigi_hmm
NC_017594.1,2002914,2015968,13054,sigi_hmm
NC_017594.1,2030750,2035338,4588,sigi_hmm
NC_017274.1,658357,665263,6906,sigi_hmm
NC_017274.1,1374275,1378679,4404,sigi_hmm
NC_017274.1,2377318,2381967,4649,sigi_hmm
NC_017274.1,2428191,2435679,7488,sigi_hmm
NC_018014.1,48803,54145,5342,sigi_hmm
NC_018014.1,1635374,1639633,4259,sigi_hmm
NC_018014.1,3726570,3735882,9312,sigi_hmm
NC_018014.1,3766463,3771129,4666,sigi_hmm
NC_018014.1,3777476,3781880,4404,sigi_hmm
NC_018014.1,3797339,3805432,8093,sigi_hmm
NC_018014.1,3824329,3832213,7884,sigi_hmm
NC_018014.1,3842754,3850549,7795,sigi_hmm
NC_018014.1,4812561,4817072,4511,sigi_hmm
NC_018014.1,5059693,5064644,4951,sigi_hmm
NC_018014.1,5088542,5094599,6057,sigi_hmm
NC_018015.1,281292,290907,9615,sigi_hmm
NC_018015.1,744390,750018,5628,sigi_hmm
NC_018015.1,767401,775908,8507,sigi_hmm
NC_018015.1,815739,822017,6278,sigi_hmm
NC_018015.1,923615,927963,4348,sigi_hmm
NC_018015.1,1045008,1054966,9958,sigi_hmm
NC_018015.1,1078522,1087193,8671,sigi_hmm
NC_015681.1,1427976,1432481,4505,sigi_hmm
NC_015681.1,1564457,1572117,7660,sigi_hmm
NC_015681.1,1659973,1665669,5696,sigi_hmm
NC_015681.1,1862313,1869090,6777,sigi_hmm
NC_017272.1,615003,619059,4056,sigi_hmm
NC_018012.1,126818,137496,10678,sigi_hmm
NC_018012.1,1335481,1341773,6292,sigi_hmm
NC_018012.1,1342308,1353618,11310,sigi_hmm
NC_018012.1,1847610,1851818,4208,sigi_hmm
NC_018012.1,3309596,3314680,5084,sigi_hmm
NC_018012.1,3481682,3486604,4922,sigi_hmm
NC_018012.1,3841635,3847435,5800,sigi_hmm
NC_018012.1,3854915,3861819,6904,sigi_hmm
NC_017956.1,702337,707645,5308,sigi_hmm
NC_017956.1,796462,815379,18917,sigi_hmm
NC_017956.1,1986707,1994075,7368,sigi_hmm
NC_017956.1,2416608,2431847,15239,sigi_hmm
NC_017956.1,2480783,2485356,4573,sigi_hmm
NC_017956.1,3243493,3247663,4170,sigi_hmm
NC_013457.1,5941,12176,6235,sigi_hmm
NC_013457.1,149356,155892,6536,sigi_hmm
NC_013457.1,477232,486517,9285,sigi_hmm
NC_013457.1,1335191,1339216,4025,sigi_hmm
NC_013457.1,1678852,1686830,7978,sigi_hmm
NC_013457.1,1710424,1719999,9575,sigi_hmm
NC_018020.1,10326,18190,7864,sigi_hmm
NC_018020.1,542032,546750,4718,sigi_hmm
NC_018020.1,560714,565796,5082,sigi_hmm
NC_018020.1,1357620,1361674,4054,sigi_hmm
NC_018020.1,1493670,1498692,5022,sigi_hmm
NC_018020.1,2056230,2062781,6551,sigi_hmm
NC_018020.1,3455166,3462647,7481,sigi_hmm
NC_018020.1,3468027,3476932,8905,sigi_hmm
NC_018020.1,3485517,3508295,22778,sigi_hmm
NC_018020.1,3522510,3587774,65264,sigi_hmm
NC_018020.1,3588339,3596288,7949,sigi_hmm
NC_018020.1,3602650,3619498,16848,sigi_hmm
NC_018020.1,3629471,3639266,9795,sigi_hmm
NC_018020.1,3641706,3670475,28769,sigi_hmm
NC_018020.1,3694878,3701138,6260,sigi_hmm
NC_018020.1,3733082,3744812,11730,sigi_hmm
NC_009381.1,231890,236078,4188,sigi_hmm
NC_009381.1,527830,532895,5065,sigi_hmm
NC_009381.1,534190,538928,4738,sigi_hmm
NC_009381.1,591561,599068,7507,sigi_hmm
NC_009381.1,607802,612795,4993,sigi_hmm
NC_009381.1,634928,645001,10073,sigi_hmm
NC_009381.1,782393,796050,13657,sigi_hmm
NC_009381.1,1159603,1165511,5908,sigi_hmm
NC_009381.1,1408249,1412956,4707,sigi_hmm
NC_009381.1,1417847,1421847,4000,sigi_hmm
NC_009381.1,2497645,2503305,5660,sigi_hmm
NC_009381.1,3101963,3117271,15308,sigi_hmm
NC_009381.1,3687481,3691956,4475,sigi_hmm
NC_009381.1,4175767,4179852,4085,sigi_hmm
NC_009381.1,4334661,4339270,4609,sigi_hmm
NC_018644.1,151764,155917,4153,sigi_hmm
NC_018644.1,157732,164931,7199,sigi_hmm
NC_018644.1,531190,540568,9378,sigi_hmm
NC_018644.1,575316,581361,6045,sigi_hmm
NC_020829.1,7146,11946,4800,sigi_hmm
NC_020829.1,23476,36050,12574,sigi_hmm
NC_020829.1,120759,134525,13766,sigi_hmm
NC_020829.1,641861,647044,5183,sigi_hmm
NC_020829.1,647882,652570,4688,sigi_hmm
NC_020829.1,947744,952583,4839,sigi_hmm
NC_020829.1,987730,992812,5082,sigi_hmm
NC_020829.1,1378148,1383100,4952,sigi_hmm
NC_020829.1,1384970,1396922,11952,sigi_hmm
NC_020829.1,1650865,1654985,4120,sigi_hmm
NC_020829.1,1842091,1849033,6942,sigi_hmm
NC_020829.1,1853837,1860449,6612,sigi_hmm
NC_020829.1,2108542,2121709,13167,sigi_hmm
NC_020829.1,2639095,2644079,4984,sigi_hmm
NC_020829.1,2645885,2653297,7412,sigi_hmm
NC_020829.1,2780728,2785323,4595,sigi_hmm
NC_020829.1,3047513,3051629,4116,sigi_hmm
NC_020829.1,3057475,3069565,12090,sigi_hmm
NC_020829.1,3325484,3338838,13354,sigi_hmm
NC_020829.1,3347505,3351835,4330,sigi_hmm
NC_020829.1,3515129,3520897,5768,sigi_hmm
NC_020829.1,3700363,3706569,6206,sigi_hmm
NC_020829.1,3854673,3860317,5644,sigi_hmm
NC_020829.1,4410783,4418445,7662,sigi_hmm
NC_020829.1,4437069,4444498,7429,sigi_hmm
NC_020829.1,4659673,4668720,9047,sigi_hmm
NC_020829.1,4918118,4924662,6544,sigi_hmm
NC_020829.1,5389126,5393712,4586,sigi_hmm
NC_012779.2,269590,274663,5073,sigi_hmm
NC_012779.2,315129,321487,6358,sigi_hmm
NC_012779.2,353102,365323,12221,sigi_hmm
NC_012779.2,367621,375070,7449,sigi_hmm
NC_012779.2,1293582,1301201,7619,sigi_hmm
NC_012779.2,1305501,1311853,6352,sigi_hmm
NC_012779.2,1456016,1464629,8613,sigi_hmm
NC_012779.2,1467602,1472205,4603,sigi_hmm
NC_012779.2,1479463,1488799,9336,sigi_hmm
NC_012779.2,1495223,1502009,6786,sigi_hmm
NC_012779.2,1503785,1515346,11561,sigi_hmm
NC_012779.2,1825074,1830227,5153,sigi_hmm
NC_012779.2,1948028,1953055,5027,sigi_hmm
NC_012779.2,1958125,1966086,7961,sigi_hmm
NC_012779.2,1977244,1985981,8737,sigi_hmm
NC_012779.2,2130332,2135294,4962,sigi_hmm
NC_012779.2,2199918,2206550,6632,sigi_hmm
NC_012779.2,2208421,2212536,4115,sigi_hmm
NC_012779.2,2287537,2296051,8514,sigi_hmm
NC_012779.2,2446334,2452872,6538,sigi_hmm
NC_012779.2,2593215,2600107,6892,sigi_hmm
NC_012779.2,2869235,2876531,7296,sigi_hmm
NC_012779.2,2933900,2938381,4481,sigi_hmm
NC_012779.2,2963362,2969819,6457,sigi_hmm
NC_012779.2,3215960,3221397,5437,sigi_hmm
NC_012779.2,3578597,3584760,6163,sigi_hmm
NC_020541.1,60019,64530,4511,sigi_hmm
NC_020541.1,247255,252953,5698,sigi_hmm
NC_020541.1,276248,282652,6404,sigi_hmm
NC_020541.1,475446,493250,17804,sigi_hmm
NC_020541.1,632216,643206,10990,sigi_hmm
NC_020541.1,1019719,1031208,11489,sigi_hmm
NC_020541.1,1427905,1433245,5340,sigi_hmm
NC_020541.1,1517297,1526482,9185,sigi_hmm
NC_020541.1,1774095,1782253,8158,sigi_hmm
NC_020541.1,1790528,1811870,21342,sigi_hmm
NC_020541.1,1831288,1837733,6445,sigi_hmm
NC_020541.1,1855150,1862069,6919,sigi_hmm
NC_020541.1,1882372,1890501,8129,sigi_hmm
NC_020541.1,1893632,1905622,11990,sigi_hmm
NC_020541.1,1912884,1926408,13524,sigi_hmm
NC_020541.1,2006854,2012880,6026,sigi_hmm
NC_020541.1,2013198,2023794,10596,sigi_hmm
NC_020541.1,2031206,2043407,12201,sigi_hmm
NC_020541.1,2044475,2059461,14986,sigi_hmm
NC_020541.1,2086820,2099142,12322,sigi_hmm
NC_020541.1,2100674,2105686,5012,sigi_hmm
NC_020541.1,2116035,2131513,15478,sigi_hmm
NC_020541.1,2138869,2150781,11912,sigi_hmm
NC_020541.1,2152263,2157323,5060,sigi_hmm
NC_020541.1,2169847,2176826,6979,sigi_hmm
NC_020541.1,2182305,2192652,10347,sigi_hmm
NC_020541.1,2195789,2213381,17592,sigi_hmm
NC_020541.1,2224919,2229591,4672,sigi_hmm
NC_020541.1,2229909,2235869,5960,sigi_hmm
NC_020541.1,2237253,2246554,9301,sigi_hmm
NC_020541.1,2247873,2253899,6026,sigi_hmm
NC_020541.1,2254217,2258889,4672,sigi_hmm
NC_020541.1,2270428,2281942,11514,sigi_hmm
NC_020541.1,2492970,2501964,8994,sigi_hmm
NC_020541.1,2557809,2566009,8200,sigi_hmm
NC_020541.1,2610335,2615147,4812,sigi_hmm
NC_020541.1,2701999,2707294,5295,sigi_hmm
NC_020541.1,2775362,2779801,4439,sigi_hmm
NC_020541.1,2783204,2790481,7277,sigi_hmm
NC_020541.1,2855540,2866059,10519,sigi_hmm
NC_020541.1,3160584,3181366,20782,sigi_hmm
NC_020541.1,3190301,3206919,16618,sigi_hmm
NC_020541.1,3322845,3333331,10486,sigi_hmm
NC_020541.1,3663534,3668522,4988,sigi_hmm
NC_020541.1,4043905,4059183,15278,sigi_hmm
NC_020541.1,4135453,4145144,9691,sigi_hmm
NC_020541.1,4148745,4160229,11484,sigi_hmm
NC_020541.1,4161960,4165971,4011,sigi_hmm
NC_020419.1,734225,740741,6516,sigi_hmm
NC_004347.2,796765,802071,5306,sigi_hmm
NC_004347.2,2052019,2057258,5239,sigi_hmm
NC_004347.2,2674603,2682469,7866,sigi_hmm
NC_004347.2,3205040,3209308,4268,sigi_hmm
NC_004347.2,3311221,3331135,19914,sigi_hmm
NC_004347.2,3441533,3458717,17184,sigi_hmm
NC_004347.2,3677476,3683699,6223,sigi_hmm
NC_004347.2,4018066,4022200,4134,sigi_hmm
NC_004347.2,4309611,4324673,15062,sigi_hmm
NC_004347.2,4459592,4463667,4075,sigi_hmm
NC_004347.2,4465826,4471868,6042,sigi_hmm
NC_017216.2,31829,40368,8539,sigi_hmm
NC_017216.2,42511,47809,5298,sigi_hmm
NC_017216.2,1096488,1104509,8021,sigi_hmm
NC_017216.2,1501240,1511403,10163,sigi_hmm
NC_017216.2,1639361,1644745,5384,sigi_hmm
NC_017216.2,1690218,1695631,5413,sigi_hmm
NC_017582.1,725225,730206,4981,sigi_hmm
NC_017582.1,772045,791569,19524,sigi_hmm
NC_017582.1,1106428,1111522,5094,sigi_hmm
NC_017582.1,1114007,1119096,5089,sigi_hmm
NC_017582.1,1951641,1962052,10411,sigi_hmm
NC_017582.1,2020703,2024759,4056,sigi_hmm
NC_018697.1,1371042,1375777,4735,sigi_hmm
NC_018722.1,151880,156760,4880,sigi_hmm
NC_018720.1,58514,66217,7703,sigi_hmm
NC_018720.1,175609,181561,5952,sigi_hmm
NC_018720.1,203360,208387,5027,sigi_hmm
NC_018720.1,220258,233380,13122,sigi_hmm
NC_018720.1,365321,369454,4133,sigi_hmm
NC_018720.1,422070,426817,4747,sigi_hmm
NC_018720.1,639817,644157,4340,sigi_hmm
NC_018720.1,1004176,1008874,4698,sigi_hmm
NC_018720.1,1018065,1028072,10007,sigi_hmm
NC_018720.1,1139641,1147039,7398,sigi_hmm
NC_018720.1,1348958,1357728,8770,sigi_hmm
NC_018720.1,1645738,1650322,4584,sigi_hmm
NC_018720.1,1804684,1814623,9939,sigi_hmm
NC_018720.1,2008589,2013426,4837,sigi_hmm
NC_018720.1,2078087,2086646,8559,sigi_hmm
NC_018720.1,2102975,2122368,19393,sigi_hmm
NC_018720.1,2146726,2163720,16994,sigi_hmm
NC_018408.1,349837,354805,4968,sigi_hmm
NC_018408.1,936905,943198,6293,sigi_hmm
NC_018936.1,357747,362755,5008,sigi_hmm
NC_018936.1,449640,457378,7738,sigi_hmm
NC_018936.1,1006948,1011392,4444,sigi_hmm
NC_018866.1,49094,61571,12477,sigi_hmm
NC_018866.1,73853,82767,8914,sigi_hmm
NC_018866.1,96521,108765,12244,sigi_hmm
NC_018866.1,1195507,1203638,8131,sigi_hmm
NC_018866.1,1206372,1210394,4022,sigi_hmm
NC_018866.1,1228144,1241542,13398,sigi_hmm
NC_018866.1,1243641,1250991,7350,sigi_hmm
NC_018866.1,1254643,1269368,14725,sigi_hmm
NC_018866.1,1280802,1288751,7949,sigi_hmm
NC_018866.1,1337548,1346149,8601,sigi_hmm
NC_018866.1,1374947,1382016,7069,sigi_hmm
NC_018866.1,1399678,1405320,5642,sigi_hmm
NC_018866.1,1406044,1411856,5812,sigi_hmm
NC_018866.1,1795951,1800793,4842,sigi_hmm
NC_018866.1,1982345,1987493,5148,sigi_hmm
NC_018866.1,2480575,2484932,4357,sigi_hmm
NC_018721.1,647577,651729,4152,sigi_hmm
NC_018721.1,2988844,2994504,5660,sigi_hmm
NC_018721.1,3309549,3313606,4057,sigi_hmm
NC_018721.1,4198133,4202280,4147,sigi_hmm
NC_018413.1,877313,883606,6293,sigi_hmm
NC_018412.1,344361,349329,4968,sigi_hmm
NC_018412.1,927067,933362,6295,sigi_hmm
NC_018630.1,33832,38187,4355,sigi_hmm
NC_018630.1,145249,154066,8817,sigi_hmm
NC_018630.1,168135,176852,8717,sigi_hmm
NC_018630.1,347077,353490,6413,sigi_hmm
NC_018630.1,485521,490074,4553,sigi_hmm
NC_018630.1,534211,542832,8621,sigi_hmm
NC_018630.1,824497,830880,6383,sigi_hmm
NC_018630.1,955694,962293,6599,sigi_hmm
NC_018630.1,1034447,1051246,16799,sigi_hmm
NC_018630.1,1055329,1069943,14614,sigi_hmm
NC_018630.1,1229195,1233350,4155,sigi_hmm
NC_018630.1,1308532,1320403,11871,sigi_hmm
NC_018630.1,1648787,1653631,4844,sigi_hmm
NC_018630.1,1668895,1674685,5790,sigi_hmm
NC_018608.1,982374,993926,11552,sigi_hmm
NC_018612.1,3126377,3132755,6378,sigi_hmm
NC_018268.1,82780,91573,8793,sigi_hmm
NC_018268.1,931185,936085,4900,sigi_hmm
NC_018268.1,1443560,1447750,4190,sigi_hmm
NC_018268.1,1731105,1739294,8189,sigi_hmm
NC_018268.1,1866981,1872874,5893,sigi_hmm
NC_018268.1,2160356,2165235,4879,sigi_hmm
NC_018268.1,2323520,2336655,13135,sigi_hmm
NC_018268.1,3387301,3393131,5830,sigi_hmm
NC_018268.1,3542674,3547811,5137,sigi_hmm
NC_018268.1,3564033,3571652,7619,sigi_hmm
NC_018268.1,3931569,3936482,4913,sigi_hmm
NC_018268.1,3952060,3967261,15201,sigi_hmm
NC_018525.1,450308,456521,6213,sigi_hmm
NC_018525.1,635606,642166,6560,sigi_hmm
NC_018525.1,838755,844224,5469,sigi_hmm
NC_018525.1,1399055,1404687,5632,sigi_hmm
NC_018525.1,1519027,1538913,19886,sigi_hmm
NC_018525.1,1582188,1587743,5555,sigi_hmm
NC_018525.1,1836047,1841762,5715,sigi_hmm
NC_018525.1,2098242,2103518,5276,sigi_hmm
NC_018525.1,2448544,2456091,7547,sigi_hmm
NC_018525.1,2461727,2465878,4151,sigi_hmm
NC_018525.1,2497785,2502499,4714,sigi_hmm
NC_018525.1,2723844,2729014,5170,sigi_hmm
NC_018525.1,3012755,3019284,6529,sigi_hmm
NC_018525.1,3054616,3060452,5836,sigi_hmm
NC_018525.1,3062527,3067313,4786,sigi_hmm
NC_018525.1,3071576,3076106,4530,sigi_hmm
NC_018525.1,3122651,3131342,8691,sigi_hmm
NC_018525.1,3399450,3404158,4708,sigi_hmm
NC_018525.1,3417891,3423111,5220,sigi_hmm
NC_018525.1,3632139,3636253,4114,sigi_hmm
NC_018525.1,4241741,4247519,5778,sigi_hmm
NC_018719.1,80600,85061,4461,sigi_hmm
NC_018719.1,227789,233313,5524,sigi_hmm
NC_018719.1,287163,293409,6246,sigi_hmm
NC_018719.1,440817,451907,11090,sigi_hmm
NC_018719.1,508984,514505,5521,sigi_hmm
NC_018719.1,708751,714499,5748,sigi_hmm
NC_018719.1,775914,780538,4624,sigi_hmm
NC_018719.1,909821,914726,4905,sigi_hmm
NC_018719.1,1671927,1676824,4897,sigi_hmm
NC_018719.1,2169525,2174686,5161,sigi_hmm
NC_018719.1,2176023,2182445,6422,sigi_hmm
NC_018719.1,2305800,2310070,4270,sigi_hmm
NC_018719.1,2448520,2454192,5672,sigi_hmm
NC_018719.1,2585690,2592470,6780,sigi_hmm
NC_019680.1,699373,703577,4204,sigi_hmm
NC_019680.1,737187,752507,15320,sigi_hmm
NC_019680.1,829786,836677,6891,sigi_hmm
NC_019680.1,1064976,1069019,4043,sigi_hmm
NC_019680.1,1112819,1119835,7016,sigi_hmm
NC_019680.1,1328570,1334961,6391,sigi_hmm
NC_019680.1,1336404,1340943,4539,sigi_hmm
NC_019680.1,1681114,1685187,4073,sigi_hmm
NC_019680.1,1943616,1949761,6145,sigi_hmm
NC_019680.1,2268094,2272614,4520,sigi_hmm
NC_019680.1,2667470,2672367,4897,sigi_hmm
NC_019680.1,2747494,2754780,7286,sigi_hmm
NC_019680.1,2841101,2845388,4287,sigi_hmm
NC_018747.1,63019,76322,13303,sigi_hmm
NC_018747.1,211919,217534,5615,sigi_hmm
NC_018747.1,662703,668046,5343,sigi_hmm
NC_018747.1,793358,799787,6429,sigi_hmm
NC_018747.1,811017,815810,4793,sigi_hmm
NC_018650.1,57117,61645,4528,sigi_hmm
NC_018650.1,65229,71651,6422,sigi_hmm
NC_018650.1,74162,81284,7122,sigi_hmm
NC_018650.1,82791,90501,7710,sigi_hmm
NC_018650.1,127161,133323,6162,sigi_hmm
NC_018650.1,284626,290434,5808,sigi_hmm
NC_018650.1,304993,311223,6230,sigi_hmm
NC_018650.1,339035,343190,4155,sigi_hmm
NC_018650.1,766085,771561,5476,sigi_hmm
NC_018650.1,888251,916825,28574,sigi_hmm
NC_018650.1,1063466,1081723,18257,sigi_hmm
NC_018650.1,1287377,1305964,18587,sigi_hmm
NC_018650.1,1558974,1573625,14651,sigi_hmm
NC_018650.1,1578180,1582386,4206,sigi_hmm
NC_018650.1,1586139,1591739,5600,sigi_hmm
NC_018650.1,1851086,1856134,5048,sigi_hmm
NC_018650.1,1931570,1941147,9577,sigi_hmm
NC_018650.1,1982937,1992345,9408,sigi_hmm
NC_018650.1,1995705,2003313,7608,sigi_hmm
NC_018650.1,2050247,2055677,5430,sigi_hmm
NC_018650.1,2137953,2142652,4699,sigi_hmm
NC_018650.1,2152892,2156932,4040,sigi_hmm
NC_018650.1,2520989,2526668,5679,sigi_hmm
NC_018650.1,2633988,2640956,6968,sigi_hmm
NC_018650.1,2643817,2649342,5525,sigi_hmm
NC_018650.1,3024137,3032264,8127,sigi_hmm
NC_018650.1,3186525,3205473,18948,sigi_hmm
NC_018650.1,3210190,3228379,18189,sigi_hmm
NC_018650.1,3303447,3308979,5532,sigi_hmm
NC_018650.1,4092992,4098993,6001,sigi_hmm
NC_018650.1,4119933,4125753,5820,sigi_hmm
NC_018650.1,4127183,4134021,6838,sigi_hmm
NC_018650.1,4187215,4193373,6158,sigi_hmm
NC_018650.1,4271960,4278488,6528,sigi_hmm
NC_018650.1,4486727,4491426,4699,sigi_hmm
NC_018650.1,4516928,4521146,4218,sigi_hmm
NC_018650.1,4538055,4543760,5705,sigi_hmm
NC_018650.1,4597628,4602202,4574,sigi_hmm
NC_018650.1,4714826,4721339,6513,sigi_hmm
NC_018405.1,111474,117690,6216,sigi_hmm
NC_018405.1,564541,589686,25145,sigi_hmm
NC_018405.1,601235,607535,6300,sigi_hmm
NC_018405.1,614510,619172,4662,sigi_hmm
NC_018405.1,1011992,1024299,12307,sigi_hmm
NC_018405.1,1210706,1218825,8119,sigi_hmm
NC_018405.1,1263509,1269958,6449,sigi_hmm
NC_018405.1,2215050,2229916,14866,sigi_hmm
NC_018405.1,2377659,2383925,6266,sigi_hmm
NC_018405.1,2467209,2472820,5611,sigi_hmm
NC_018405.1,2523844,2530569,6725,sigi_hmm
NC_018405.1,2549411,2559525,10114,sigi_hmm
NC_018405.1,3084655,3090649,5994,sigi_hmm
NC_018405.1,3091852,3100981,9129,sigi_hmm
NC_018405.1,3380420,3384927,4507,sigi_hmm
NC_018405.1,3648230,3653702,5472,sigi_hmm
NC_018609.1,1854,8690,6836,sigi_hmm
NC_018609.1,258128,262391,4263,sigi_hmm
NC_018609.1,292330,299411,7081,sigi_hmm
NC_018609.1,853758,857990,4232,sigi_hmm
NC_018609.1,1217200,1221899,4699,sigi_hmm
NC_018887.1,9181,14715,5534,sigi_hmm
NC_018887.1,65233,77644,12411,sigi_hmm
NC_018887.1,208343,216891,8548,sigi_hmm
NC_018887.1,664437,670358,5921,sigi_hmm
NC_018887.1,771419,776213,4794,sigi_hmm
NC_018887.1,807339,817893,10554,sigi_hmm
NC_018887.1,882093,890084,7991,sigi_hmm
NC_018609.1,1526894,1531267,4373,sigi_hmm
NC_018609.1,1535425,1539829,4404,sigi_hmm
NC_018609.1,1553035,1559581,6546,sigi_hmm
NC_018609.1,1637307,1641563,4256,sigi_hmm
NC_018609.1,2223642,2230215,6573,sigi_hmm
NC_018672.1,856144,860857,4713,sigi_hmm
NC_018672.1,885130,899241,14111,sigi_hmm
NC_018707.1,272139,279572,7433,sigi_hmm
NC_018707.1,809681,814092,4411,sigi_hmm
NC_018707.1,891798,896061,4263,sigi_hmm
NC_018707.1,1397342,1414542,17200,sigi_hmm
NC_019048.1,1672648,1679071,6423,sigi_hmm
NC_019048.1,1681701,1688275,6574,sigi_hmm
NC_018518.1,138631,147998,9367,sigi_hmm
NC_018518.1,881404,901242,19838,sigi_hmm
NC_018518.1,1033176,1037667,4491,sigi_hmm
NC_018518.1,1633901,1638577,4676,sigi_hmm
NC_018518.1,1641324,1655813,14489,sigi_hmm
NC_018518.1,2649508,2661790,12282,sigi_hmm
NC_018518.1,2773292,2783862,10570,sigi_hmm
NC_018518.1,3028984,3040325,11341,sigi_hmm
NC_018518.1,3687725,3695311,7586,sigi_hmm
NC_018518.1,3985492,3989886,4394,sigi_hmm
NC_018828.1,125276,140432,15156,sigi_hmm
NC_018828.1,499795,509118,9323,sigi_hmm
NC_018828.1,563483,580464,16981,sigi_hmm
NC_018828.1,599602,604078,4476,sigi_hmm
NC_018828.1,608363,613077,4714,sigi_hmm
NC_018828.1,997463,1004727,7264,sigi_hmm
NC_018828.1,1073305,1080844,7539,sigi_hmm
NC_018828.1,1256935,1261590,4655,sigi_hmm
NC_018828.1,1263288,1277773,14485,sigi_hmm
NC_018828.1,1499043,1503470,4427,sigi_hmm
NC_018828.1,1505565,1514015,8450,sigi_hmm
NC_018828.1,1744162,1748439,4277,sigi_hmm
NC_018828.1,2153928,2159334,5406,sigi_hmm
NC_018828.1,2265734,2270652,4918,sigi_hmm
NC_018828.1,2283872,2290488,6616,sigi_hmm
NC_018828.1,2397031,2402671,5640,sigi_hmm
NC_018828.1,2405862,2416328,10466,sigi_hmm
NC_018828.1,3066906,3072141,5235,sigi_hmm
NC_018828.1,3680794,3692954,12160,sigi_hmm
NC_019537.1,796334,802116,5782,sigi_hmm
NC_019567.1,234423,252791,18368,sigi_hmm
NC_019567.1,1092532,1101088,8556,sigi_hmm
NC_019567.1,1112887,1144548,31661,sigi_hmm
NC_019567.1,1147824,1154699,6875,sigi_hmm
NC_019567.1,1155909,1174714,18805,sigi_hmm
NC_019567.1,1250102,1254967,4865,sigi_hmm
NC_019567.1,1256627,1263757,7130,sigi_hmm
NC_019567.1,1519516,1535172,15656,sigi_hmm
NC_019567.1,1770130,1794929,24799,sigi_hmm
NC_019567.1,2744251,2751906,7655,sigi_hmm
NC_019567.1,2991667,2996171,4504,sigi_hmm
NC_019567.1,3419364,3423487,4123,sigi_hmm
NC_019567.1,3632334,3636861,4527,sigi_hmm
NC_019675.1,172068,179972,7904,sigi_hmm
NC_019675.1,257002,264774,7772,sigi_hmm
NC_019675.1,268150,279488,11338,sigi_hmm
NC_019675.1,301098,307919,6821,sigi_hmm
NC_019675.1,310498,321114,10616,sigi_hmm
NC_019675.1,709504,716043,6539,sigi_hmm
NC_019684.1,3854061,3866725,12664,sigi_hmm
NC_019684.1,3873348,3880391,7043,sigi_hmm
NC_019684.1,3881964,3888193,6229,sigi_hmm
NC_019675.1,803473,809607,6134,sigi_hmm
NC_019675.1,1124760,1129416,4656,sigi_hmm
NC_019675.1,1324432,1332896,8464,sigi_hmm
NC_019675.1,1398789,1405692,6903,sigi_hmm
NC_019675.1,1415278,1421049,5771,sigi_hmm
NC_019675.1,1513205,1520616,7411,sigi_hmm
NC_019675.1,1696873,1701139,4266,sigi_hmm
NC_019675.1,1706465,1712142,5677,sigi_hmm
NC_019675.1,1877671,1882558,4887,sigi_hmm
NC_019675.1,1974022,1978501,4479,sigi_hmm
NC_019675.1,1980602,1985926,5324,sigi_hmm
NC_019675.1,2055695,2062140,6445,sigi_hmm
NC_019675.1,2188706,2200339,11633,sigi_hmm
NC_019675.1,2297868,2303515,5647,sigi_hmm
NC_019675.1,2540305,2550267,9962,sigi_hmm
NC_019675.1,2745930,2750750,4820,sigi_hmm
NC_019675.1,2978351,2983870,5519,sigi_hmm
NC_019675.1,3138906,3146486,7580,sigi_hmm
NC_019675.1,3229583,3235928,6345,sigi_hmm
NC_019675.1,3248549,3254443,5894,sigi_hmm
NC_019675.1,3258539,3264450,5911,sigi_hmm
NC_019675.1,3269045,3273817,4772,sigi_hmm
NC_019675.1,3288285,3293565,5280,sigi_hmm
NC_018876.1,3717,8109,4392,sigi_hmm
NC_018876.1,133280,137943,4663,sigi_hmm
NC_018876.1,172481,196968,24487,sigi_hmm
